"Subject","trial_type","own.cod","true_class","true_FB","true_LR","lca.class","lca.tc","fb_tend","lr_tend","glm.class","glm.tc","bbm.class","bbm.tc"
"1","FB",0,"17",0.338,0.259,"3","1",0.25,0.5,"1","1","5","2"
"1","FB",0,"17",0.338,0.259,"3","1",0.25,0.5,"1","1","5","2"
"1","FB",0,"17",0.338,0.259,"3","1",0.25,0.5,"1","1","5","2"
"1","FB",0,"17",0.338,0.259,"3","1",0.25,0.5,"1","1","5","2"
"1","FB",0,"17",0.338,0.259,"3","1",0.25,0.5,"1","1","5","2"
"1","FB",0,"17",0.338,0.259,"3","1",0.25,0.5,"1","1","5","2"
"1","FB",1,"17",0.338,0.259,"3","1",0.25,0.5,"1","1","5","2"
"1","FB",1,"17",0.338,0.259,"3","1",0.25,0.5,"1","1","5","2"
"1","LR",0,"17",0.338,0.259,"3","1",0.25,0.5,"1","1","5","2"
"1","LR",0,"17",0.338,0.259,"3","1",0.25,0.5,"1","1","5","2"
"1","LR",0,"17",0.338,0.259,"3","1",0.25,0.5,"1","1","5","2"
"1","LR",0,"17",0.338,0.259,"3","1",0.25,0.5,"1","1","5","2"
"1","LR",1,"17",0.338,0.259,"3","1",0.25,0.5,"1","1","5","2"
"1","LR",1,"17",0.338,0.259,"3","1",0.25,0.5,"1","1","5","2"
"1","LR",1,"17",0.338,0.259,"3","1",0.25,0.5,"1","1","5","2"
"1","LR",1,"17",0.338,0.259,"3","1",0.25,0.5,"1","1","5","2"
"2","FB",0,"9",0.651,0.704,"2","2",0.625,0.75,"2","2","1","1"
"2","FB",0,"9",0.651,0.704,"2","2",0.625,0.75,"2","2","1","1"
"2","FB",0,"9",0.651,0.704,"2","2",0.625,0.75,"2","2","1","1"
"2","FB",1,"9",0.651,0.704,"2","2",0.625,0.75,"2","2","1","1"
"2","FB",1,"9",0.651,0.704,"2","2",0.625,0.75,"2","2","1","1"
"2","FB",1,"9",0.651,0.704,"2","2",0.625,0.75,"2","2","1","1"
"2","FB",1,"9",0.651,0.704,"2","2",0.625,0.75,"2","2","1","1"
"2","FB",1,"9",0.651,0.704,"2","2",0.625,0.75,"2","2","1","1"
"2","LR",0,"9",0.651,0.704,"2","2",0.625,0.75,"2","2","1","1"
"2","LR",0,"9",0.651,0.704,"2","2",0.625,0.75,"2","2","1","1"
"2","LR",1,"9",0.651,0.704,"2","2",0.625,0.75,"2","2","1","1"
"2","LR",1,"9",0.651,0.704,"2","2",0.625,0.75,"2","2","1","1"
"2","LR",1,"9",0.651,0.704,"2","2",0.625,0.75,"2","2","1","1"
"2","LR",1,"9",0.651,0.704,"2","2",0.625,0.75,"2","2","1","1"
"2","LR",1,"9",0.651,0.704,"2","2",0.625,0.75,"2","2","1","1"
"2","LR",1,"9",0.651,0.704,"2","2",0.625,0.75,"2","2","1","1"
"3","FB",0,"9",0.767,0.816,"5","2",0.75,0.875,"2","2","2","1"
"3","FB",0,"9",0.767,0.816,"5","2",0.75,0.875,"2","2","2","1"
"3","FB",1,"9",0.767,0.816,"5","2",0.75,0.875,"2","2","2","1"
"3","FB",1,"9",0.767,0.816,"5","2",0.75,0.875,"2","2","2","1"
"3","FB",1,"9",0.767,0.816,"5","2",0.75,0.875,"2","2","2","1"
"3","FB",1,"9",0.767,0.816,"5","2",0.75,0.875,"2","2","2","1"
"3","FB",1,"9",0.767,0.816,"5","2",0.75,0.875,"2","2","2","1"
"3","FB",1,"9",0.767,0.816,"5","2",0.75,0.875,"2","2","2","1"
"3","LR",0,"9",0.767,0.816,"5","2",0.75,0.875,"2","2","2","1"
"3","LR",1,"9",0.767,0.816,"5","2",0.75,0.875,"2","2","2","1"
"3","LR",1,"9",0.767,0.816,"5","2",0.75,0.875,"2","2","2","1"
"3","LR",1,"9",0.767,0.816,"5","2",0.75,0.875,"2","2","2","1"
"3","LR",1,"9",0.767,0.816,"5","2",0.75,0.875,"2","2","2","1"
"3","LR",1,"9",0.767,0.816,"5","2",0.75,0.875,"2","2","2","1"
"3","LR",1,"9",0.767,0.816,"5","2",0.75,0.875,"2","2","2","1"
"3","LR",1,"9",0.767,0.816,"5","2",0.75,0.875,"2","2","2","1"
"4","FB",0,"9",0.788,0.748,"2","2",0.625,0.75,"2","2","1","1"
"4","FB",0,"9",0.788,0.748,"2","2",0.625,0.75,"2","2","1","1"
"4","FB",0,"9",0.788,0.748,"2","2",0.625,0.75,"2","2","1","1"
"4","FB",1,"9",0.788,0.748,"2","2",0.625,0.75,"2","2","1","1"
"4","FB",1,"9",0.788,0.748,"2","2",0.625,0.75,"2","2","1","1"
"4","FB",1,"9",0.788,0.748,"2","2",0.625,0.75,"2","2","1","1"
"4","FB",1,"9",0.788,0.748,"2","2",0.625,0.75,"2","2","1","1"
"4","FB",1,"9",0.788,0.748,"2","2",0.625,0.75,"2","2","1","1"
"4","LR",0,"9",0.788,0.748,"2","2",0.625,0.75,"2","2","1","1"
"4","LR",0,"9",0.788,0.748,"2","2",0.625,0.75,"2","2","1","1"
"4","LR",1,"9",0.788,0.748,"2","2",0.625,0.75,"2","2","1","1"
"4","LR",1,"9",0.788,0.748,"2","2",0.625,0.75,"2","2","1","1"
"4","LR",1,"9",0.788,0.748,"2","2",0.625,0.75,"2","2","1","1"
"4","LR",1,"9",0.788,0.748,"2","2",0.625,0.75,"2","2","1","1"
"4","LR",1,"9",0.788,0.748,"2","2",0.625,0.75,"2","2","1","1"
"4","LR",1,"9",0.788,0.748,"2","2",0.625,0.75,"2","2","1","1"
"5","FB",0,"9",0.787,0.698,"5","2",0.75,0.5,"2","2","1","1"
"5","FB",0,"9",0.787,0.698,"5","2",0.75,0.5,"2","2","1","1"
"5","FB",1,"9",0.787,0.698,"5","2",0.75,0.5,"2","2","1","1"
"5","FB",1,"9",0.787,0.698,"5","2",0.75,0.5,"2","2","1","1"
"5","FB",1,"9",0.787,0.698,"5","2",0.75,0.5,"2","2","1","1"
"5","FB",1,"9",0.787,0.698,"5","2",0.75,0.5,"2","2","1","1"
"5","FB",1,"9",0.787,0.698,"5","2",0.75,0.5,"2","2","1","1"
"5","FB",1,"9",0.787,0.698,"5","2",0.75,0.5,"2","2","1","1"
"5","LR",0,"9",0.787,0.698,"5","2",0.75,0.5,"2","2","1","1"
"5","LR",0,"9",0.787,0.698,"5","2",0.75,0.5,"2","2","1","1"
"5","LR",0,"9",0.787,0.698,"5","2",0.75,0.5,"2","2","1","1"
"5","LR",0,"9",0.787,0.698,"5","2",0.75,0.5,"2","2","1","1"
"5","LR",1,"9",0.787,0.698,"5","2",0.75,0.5,"2","2","1","1"
"5","LR",1,"9",0.787,0.698,"5","2",0.75,0.5,"2","2","1","1"
"5","LR",1,"9",0.787,0.698,"5","2",0.75,0.5,"2","2","1","1"
"5","LR",1,"9",0.787,0.698,"5","2",0.75,0.5,"2","2","1","1"
"6","FB",0,"9",0.887,0.736,"5","2",0.75,0.875,"2","2","2","1"
"6","FB",0,"9",0.887,0.736,"5","2",0.75,0.875,"2","2","2","1"
"6","FB",1,"9",0.887,0.736,"5","2",0.75,0.875,"2","2","2","1"
"6","FB",1,"9",0.887,0.736,"5","2",0.75,0.875,"2","2","2","1"
"6","FB",1,"9",0.887,0.736,"5","2",0.75,0.875,"2","2","2","1"
"6","FB",1,"9",0.887,0.736,"5","2",0.75,0.875,"2","2","2","1"
"6","FB",1,"9",0.887,0.736,"5","2",0.75,0.875,"2","2","2","1"
"6","FB",1,"9",0.887,0.736,"5","2",0.75,0.875,"2","2","2","1"
"6","LR",0,"9",0.887,0.736,"5","2",0.75,0.875,"2","2","2","1"
"6","LR",1,"9",0.887,0.736,"5","2",0.75,0.875,"2","2","2","1"
"6","LR",1,"9",0.887,0.736,"5","2",0.75,0.875,"2","2","2","1"
"6","LR",1,"9",0.887,0.736,"5","2",0.75,0.875,"2","2","2","1"
"6","LR",1,"9",0.887,0.736,"5","2",0.75,0.875,"2","2","2","1"
"6","LR",1,"9",0.887,0.736,"5","2",0.75,0.875,"2","2","2","1"
"6","LR",1,"9",0.887,0.736,"5","2",0.75,0.875,"2","2","2","1"
"6","LR",1,"9",0.887,0.736,"5","2",0.75,0.875,"2","2","2","1"
"7","FB",0,"17",0.219,0.232,"1","1",0.125,0,"1","1","4","2"
"7","FB",0,"17",0.219,0.232,"1","1",0.125,0,"1","1","4","2"
"7","FB",0,"17",0.219,0.232,"1","1",0.125,0,"1","1","4","2"
"7","FB",0,"17",0.219,0.232,"1","1",0.125,0,"1","1","4","2"
"7","FB",0,"17",0.219,0.232,"1","1",0.125,0,"1","1","4","2"
"7","FB",0,"17",0.219,0.232,"1","1",0.125,0,"1","1","4","2"
"7","FB",0,"17",0.219,0.232,"1","1",0.125,0,"1","1","4","2"
"7","FB",1,"17",0.219,0.232,"1","1",0.125,0,"1","1","4","2"
"7","LR",0,"17",0.219,0.232,"1","1",0.125,0,"1","1","4","2"
"7","LR",0,"17",0.219,0.232,"1","1",0.125,0,"1","1","4","2"
"7","LR",0,"17",0.219,0.232,"1","1",0.125,0,"1","1","4","2"
"7","LR",0,"17",0.219,0.232,"1","1",0.125,0,"1","1","4","2"
"7","LR",0,"17",0.219,0.232,"1","1",0.125,0,"1","1","4","2"
"7","LR",0,"17",0.219,0.232,"1","1",0.125,0,"1","1","4","2"
"7","LR",0,"17",0.219,0.232,"1","1",0.125,0,"1","1","4","2"
"7","LR",0,"17",0.219,0.232,"1","1",0.125,0,"1","1","4","2"
"8","FB",0,"9",0.713,0.738,"2","2",0.375,0.625,"1","1","1","1"
"8","FB",0,"9",0.713,0.738,"2","2",0.375,0.625,"1","1","1","1"
"8","FB",0,"9",0.713,0.738,"2","2",0.375,0.625,"1","1","1","1"
"8","FB",0,"9",0.713,0.738,"2","2",0.375,0.625,"1","1","1","1"
"8","FB",0,"9",0.713,0.738,"2","2",0.375,0.625,"1","1","1","1"
"8","FB",1,"9",0.713,0.738,"2","2",0.375,0.625,"1","1","1","1"
"8","FB",1,"9",0.713,0.738,"2","2",0.375,0.625,"1","1","1","1"
"8","FB",1,"9",0.713,0.738,"2","2",0.375,0.625,"1","1","1","1"
"8","LR",0,"9",0.713,0.738,"2","2",0.375,0.625,"1","1","1","1"
"8","LR",0,"9",0.713,0.738,"2","2",0.375,0.625,"1","1","1","1"
"8","LR",0,"9",0.713,0.738,"2","2",0.375,0.625,"1","1","1","1"
"8","LR",1,"9",0.713,0.738,"2","2",0.375,0.625,"1","1","1","1"
"8","LR",1,"9",0.713,0.738,"2","2",0.375,0.625,"1","1","1","1"
"8","LR",1,"9",0.713,0.738,"2","2",0.375,0.625,"1","1","1","1"
"8","LR",1,"9",0.713,0.738,"2","2",0.375,0.625,"1","1","1","1"
"8","LR",1,"9",0.713,0.738,"2","2",0.375,0.625,"1","1","1","1"
"9","FB",0,"9",0.739,0.751,"2","2",0.625,0.875,"2","2","2","1"
"9","FB",0,"9",0.739,0.751,"2","2",0.625,0.875,"2","2","2","1"
"9","FB",0,"9",0.739,0.751,"2","2",0.625,0.875,"2","2","2","1"
"9","FB",1,"9",0.739,0.751,"2","2",0.625,0.875,"2","2","2","1"
"9","FB",1,"9",0.739,0.751,"2","2",0.625,0.875,"2","2","2","1"
"9","FB",1,"9",0.739,0.751,"2","2",0.625,0.875,"2","2","2","1"
"9","FB",1,"9",0.739,0.751,"2","2",0.625,0.875,"2","2","2","1"
"9","FB",1,"9",0.739,0.751,"2","2",0.625,0.875,"2","2","2","1"
"9","LR",0,"9",0.739,0.751,"2","2",0.625,0.875,"2","2","2","1"
"9","LR",1,"9",0.739,0.751,"2","2",0.625,0.875,"2","2","2","1"
"9","LR",1,"9",0.739,0.751,"2","2",0.625,0.875,"2","2","2","1"
"9","LR",1,"9",0.739,0.751,"2","2",0.625,0.875,"2","2","2","1"
"9","LR",1,"9",0.739,0.751,"2","2",0.625,0.875,"2","2","2","1"
"9","LR",1,"9",0.739,0.751,"2","2",0.625,0.875,"2","2","2","1"
"9","LR",1,"9",0.739,0.751,"2","2",0.625,0.875,"2","2","2","1"
"9","LR",1,"9",0.739,0.751,"2","2",0.625,0.875,"2","2","2","1"
"10","FB",0,"17",0.251,0.241,"3","1",0,0.25,"1","1","4","2"
"10","FB",0,"17",0.251,0.241,"3","1",0,0.25,"1","1","4","2"
"10","FB",0,"17",0.251,0.241,"3","1",0,0.25,"1","1","4","2"
"10","FB",0,"17",0.251,0.241,"3","1",0,0.25,"1","1","4","2"
"10","FB",0,"17",0.251,0.241,"3","1",0,0.25,"1","1","4","2"
"10","FB",0,"17",0.251,0.241,"3","1",0,0.25,"1","1","4","2"
"10","FB",0,"17",0.251,0.241,"3","1",0,0.25,"1","1","4","2"
"10","FB",0,"17",0.251,0.241,"3","1",0,0.25,"1","1","4","2"
"10","LR",0,"17",0.251,0.241,"3","1",0,0.25,"1","1","4","2"
"10","LR",0,"17",0.251,0.241,"3","1",0,0.25,"1","1","4","2"
"10","LR",0,"17",0.251,0.241,"3","1",0,0.25,"1","1","4","2"
"10","LR",0,"17",0.251,0.241,"3","1",0,0.25,"1","1","4","2"
"10","LR",0,"17",0.251,0.241,"3","1",0,0.25,"1","1","4","2"
"10","LR",0,"17",0.251,0.241,"3","1",0,0.25,"1","1","4","2"
"10","LR",1,"17",0.251,0.241,"3","1",0,0.25,"1","1","4","2"
"10","LR",1,"17",0.251,0.241,"3","1",0,0.25,"1","1","4","2"
"11","FB",0,"9",0.712,0.709,"5","2",0.875,0.75,"2","2","2","1"
"11","FB",1,"9",0.712,0.709,"5","2",0.875,0.75,"2","2","2","1"
"11","FB",1,"9",0.712,0.709,"5","2",0.875,0.75,"2","2","2","1"
"11","FB",1,"9",0.712,0.709,"5","2",0.875,0.75,"2","2","2","1"
"11","FB",1,"9",0.712,0.709,"5","2",0.875,0.75,"2","2","2","1"
"11","FB",1,"9",0.712,0.709,"5","2",0.875,0.75,"2","2","2","1"
"11","FB",1,"9",0.712,0.709,"5","2",0.875,0.75,"2","2","2","1"
"11","FB",1,"9",0.712,0.709,"5","2",0.875,0.75,"2","2","2","1"
"11","LR",0,"9",0.712,0.709,"5","2",0.875,0.75,"2","2","2","1"
"11","LR",0,"9",0.712,0.709,"5","2",0.875,0.75,"2","2","2","1"
"11","LR",1,"9",0.712,0.709,"5","2",0.875,0.75,"2","2","2","1"
"11","LR",1,"9",0.712,0.709,"5","2",0.875,0.75,"2","2","2","1"
"11","LR",1,"9",0.712,0.709,"5","2",0.875,0.75,"2","2","2","1"
"11","LR",1,"9",0.712,0.709,"5","2",0.875,0.75,"2","2","2","1"
"11","LR",1,"9",0.712,0.709,"5","2",0.875,0.75,"2","2","2","1"
"11","LR",1,"9",0.712,0.709,"5","2",0.875,0.75,"2","2","2","1"
"12","FB",0,"9",0.728,0.76,"5","2",0.875,0.625,"2","2","2","1"
"12","FB",1,"9",0.728,0.76,"5","2",0.875,0.625,"2","2","2","1"
"12","FB",1,"9",0.728,0.76,"5","2",0.875,0.625,"2","2","2","1"
"12","FB",1,"9",0.728,0.76,"5","2",0.875,0.625,"2","2","2","1"
"12","FB",1,"9",0.728,0.76,"5","2",0.875,0.625,"2","2","2","1"
"12","FB",1,"9",0.728,0.76,"5","2",0.875,0.625,"2","2","2","1"
"12","FB",1,"9",0.728,0.76,"5","2",0.875,0.625,"2","2","2","1"
"12","FB",1,"9",0.728,0.76,"5","2",0.875,0.625,"2","2","2","1"
"12","LR",0,"9",0.728,0.76,"5","2",0.875,0.625,"2","2","2","1"
"12","LR",0,"9",0.728,0.76,"5","2",0.875,0.625,"2","2","2","1"
"12","LR",0,"9",0.728,0.76,"5","2",0.875,0.625,"2","2","2","1"
"12","LR",1,"9",0.728,0.76,"5","2",0.875,0.625,"2","2","2","1"
"12","LR",1,"9",0.728,0.76,"5","2",0.875,0.625,"2","2","2","1"
"12","LR",1,"9",0.728,0.76,"5","2",0.875,0.625,"2","2","2","1"
"12","LR",1,"9",0.728,0.76,"5","2",0.875,0.625,"2","2","2","1"
"12","LR",1,"9",0.728,0.76,"5","2",0.875,0.625,"2","2","2","1"
"13","FB",0,"17",0.309,0.309,"3","1",0.25,0.375,"1","1","5","2"
"13","FB",0,"17",0.309,0.309,"3","1",0.25,0.375,"1","1","5","2"
"13","FB",0,"17",0.309,0.309,"3","1",0.25,0.375,"1","1","5","2"
"13","FB",0,"17",0.309,0.309,"3","1",0.25,0.375,"1","1","5","2"
"13","FB",0,"17",0.309,0.309,"3","1",0.25,0.375,"1","1","5","2"
"13","FB",0,"17",0.309,0.309,"3","1",0.25,0.375,"1","1","5","2"
"13","FB",1,"17",0.309,0.309,"3","1",0.25,0.375,"1","1","5","2"
"13","FB",1,"17",0.309,0.309,"3","1",0.25,0.375,"1","1","5","2"
"13","LR",0,"17",0.309,0.309,"3","1",0.25,0.375,"1","1","5","2"
"13","LR",0,"17",0.309,0.309,"3","1",0.25,0.375,"1","1","5","2"
"13","LR",0,"17",0.309,0.309,"3","1",0.25,0.375,"1","1","5","2"
"13","LR",0,"17",0.309,0.309,"3","1",0.25,0.375,"1","1","5","2"
"13","LR",0,"17",0.309,0.309,"3","1",0.25,0.375,"1","1","5","2"
"13","LR",1,"17",0.309,0.309,"3","1",0.25,0.375,"1","1","5","2"
"13","LR",1,"17",0.309,0.309,"3","1",0.25,0.375,"1","1","5","2"
"13","LR",1,"17",0.309,0.309,"3","1",0.25,0.375,"1","1","5","2"
"14","FB",0,"17",0.266,0.289,"3","1",0.25,0.375,"1","1","5","2"
"14","FB",0,"17",0.266,0.289,"3","1",0.25,0.375,"1","1","5","2"
"14","FB",0,"17",0.266,0.289,"3","1",0.25,0.375,"1","1","5","2"
"14","FB",0,"17",0.266,0.289,"3","1",0.25,0.375,"1","1","5","2"
"14","FB",0,"17",0.266,0.289,"3","1",0.25,0.375,"1","1","5","2"
"14","FB",0,"17",0.266,0.289,"3","1",0.25,0.375,"1","1","5","2"
"14","FB",1,"17",0.266,0.289,"3","1",0.25,0.375,"1","1","5","2"
"14","FB",1,"17",0.266,0.289,"3","1",0.25,0.375,"1","1","5","2"
"14","LR",0,"17",0.266,0.289,"3","1",0.25,0.375,"1","1","5","2"
"14","LR",0,"17",0.266,0.289,"3","1",0.25,0.375,"1","1","5","2"
"14","LR",0,"17",0.266,0.289,"3","1",0.25,0.375,"1","1","5","2"
"14","LR",0,"17",0.266,0.289,"3","1",0.25,0.375,"1","1","5","2"
"14","LR",0,"17",0.266,0.289,"3","1",0.25,0.375,"1","1","5","2"
"14","LR",1,"17",0.266,0.289,"3","1",0.25,0.375,"1","1","5","2"
"14","LR",1,"17",0.266,0.289,"3","1",0.25,0.375,"1","1","5","2"
"14","LR",1,"17",0.266,0.289,"3","1",0.25,0.375,"1","1","5","2"
"15","FB",0,"9",0.693,0.763,"5","2",0.75,1,"2","2","3","1"
"15","FB",0,"9",0.693,0.763,"5","2",0.75,1,"2","2","3","1"
"15","FB",1,"9",0.693,0.763,"5","2",0.75,1,"2","2","3","1"
"15","FB",1,"9",0.693,0.763,"5","2",0.75,1,"2","2","3","1"
"15","FB",1,"9",0.693,0.763,"5","2",0.75,1,"2","2","3","1"
"15","FB",1,"9",0.693,0.763,"5","2",0.75,1,"2","2","3","1"
"15","FB",1,"9",0.693,0.763,"5","2",0.75,1,"2","2","3","1"
"15","FB",1,"9",0.693,0.763,"5","2",0.75,1,"2","2","3","1"
"15","LR",1,"9",0.693,0.763,"5","2",0.75,1,"2","2","3","1"
"15","LR",1,"9",0.693,0.763,"5","2",0.75,1,"2","2","3","1"
"15","LR",1,"9",0.693,0.763,"5","2",0.75,1,"2","2","3","1"
"15","LR",1,"9",0.693,0.763,"5","2",0.75,1,"2","2","3","1"
"15","LR",1,"9",0.693,0.763,"5","2",0.75,1,"2","2","3","1"
"15","LR",1,"9",0.693,0.763,"5","2",0.75,1,"2","2","3","1"
"15","LR",1,"9",0.693,0.763,"5","2",0.75,1,"2","2","3","1"
"15","LR",1,"9",0.693,0.763,"5","2",0.75,1,"2","2","3","1"
"16","FB",0,"9",0.773,0.73,"5","2",0.875,0.375,"2","2","1","1"
"16","FB",1,"9",0.773,0.73,"5","2",0.875,0.375,"2","2","1","1"
"16","FB",1,"9",0.773,0.73,"5","2",0.875,0.375,"2","2","1","1"
"16","FB",1,"9",0.773,0.73,"5","2",0.875,0.375,"2","2","1","1"
"16","FB",1,"9",0.773,0.73,"5","2",0.875,0.375,"2","2","1","1"
"16","FB",1,"9",0.773,0.73,"5","2",0.875,0.375,"2","2","1","1"
"16","FB",1,"9",0.773,0.73,"5","2",0.875,0.375,"2","2","1","1"
"16","FB",1,"9",0.773,0.73,"5","2",0.875,0.375,"2","2","1","1"
"16","LR",0,"9",0.773,0.73,"5","2",0.875,0.375,"2","2","1","1"
"16","LR",0,"9",0.773,0.73,"5","2",0.875,0.375,"2","2","1","1"
"16","LR",0,"9",0.773,0.73,"5","2",0.875,0.375,"2","2","1","1"
"16","LR",0,"9",0.773,0.73,"5","2",0.875,0.375,"2","2","1","1"
"16","LR",0,"9",0.773,0.73,"5","2",0.875,0.375,"2","2","1","1"
"16","LR",1,"9",0.773,0.73,"5","2",0.875,0.375,"2","2","1","1"
"16","LR",1,"9",0.773,0.73,"5","2",0.875,0.375,"2","2","1","1"
"16","LR",1,"9",0.773,0.73,"5","2",0.875,0.375,"2","2","1","1"
"17","FB",0,"17",0.289,0.217,"4","1",0.375,0.125,"1","1","6","2"
"17","FB",0,"17",0.289,0.217,"4","1",0.375,0.125,"1","1","6","2"
"17","FB",0,"17",0.289,0.217,"4","1",0.375,0.125,"1","1","6","2"
"17","FB",0,"17",0.289,0.217,"4","1",0.375,0.125,"1","1","6","2"
"17","FB",0,"17",0.289,0.217,"4","1",0.375,0.125,"1","1","6","2"
"17","FB",1,"17",0.289,0.217,"4","1",0.375,0.125,"1","1","6","2"
"17","FB",1,"17",0.289,0.217,"4","1",0.375,0.125,"1","1","6","2"
"17","FB",1,"17",0.289,0.217,"4","1",0.375,0.125,"1","1","6","2"
"17","LR",0,"17",0.289,0.217,"4","1",0.375,0.125,"1","1","6","2"
"17","LR",0,"17",0.289,0.217,"4","1",0.375,0.125,"1","1","6","2"
"17","LR",0,"17",0.289,0.217,"4","1",0.375,0.125,"1","1","6","2"
"17","LR",0,"17",0.289,0.217,"4","1",0.375,0.125,"1","1","6","2"
"17","LR",0,"17",0.289,0.217,"4","1",0.375,0.125,"1","1","6","2"
"17","LR",0,"17",0.289,0.217,"4","1",0.375,0.125,"1","1","6","2"
"17","LR",0,"17",0.289,0.217,"4","1",0.375,0.125,"1","1","6","2"
"17","LR",1,"17",0.289,0.217,"4","1",0.375,0.125,"1","1","6","2"
"18","FB",0,"9",0.781,0.774,"5","2",0.75,0.75,"2","2","2","1"
"18","FB",0,"9",0.781,0.774,"5","2",0.75,0.75,"2","2","2","1"
"18","FB",1,"9",0.781,0.774,"5","2",0.75,0.75,"2","2","2","1"
"18","FB",1,"9",0.781,0.774,"5","2",0.75,0.75,"2","2","2","1"
"18","FB",1,"9",0.781,0.774,"5","2",0.75,0.75,"2","2","2","1"
"18","FB",1,"9",0.781,0.774,"5","2",0.75,0.75,"2","2","2","1"
"18","FB",1,"9",0.781,0.774,"5","2",0.75,0.75,"2","2","2","1"
"18","FB",1,"9",0.781,0.774,"5","2",0.75,0.75,"2","2","2","1"
"18","LR",0,"9",0.781,0.774,"5","2",0.75,0.75,"2","2","2","1"
"18","LR",0,"9",0.781,0.774,"5","2",0.75,0.75,"2","2","2","1"
"18","LR",1,"9",0.781,0.774,"5","2",0.75,0.75,"2","2","2","1"
"18","LR",1,"9",0.781,0.774,"5","2",0.75,0.75,"2","2","2","1"
"18","LR",1,"9",0.781,0.774,"5","2",0.75,0.75,"2","2","2","1"
"18","LR",1,"9",0.781,0.774,"5","2",0.75,0.75,"2","2","2","1"
"18","LR",1,"9",0.781,0.774,"5","2",0.75,0.75,"2","2","2","1"
"18","LR",1,"9",0.781,0.774,"5","2",0.75,0.75,"2","2","2","1"
"19","FB",0,"9",0.789,0.728,"5","2",0.875,0.75,"2","2","2","1"
"19","FB",1,"9",0.789,0.728,"5","2",0.875,0.75,"2","2","2","1"
"19","FB",1,"9",0.789,0.728,"5","2",0.875,0.75,"2","2","2","1"
"19","FB",1,"9",0.789,0.728,"5","2",0.875,0.75,"2","2","2","1"
"19","FB",1,"9",0.789,0.728,"5","2",0.875,0.75,"2","2","2","1"
"19","FB",1,"9",0.789,0.728,"5","2",0.875,0.75,"2","2","2","1"
"19","FB",1,"9",0.789,0.728,"5","2",0.875,0.75,"2","2","2","1"
"19","FB",1,"9",0.789,0.728,"5","2",0.875,0.75,"2","2","2","1"
"19","LR",0,"9",0.789,0.728,"5","2",0.875,0.75,"2","2","2","1"
"19","LR",0,"9",0.789,0.728,"5","2",0.875,0.75,"2","2","2","1"
"19","LR",1,"9",0.789,0.728,"5","2",0.875,0.75,"2","2","2","1"
"19","LR",1,"9",0.789,0.728,"5","2",0.875,0.75,"2","2","2","1"
"19","LR",1,"9",0.789,0.728,"5","2",0.875,0.75,"2","2","2","1"
"19","LR",1,"9",0.789,0.728,"5","2",0.875,0.75,"2","2","2","1"
"19","LR",1,"9",0.789,0.728,"5","2",0.875,0.75,"2","2","2","1"
"19","LR",1,"9",0.789,0.728,"5","2",0.875,0.75,"2","2","2","1"
"20","FB",1,"9",0.899,0.745,"5","2",1,0.875,"2","2","3","1"
"20","FB",1,"9",0.899,0.745,"5","2",1,0.875,"2","2","3","1"
"20","FB",1,"9",0.899,0.745,"5","2",1,0.875,"2","2","3","1"
"20","FB",1,"9",0.899,0.745,"5","2",1,0.875,"2","2","3","1"
"20","FB",1,"9",0.899,0.745,"5","2",1,0.875,"2","2","3","1"
"20","FB",1,"9",0.899,0.745,"5","2",1,0.875,"2","2","3","1"
"20","FB",1,"9",0.899,0.745,"5","2",1,0.875,"2","2","3","1"
"20","FB",1,"9",0.899,0.745,"5","2",1,0.875,"2","2","3","1"
"20","LR",0,"9",0.899,0.745,"5","2",1,0.875,"2","2","3","1"
"20","LR",1,"9",0.899,0.745,"5","2",1,0.875,"2","2","3","1"
"20","LR",1,"9",0.899,0.745,"5","2",1,0.875,"2","2","3","1"
"20","LR",1,"9",0.899,0.745,"5","2",1,0.875,"2","2","3","1"
"20","LR",1,"9",0.899,0.745,"5","2",1,0.875,"2","2","3","1"
"20","LR",1,"9",0.899,0.745,"5","2",1,0.875,"2","2","3","1"
"20","LR",1,"9",0.899,0.745,"5","2",1,0.875,"2","2","3","1"
"20","LR",1,"9",0.899,0.745,"5","2",1,0.875,"2","2","3","1"
"21","FB",0,"9",0.761,0.745,"5","2",0.75,0.875,"2","2","2","1"
"21","FB",0,"9",0.761,0.745,"5","2",0.75,0.875,"2","2","2","1"
"21","FB",1,"9",0.761,0.745,"5","2",0.75,0.875,"2","2","2","1"
"21","FB",1,"9",0.761,0.745,"5","2",0.75,0.875,"2","2","2","1"
"21","FB",1,"9",0.761,0.745,"5","2",0.75,0.875,"2","2","2","1"
"21","FB",1,"9",0.761,0.745,"5","2",0.75,0.875,"2","2","2","1"
"21","FB",1,"9",0.761,0.745,"5","2",0.75,0.875,"2","2","2","1"
"21","FB",1,"9",0.761,0.745,"5","2",0.75,0.875,"2","2","2","1"
"21","LR",0,"9",0.761,0.745,"5","2",0.75,0.875,"2","2","2","1"
"21","LR",1,"9",0.761,0.745,"5","2",0.75,0.875,"2","2","2","1"
"21","LR",1,"9",0.761,0.745,"5","2",0.75,0.875,"2","2","2","1"
"21","LR",1,"9",0.761,0.745,"5","2",0.75,0.875,"2","2","2","1"
"21","LR",1,"9",0.761,0.745,"5","2",0.75,0.875,"2","2","2","1"
"21","LR",1,"9",0.761,0.745,"5","2",0.75,0.875,"2","2","2","1"
"21","LR",1,"9",0.761,0.745,"5","2",0.75,0.875,"2","2","2","1"
"21","LR",1,"9",0.761,0.745,"5","2",0.75,0.875,"2","2","2","1"
"22","FB",0,"17",0.257,0.303,"4","1",0.375,0.375,"1","1","5","2"
"22","FB",0,"17",0.257,0.303,"4","1",0.375,0.375,"1","1","5","2"
"22","FB",0,"17",0.257,0.303,"4","1",0.375,0.375,"1","1","5","2"
"22","FB",0,"17",0.257,0.303,"4","1",0.375,0.375,"1","1","5","2"
"22","FB",0,"17",0.257,0.303,"4","1",0.375,0.375,"1","1","5","2"
"22","FB",1,"17",0.257,0.303,"4","1",0.375,0.375,"1","1","5","2"
"22","FB",1,"17",0.257,0.303,"4","1",0.375,0.375,"1","1","5","2"
"22","FB",1,"17",0.257,0.303,"4","1",0.375,0.375,"1","1","5","2"
"22","LR",0,"17",0.257,0.303,"4","1",0.375,0.375,"1","1","5","2"
"22","LR",0,"17",0.257,0.303,"4","1",0.375,0.375,"1","1","5","2"
"22","LR",0,"17",0.257,0.303,"4","1",0.375,0.375,"1","1","5","2"
"22","LR",0,"17",0.257,0.303,"4","1",0.375,0.375,"1","1","5","2"
"22","LR",0,"17",0.257,0.303,"4","1",0.375,0.375,"1","1","5","2"
"22","LR",1,"17",0.257,0.303,"4","1",0.375,0.375,"1","1","5","2"
"22","LR",1,"17",0.257,0.303,"4","1",0.375,0.375,"1","1","5","2"
"22","LR",1,"17",0.257,0.303,"4","1",0.375,0.375,"1","1","5","2"
"23","FB",0,"9",0.755,0.733,"2","2",0.5,0.875,"2","2","1","1"
"23","FB",0,"9",0.755,0.733,"2","2",0.5,0.875,"2","2","1","1"
"23","FB",0,"9",0.755,0.733,"2","2",0.5,0.875,"2","2","1","1"
"23","FB",0,"9",0.755,0.733,"2","2",0.5,0.875,"2","2","1","1"
"23","FB",1,"9",0.755,0.733,"2","2",0.5,0.875,"2","2","1","1"
"23","FB",1,"9",0.755,0.733,"2","2",0.5,0.875,"2","2","1","1"
"23","FB",1,"9",0.755,0.733,"2","2",0.5,0.875,"2","2","1","1"
"23","FB",1,"9",0.755,0.733,"2","2",0.5,0.875,"2","2","1","1"
"23","LR",0,"9",0.755,0.733,"2","2",0.5,0.875,"2","2","1","1"
"23","LR",1,"9",0.755,0.733,"2","2",0.5,0.875,"2","2","1","1"
"23","LR",1,"9",0.755,0.733,"2","2",0.5,0.875,"2","2","1","1"
"23","LR",1,"9",0.755,0.733,"2","2",0.5,0.875,"2","2","1","1"
"23","LR",1,"9",0.755,0.733,"2","2",0.5,0.875,"2","2","1","1"
"23","LR",1,"9",0.755,0.733,"2","2",0.5,0.875,"2","2","1","1"
"23","LR",1,"9",0.755,0.733,"2","2",0.5,0.875,"2","2","1","1"
"23","LR",1,"9",0.755,0.733,"2","2",0.5,0.875,"2","2","1","1"
"24","FB",0,"9",0.778,0.757,"2","2",0.625,0.875,"2","2","2","1"
"24","FB",0,"9",0.778,0.757,"2","2",0.625,0.875,"2","2","2","1"
"24","FB",0,"9",0.778,0.757,"2","2",0.625,0.875,"2","2","2","1"
"24","FB",1,"9",0.778,0.757,"2","2",0.625,0.875,"2","2","2","1"
"24","FB",1,"9",0.778,0.757,"2","2",0.625,0.875,"2","2","2","1"
"24","FB",1,"9",0.778,0.757,"2","2",0.625,0.875,"2","2","2","1"
"24","FB",1,"9",0.778,0.757,"2","2",0.625,0.875,"2","2","2","1"
"24","FB",1,"9",0.778,0.757,"2","2",0.625,0.875,"2","2","2","1"
"24","LR",0,"9",0.778,0.757,"2","2",0.625,0.875,"2","2","2","1"
"24","LR",1,"9",0.778,0.757,"2","2",0.625,0.875,"2","2","2","1"
"24","LR",1,"9",0.778,0.757,"2","2",0.625,0.875,"2","2","2","1"
"24","LR",1,"9",0.778,0.757,"2","2",0.625,0.875,"2","2","2","1"
"24","LR",1,"9",0.778,0.757,"2","2",0.625,0.875,"2","2","2","1"
"24","LR",1,"9",0.778,0.757,"2","2",0.625,0.875,"2","2","2","1"
"24","LR",1,"9",0.778,0.757,"2","2",0.625,0.875,"2","2","2","1"
"24","LR",1,"9",0.778,0.757,"2","2",0.625,0.875,"2","2","2","1"
"25","FB",0,"17",0.219,0.307,"1","1",0,0.125,"1","1","4","2"
"25","FB",0,"17",0.219,0.307,"1","1",0,0.125,"1","1","4","2"
"25","FB",0,"17",0.219,0.307,"1","1",0,0.125,"1","1","4","2"
"25","FB",0,"17",0.219,0.307,"1","1",0,0.125,"1","1","4","2"
"25","FB",0,"17",0.219,0.307,"1","1",0,0.125,"1","1","4","2"
"25","FB",0,"17",0.219,0.307,"1","1",0,0.125,"1","1","4","2"
"25","FB",0,"17",0.219,0.307,"1","1",0,0.125,"1","1","4","2"
"25","FB",0,"17",0.219,0.307,"1","1",0,0.125,"1","1","4","2"
"25","LR",0,"17",0.219,0.307,"1","1",0,0.125,"1","1","4","2"
"25","LR",0,"17",0.219,0.307,"1","1",0,0.125,"1","1","4","2"
"25","LR",0,"17",0.219,0.307,"1","1",0,0.125,"1","1","4","2"
"25","LR",0,"17",0.219,0.307,"1","1",0,0.125,"1","1","4","2"
"25","LR",0,"17",0.219,0.307,"1","1",0,0.125,"1","1","4","2"
"25","LR",0,"17",0.219,0.307,"1","1",0,0.125,"1","1","4","2"
"25","LR",0,"17",0.219,0.307,"1","1",0,0.125,"1","1","4","2"
"25","LR",1,"17",0.219,0.307,"1","1",0,0.125,"1","1","4","2"
"26","FB",0,"17",0.28,0.245,"4","1",0.5,0.375,"1","1","5","2"
"26","FB",0,"17",0.28,0.245,"4","1",0.5,0.375,"1","1","5","2"
"26","FB",0,"17",0.28,0.245,"4","1",0.5,0.375,"1","1","5","2"
"26","FB",0,"17",0.28,0.245,"4","1",0.5,0.375,"1","1","5","2"
"26","FB",1,"17",0.28,0.245,"4","1",0.5,0.375,"1","1","5","2"
"26","FB",1,"17",0.28,0.245,"4","1",0.5,0.375,"1","1","5","2"
"26","FB",1,"17",0.28,0.245,"4","1",0.5,0.375,"1","1","5","2"
"26","FB",1,"17",0.28,0.245,"4","1",0.5,0.375,"1","1","5","2"
"26","LR",0,"17",0.28,0.245,"4","1",0.5,0.375,"1","1","5","2"
"26","LR",0,"17",0.28,0.245,"4","1",0.5,0.375,"1","1","5","2"
"26","LR",0,"17",0.28,0.245,"4","1",0.5,0.375,"1","1","5","2"
"26","LR",0,"17",0.28,0.245,"4","1",0.5,0.375,"1","1","5","2"
"26","LR",0,"17",0.28,0.245,"4","1",0.5,0.375,"1","1","5","2"
"26","LR",1,"17",0.28,0.245,"4","1",0.5,0.375,"1","1","5","2"
"26","LR",1,"17",0.28,0.245,"4","1",0.5,0.375,"1","1","5","2"
"26","LR",1,"17",0.28,0.245,"4","1",0.5,0.375,"1","1","5","2"
"27","FB",0,"17",0.288,0.254,"1","1",0.125,0.125,"1","1","4","2"
"27","FB",0,"17",0.288,0.254,"1","1",0.125,0.125,"1","1","4","2"
"27","FB",0,"17",0.288,0.254,"1","1",0.125,0.125,"1","1","4","2"
"27","FB",0,"17",0.288,0.254,"1","1",0.125,0.125,"1","1","4","2"
"27","FB",0,"17",0.288,0.254,"1","1",0.125,0.125,"1","1","4","2"
"27","FB",0,"17",0.288,0.254,"1","1",0.125,0.125,"1","1","4","2"
"27","FB",0,"17",0.288,0.254,"1","1",0.125,0.125,"1","1","4","2"
"27","FB",1,"17",0.288,0.254,"1","1",0.125,0.125,"1","1","4","2"
"27","LR",0,"17",0.288,0.254,"1","1",0.125,0.125,"1","1","4","2"
"27","LR",0,"17",0.288,0.254,"1","1",0.125,0.125,"1","1","4","2"
"27","LR",0,"17",0.288,0.254,"1","1",0.125,0.125,"1","1","4","2"
"27","LR",0,"17",0.288,0.254,"1","1",0.125,0.125,"1","1","4","2"
"27","LR",0,"17",0.288,0.254,"1","1",0.125,0.125,"1","1","4","2"
"27","LR",0,"17",0.288,0.254,"1","1",0.125,0.125,"1","1","4","2"
"27","LR",0,"17",0.288,0.254,"1","1",0.125,0.125,"1","1","4","2"
"27","LR",1,"17",0.288,0.254,"1","1",0.125,0.125,"1","1","4","2"
"28","FB",0,"9",0.771,0.669,"5","2",0.875,0.625,"2","2","2","1"
"28","FB",1,"9",0.771,0.669,"5","2",0.875,0.625,"2","2","2","1"
"28","FB",1,"9",0.771,0.669,"5","2",0.875,0.625,"2","2","2","1"
"28","FB",1,"9",0.771,0.669,"5","2",0.875,0.625,"2","2","2","1"
"28","FB",1,"9",0.771,0.669,"5","2",0.875,0.625,"2","2","2","1"
"28","FB",1,"9",0.771,0.669,"5","2",0.875,0.625,"2","2","2","1"
"28","FB",1,"9",0.771,0.669,"5","2",0.875,0.625,"2","2","2","1"
"28","FB",1,"9",0.771,0.669,"5","2",0.875,0.625,"2","2","2","1"
"28","LR",0,"9",0.771,0.669,"5","2",0.875,0.625,"2","2","2","1"
"28","LR",0,"9",0.771,0.669,"5","2",0.875,0.625,"2","2","2","1"
"28","LR",0,"9",0.771,0.669,"5","2",0.875,0.625,"2","2","2","1"
"28","LR",1,"9",0.771,0.669,"5","2",0.875,0.625,"2","2","2","1"
"28","LR",1,"9",0.771,0.669,"5","2",0.875,0.625,"2","2","2","1"
"28","LR",1,"9",0.771,0.669,"5","2",0.875,0.625,"2","2","2","1"
"28","LR",1,"9",0.771,0.669,"5","2",0.875,0.625,"2","2","2","1"
"28","LR",1,"9",0.771,0.669,"5","2",0.875,0.625,"2","2","2","1"
"29","FB",0,"17",0.186,0.243,"4","1",0.375,0.125,"1","1","6","2"
"29","FB",0,"17",0.186,0.243,"4","1",0.375,0.125,"1","1","6","2"
"29","FB",0,"17",0.186,0.243,"4","1",0.375,0.125,"1","1","6","2"
"29","FB",0,"17",0.186,0.243,"4","1",0.375,0.125,"1","1","6","2"
"29","FB",0,"17",0.186,0.243,"4","1",0.375,0.125,"1","1","6","2"
"29","FB",1,"17",0.186,0.243,"4","1",0.375,0.125,"1","1","6","2"
"29","FB",1,"17",0.186,0.243,"4","1",0.375,0.125,"1","1","6","2"
"29","FB",1,"17",0.186,0.243,"4","1",0.375,0.125,"1","1","6","2"
"29","LR",0,"17",0.186,0.243,"4","1",0.375,0.125,"1","1","6","2"
"29","LR",0,"17",0.186,0.243,"4","1",0.375,0.125,"1","1","6","2"
"29","LR",0,"17",0.186,0.243,"4","1",0.375,0.125,"1","1","6","2"
"29","LR",0,"17",0.186,0.243,"4","1",0.375,0.125,"1","1","6","2"
"29","LR",0,"17",0.186,0.243,"4","1",0.375,0.125,"1","1","6","2"
"29","LR",0,"17",0.186,0.243,"4","1",0.375,0.125,"1","1","6","2"
"29","LR",0,"17",0.186,0.243,"4","1",0.375,0.125,"1","1","6","2"
"29","LR",1,"17",0.186,0.243,"4","1",0.375,0.125,"1","1","6","2"
"30","FB",0,"9",0.639,0.767,"2","2",0.5,0.625,"2","2","1","1"
"30","FB",0,"9",0.639,0.767,"2","2",0.5,0.625,"2","2","1","1"
"30","FB",0,"9",0.639,0.767,"2","2",0.5,0.625,"2","2","1","1"
"30","FB",0,"9",0.639,0.767,"2","2",0.5,0.625,"2","2","1","1"
"30","FB",1,"9",0.639,0.767,"2","2",0.5,0.625,"2","2","1","1"
"30","FB",1,"9",0.639,0.767,"2","2",0.5,0.625,"2","2","1","1"
"30","FB",1,"9",0.639,0.767,"2","2",0.5,0.625,"2","2","1","1"
"30","FB",1,"9",0.639,0.767,"2","2",0.5,0.625,"2","2","1","1"
"30","LR",0,"9",0.639,0.767,"2","2",0.5,0.625,"2","2","1","1"
"30","LR",0,"9",0.639,0.767,"2","2",0.5,0.625,"2","2","1","1"
"30","LR",0,"9",0.639,0.767,"2","2",0.5,0.625,"2","2","1","1"
"30","LR",1,"9",0.639,0.767,"2","2",0.5,0.625,"2","2","1","1"
"30","LR",1,"9",0.639,0.767,"2","2",0.5,0.625,"2","2","1","1"
"30","LR",1,"9",0.639,0.767,"2","2",0.5,0.625,"2","2","1","1"
"30","LR",1,"9",0.639,0.767,"2","2",0.5,0.625,"2","2","1","1"
"30","LR",1,"9",0.639,0.767,"2","2",0.5,0.625,"2","2","1","1"
"31","FB",0,"17",0.22,0.275,"3","1",0.25,0.25,"1","1","6","2"
"31","FB",0,"17",0.22,0.275,"3","1",0.25,0.25,"1","1","6","2"
"31","FB",0,"17",0.22,0.275,"3","1",0.25,0.25,"1","1","6","2"
"31","FB",0,"17",0.22,0.275,"3","1",0.25,0.25,"1","1","6","2"
"31","FB",0,"17",0.22,0.275,"3","1",0.25,0.25,"1","1","6","2"
"31","FB",0,"17",0.22,0.275,"3","1",0.25,0.25,"1","1","6","2"
"31","FB",1,"17",0.22,0.275,"3","1",0.25,0.25,"1","1","6","2"
"31","FB",1,"17",0.22,0.275,"3","1",0.25,0.25,"1","1","6","2"
"31","LR",0,"17",0.22,0.275,"3","1",0.25,0.25,"1","1","6","2"
"31","LR",0,"17",0.22,0.275,"3","1",0.25,0.25,"1","1","6","2"
"31","LR",0,"17",0.22,0.275,"3","1",0.25,0.25,"1","1","6","2"
"31","LR",0,"17",0.22,0.275,"3","1",0.25,0.25,"1","1","6","2"
"31","LR",0,"17",0.22,0.275,"3","1",0.25,0.25,"1","1","6","2"
"31","LR",0,"17",0.22,0.275,"3","1",0.25,0.25,"1","1","6","2"
"31","LR",1,"17",0.22,0.275,"3","1",0.25,0.25,"1","1","6","2"
"31","LR",1,"17",0.22,0.275,"3","1",0.25,0.25,"1","1","6","2"
"32","FB",0,"17",0.211,0.203,"4","1",0.375,0.25,"1","1","5","2"
"32","FB",0,"17",0.211,0.203,"4","1",0.375,0.25,"1","1","5","2"
"32","FB",0,"17",0.211,0.203,"4","1",0.375,0.25,"1","1","5","2"
"32","FB",0,"17",0.211,0.203,"4","1",0.375,0.25,"1","1","5","2"
"32","FB",0,"17",0.211,0.203,"4","1",0.375,0.25,"1","1","5","2"
"32","FB",1,"17",0.211,0.203,"4","1",0.375,0.25,"1","1","5","2"
"32","FB",1,"17",0.211,0.203,"4","1",0.375,0.25,"1","1","5","2"
"32","FB",1,"17",0.211,0.203,"4","1",0.375,0.25,"1","1","5","2"
"32","LR",0,"17",0.211,0.203,"4","1",0.375,0.25,"1","1","5","2"
"32","LR",0,"17",0.211,0.203,"4","1",0.375,0.25,"1","1","5","2"
"32","LR",0,"17",0.211,0.203,"4","1",0.375,0.25,"1","1","5","2"
"32","LR",0,"17",0.211,0.203,"4","1",0.375,0.25,"1","1","5","2"
"32","LR",0,"17",0.211,0.203,"4","1",0.375,0.25,"1","1","5","2"
"32","LR",0,"17",0.211,0.203,"4","1",0.375,0.25,"1","1","5","2"
"32","LR",1,"17",0.211,0.203,"4","1",0.375,0.25,"1","1","5","2"
"32","LR",1,"17",0.211,0.203,"4","1",0.375,0.25,"1","1","5","2"
"33","FB",0,"9",0.698,0.921,"2","2",0.625,0.875,"2","2","2","1"
"33","FB",0,"9",0.698,0.921,"2","2",0.625,0.875,"2","2","2","1"
"33","FB",0,"9",0.698,0.921,"2","2",0.625,0.875,"2","2","2","1"
"33","FB",1,"9",0.698,0.921,"2","2",0.625,0.875,"2","2","2","1"
"33","FB",1,"9",0.698,0.921,"2","2",0.625,0.875,"2","2","2","1"
"33","FB",1,"9",0.698,0.921,"2","2",0.625,0.875,"2","2","2","1"
"33","FB",1,"9",0.698,0.921,"2","2",0.625,0.875,"2","2","2","1"
"33","FB",1,"9",0.698,0.921,"2","2",0.625,0.875,"2","2","2","1"
"33","LR",0,"9",0.698,0.921,"2","2",0.625,0.875,"2","2","2","1"
"33","LR",1,"9",0.698,0.921,"2","2",0.625,0.875,"2","2","2","1"
"33","LR",1,"9",0.698,0.921,"2","2",0.625,0.875,"2","2","2","1"
"33","LR",1,"9",0.698,0.921,"2","2",0.625,0.875,"2","2","2","1"
"33","LR",1,"9",0.698,0.921,"2","2",0.625,0.875,"2","2","2","1"
"33","LR",1,"9",0.698,0.921,"2","2",0.625,0.875,"2","2","2","1"
"33","LR",1,"9",0.698,0.921,"2","2",0.625,0.875,"2","2","2","1"
"33","LR",1,"9",0.698,0.921,"2","2",0.625,0.875,"2","2","2","1"
"34","FB",0,"17",0.211,0.243,"4","1",0.375,0.375,"1","1","5","2"
"34","FB",0,"17",0.211,0.243,"4","1",0.375,0.375,"1","1","5","2"
"34","FB",0,"17",0.211,0.243,"4","1",0.375,0.375,"1","1","5","2"
"34","FB",0,"17",0.211,0.243,"4","1",0.375,0.375,"1","1","5","2"
"34","FB",0,"17",0.211,0.243,"4","1",0.375,0.375,"1","1","5","2"
"34","FB",1,"17",0.211,0.243,"4","1",0.375,0.375,"1","1","5","2"
"34","FB",1,"17",0.211,0.243,"4","1",0.375,0.375,"1","1","5","2"
"34","FB",1,"17",0.211,0.243,"4","1",0.375,0.375,"1","1","5","2"
"34","LR",0,"17",0.211,0.243,"4","1",0.375,0.375,"1","1","5","2"
"34","LR",0,"17",0.211,0.243,"4","1",0.375,0.375,"1","1","5","2"
"34","LR",0,"17",0.211,0.243,"4","1",0.375,0.375,"1","1","5","2"
"34","LR",0,"17",0.211,0.243,"4","1",0.375,0.375,"1","1","5","2"
"34","LR",0,"17",0.211,0.243,"4","1",0.375,0.375,"1","1","5","2"
"34","LR",1,"17",0.211,0.243,"4","1",0.375,0.375,"1","1","5","2"
"34","LR",1,"17",0.211,0.243,"4","1",0.375,0.375,"1","1","5","2"
"34","LR",1,"17",0.211,0.243,"4","1",0.375,0.375,"1","1","5","2"
"35","FB",1,"9",0.743,0.764,"5","2",1,0.5,"2","2","2","1"
"35","FB",1,"9",0.743,0.764,"5","2",1,0.5,"2","2","2","1"
"35","FB",1,"9",0.743,0.764,"5","2",1,0.5,"2","2","2","1"
"35","FB",1,"9",0.743,0.764,"5","2",1,0.5,"2","2","2","1"
"35","FB",1,"9",0.743,0.764,"5","2",1,0.5,"2","2","2","1"
"35","FB",1,"9",0.743,0.764,"5","2",1,0.5,"2","2","2","1"
"35","FB",1,"9",0.743,0.764,"5","2",1,0.5,"2","2","2","1"
"35","FB",1,"9",0.743,0.764,"5","2",1,0.5,"2","2","2","1"
"35","LR",0,"9",0.743,0.764,"5","2",1,0.5,"2","2","2","1"
"35","LR",0,"9",0.743,0.764,"5","2",1,0.5,"2","2","2","1"
"35","LR",0,"9",0.743,0.764,"5","2",1,0.5,"2","2","2","1"
"35","LR",0,"9",0.743,0.764,"5","2",1,0.5,"2","2","2","1"
"35","LR",1,"9",0.743,0.764,"5","2",1,0.5,"2","2","2","1"
"35","LR",1,"9",0.743,0.764,"5","2",1,0.5,"2","2","2","1"
"35","LR",1,"9",0.743,0.764,"5","2",1,0.5,"2","2","2","1"
"35","LR",1,"9",0.743,0.764,"5","2",1,0.5,"2","2","2","1"
"36","FB",0,"17",0.268,0.302,"3","1",0,0.375,"1","1","6","2"
"36","FB",0,"17",0.268,0.302,"3","1",0,0.375,"1","1","6","2"
"36","FB",0,"17",0.268,0.302,"3","1",0,0.375,"1","1","6","2"
"36","FB",0,"17",0.268,0.302,"3","1",0,0.375,"1","1","6","2"
"36","FB",0,"17",0.268,0.302,"3","1",0,0.375,"1","1","6","2"
"36","FB",0,"17",0.268,0.302,"3","1",0,0.375,"1","1","6","2"
"36","FB",0,"17",0.268,0.302,"3","1",0,0.375,"1","1","6","2"
"36","FB",0,"17",0.268,0.302,"3","1",0,0.375,"1","1","6","2"
"36","LR",0,"17",0.268,0.302,"3","1",0,0.375,"1","1","6","2"
"36","LR",0,"17",0.268,0.302,"3","1",0,0.375,"1","1","6","2"
"36","LR",0,"17",0.268,0.302,"3","1",0,0.375,"1","1","6","2"
"36","LR",0,"17",0.268,0.302,"3","1",0,0.375,"1","1","6","2"
"36","LR",0,"17",0.268,0.302,"3","1",0,0.375,"1","1","6","2"
"36","LR",1,"17",0.268,0.302,"3","1",0,0.375,"1","1","6","2"
"36","LR",1,"17",0.268,0.302,"3","1",0,0.375,"1","1","6","2"
"36","LR",1,"17",0.268,0.302,"3","1",0,0.375,"1","1","6","2"
"37","FB",0,"17",0.245,0.24,"1","1",0.25,0,"1","1","4","2"
"37","FB",0,"17",0.245,0.24,"1","1",0.25,0,"1","1","4","2"
"37","FB",0,"17",0.245,0.24,"1","1",0.25,0,"1","1","4","2"
"37","FB",0,"17",0.245,0.24,"1","1",0.25,0,"1","1","4","2"
"37","FB",0,"17",0.245,0.24,"1","1",0.25,0,"1","1","4","2"
"37","FB",0,"17",0.245,0.24,"1","1",0.25,0,"1","1","4","2"
"37","FB",1,"17",0.245,0.24,"1","1",0.25,0,"1","1","4","2"
"37","FB",1,"17",0.245,0.24,"1","1",0.25,0,"1","1","4","2"
"37","LR",0,"17",0.245,0.24,"1","1",0.25,0,"1","1","4","2"
"37","LR",0,"17",0.245,0.24,"1","1",0.25,0,"1","1","4","2"
"37","LR",0,"17",0.245,0.24,"1","1",0.25,0,"1","1","4","2"
"37","LR",0,"17",0.245,0.24,"1","1",0.25,0,"1","1","4","2"
"37","LR",0,"17",0.245,0.24,"1","1",0.25,0,"1","1","4","2"
"37","LR",0,"17",0.245,0.24,"1","1",0.25,0,"1","1","4","2"
"37","LR",0,"17",0.245,0.24,"1","1",0.25,0,"1","1","4","2"
"37","LR",0,"17",0.245,0.24,"1","1",0.25,0,"1","1","4","2"
"38","FB",0,"17",0.274,0.174,"3","1",0.25,0.375,"1","1","5","2"
"38","FB",0,"17",0.274,0.174,"3","1",0.25,0.375,"1","1","5","2"
"38","FB",0,"17",0.274,0.174,"3","1",0.25,0.375,"1","1","5","2"
"38","FB",0,"17",0.274,0.174,"3","1",0.25,0.375,"1","1","5","2"
"38","FB",0,"17",0.274,0.174,"3","1",0.25,0.375,"1","1","5","2"
"38","FB",0,"17",0.274,0.174,"3","1",0.25,0.375,"1","1","5","2"
"38","FB",1,"17",0.274,0.174,"3","1",0.25,0.375,"1","1","5","2"
"38","FB",1,"17",0.274,0.174,"3","1",0.25,0.375,"1","1","5","2"
"38","LR",0,"17",0.274,0.174,"3","1",0.25,0.375,"1","1","5","2"
"38","LR",0,"17",0.274,0.174,"3","1",0.25,0.375,"1","1","5","2"
"38","LR",0,"17",0.274,0.174,"3","1",0.25,0.375,"1","1","5","2"
"38","LR",0,"17",0.274,0.174,"3","1",0.25,0.375,"1","1","5","2"
"38","LR",0,"17",0.274,0.174,"3","1",0.25,0.375,"1","1","5","2"
"38","LR",1,"17",0.274,0.174,"3","1",0.25,0.375,"1","1","5","2"
"38","LR",1,"17",0.274,0.174,"3","1",0.25,0.375,"1","1","5","2"
"38","LR",1,"17",0.274,0.174,"3","1",0.25,0.375,"1","1","5","2"
"39","FB",0,"9",0.747,0.698,"2","2",0.625,0.875,"2","2","2","1"
"39","FB",0,"9",0.747,0.698,"2","2",0.625,0.875,"2","2","2","1"
"39","FB",0,"9",0.747,0.698,"2","2",0.625,0.875,"2","2","2","1"
"39","FB",1,"9",0.747,0.698,"2","2",0.625,0.875,"2","2","2","1"
"39","FB",1,"9",0.747,0.698,"2","2",0.625,0.875,"2","2","2","1"
"39","FB",1,"9",0.747,0.698,"2","2",0.625,0.875,"2","2","2","1"
"39","FB",1,"9",0.747,0.698,"2","2",0.625,0.875,"2","2","2","1"
"39","FB",1,"9",0.747,0.698,"2","2",0.625,0.875,"2","2","2","1"
"39","LR",0,"9",0.747,0.698,"2","2",0.625,0.875,"2","2","2","1"
"39","LR",1,"9",0.747,0.698,"2","2",0.625,0.875,"2","2","2","1"
"39","LR",1,"9",0.747,0.698,"2","2",0.625,0.875,"2","2","2","1"
"39","LR",1,"9",0.747,0.698,"2","2",0.625,0.875,"2","2","2","1"
"39","LR",1,"9",0.747,0.698,"2","2",0.625,0.875,"2","2","2","1"
"39","LR",1,"9",0.747,0.698,"2","2",0.625,0.875,"2","2","2","1"
"39","LR",1,"9",0.747,0.698,"2","2",0.625,0.875,"2","2","2","1"
"39","LR",1,"9",0.747,0.698,"2","2",0.625,0.875,"2","2","2","1"
"40","FB",0,"17",0.273,0.166,"4","1",0.5,0.125,"1","1","5","2"
"40","FB",0,"17",0.273,0.166,"4","1",0.5,0.125,"1","1","5","2"
"40","FB",0,"17",0.273,0.166,"4","1",0.5,0.125,"1","1","5","2"
"40","FB",0,"17",0.273,0.166,"4","1",0.5,0.125,"1","1","5","2"
"40","FB",1,"17",0.273,0.166,"4","1",0.5,0.125,"1","1","5","2"
"40","FB",1,"17",0.273,0.166,"4","1",0.5,0.125,"1","1","5","2"
"40","FB",1,"17",0.273,0.166,"4","1",0.5,0.125,"1","1","5","2"
"40","FB",1,"17",0.273,0.166,"4","1",0.5,0.125,"1","1","5","2"
"40","LR",0,"17",0.273,0.166,"4","1",0.5,0.125,"1","1","5","2"
"40","LR",0,"17",0.273,0.166,"4","1",0.5,0.125,"1","1","5","2"
"40","LR",0,"17",0.273,0.166,"4","1",0.5,0.125,"1","1","5","2"
"40","LR",0,"17",0.273,0.166,"4","1",0.5,0.125,"1","1","5","2"
"40","LR",0,"17",0.273,0.166,"4","1",0.5,0.125,"1","1","5","2"
"40","LR",0,"17",0.273,0.166,"4","1",0.5,0.125,"1","1","5","2"
"40","LR",0,"17",0.273,0.166,"4","1",0.5,0.125,"1","1","5","2"
"40","LR",1,"17",0.273,0.166,"4","1",0.5,0.125,"1","1","5","2"
"41","FB",0,"17",0.222,0.225,"4","1",0.375,0.125,"1","1","6","2"
"41","FB",0,"17",0.222,0.225,"4","1",0.375,0.125,"1","1","6","2"
"41","FB",0,"17",0.222,0.225,"4","1",0.375,0.125,"1","1","6","2"
"41","FB",0,"17",0.222,0.225,"4","1",0.375,0.125,"1","1","6","2"
"41","FB",0,"17",0.222,0.225,"4","1",0.375,0.125,"1","1","6","2"
"41","FB",1,"17",0.222,0.225,"4","1",0.375,0.125,"1","1","6","2"
"41","FB",1,"17",0.222,0.225,"4","1",0.375,0.125,"1","1","6","2"
"41","FB",1,"17",0.222,0.225,"4","1",0.375,0.125,"1","1","6","2"
"41","LR",0,"17",0.222,0.225,"4","1",0.375,0.125,"1","1","6","2"
"41","LR",0,"17",0.222,0.225,"4","1",0.375,0.125,"1","1","6","2"
"41","LR",0,"17",0.222,0.225,"4","1",0.375,0.125,"1","1","6","2"
"41","LR",0,"17",0.222,0.225,"4","1",0.375,0.125,"1","1","6","2"
"41","LR",0,"17",0.222,0.225,"4","1",0.375,0.125,"1","1","6","2"
"41","LR",0,"17",0.222,0.225,"4","1",0.375,0.125,"1","1","6","2"
"41","LR",0,"17",0.222,0.225,"4","1",0.375,0.125,"1","1","6","2"
"41","LR",1,"17",0.222,0.225,"4","1",0.375,0.125,"1","1","6","2"
"42","FB",0,"9",0.733,0.707,"2","2",0.5,1,"2","2","2","1"
"42","FB",0,"9",0.733,0.707,"2","2",0.5,1,"2","2","2","1"
"42","FB",0,"9",0.733,0.707,"2","2",0.5,1,"2","2","2","1"
"42","FB",0,"9",0.733,0.707,"2","2",0.5,1,"2","2","2","1"
"42","FB",1,"9",0.733,0.707,"2","2",0.5,1,"2","2","2","1"
"42","FB",1,"9",0.733,0.707,"2","2",0.5,1,"2","2","2","1"
"42","FB",1,"9",0.733,0.707,"2","2",0.5,1,"2","2","2","1"
"42","FB",1,"9",0.733,0.707,"2","2",0.5,1,"2","2","2","1"
"42","LR",1,"9",0.733,0.707,"2","2",0.5,1,"2","2","2","1"
"42","LR",1,"9",0.733,0.707,"2","2",0.5,1,"2","2","2","1"
"42","LR",1,"9",0.733,0.707,"2","2",0.5,1,"2","2","2","1"
"42","LR",1,"9",0.733,0.707,"2","2",0.5,1,"2","2","2","1"
"42","LR",1,"9",0.733,0.707,"2","2",0.5,1,"2","2","2","1"
"42","LR",1,"9",0.733,0.707,"2","2",0.5,1,"2","2","2","1"
"42","LR",1,"9",0.733,0.707,"2","2",0.5,1,"2","2","2","1"
"42","LR",1,"9",0.733,0.707,"2","2",0.5,1,"2","2","2","1"
"43","FB",0,"17",0.294,0.151,"1","1",0,0.125,"1","1","4","2"
"43","FB",0,"17",0.294,0.151,"1","1",0,0.125,"1","1","4","2"
"43","FB",0,"17",0.294,0.151,"1","1",0,0.125,"1","1","4","2"
"43","FB",0,"17",0.294,0.151,"1","1",0,0.125,"1","1","4","2"
"43","FB",0,"17",0.294,0.151,"1","1",0,0.125,"1","1","4","2"
"43","FB",0,"17",0.294,0.151,"1","1",0,0.125,"1","1","4","2"
"43","FB",0,"17",0.294,0.151,"1","1",0,0.125,"1","1","4","2"
"43","FB",0,"17",0.294,0.151,"1","1",0,0.125,"1","1","4","2"
"43","LR",0,"17",0.294,0.151,"1","1",0,0.125,"1","1","4","2"
"43","LR",0,"17",0.294,0.151,"1","1",0,0.125,"1","1","4","2"
"43","LR",0,"17",0.294,0.151,"1","1",0,0.125,"1","1","4","2"
"43","LR",0,"17",0.294,0.151,"1","1",0,0.125,"1","1","4","2"
"43","LR",0,"17",0.294,0.151,"1","1",0,0.125,"1","1","4","2"
"43","LR",0,"17",0.294,0.151,"1","1",0,0.125,"1","1","4","2"
"43","LR",0,"17",0.294,0.151,"1","1",0,0.125,"1","1","4","2"
"43","LR",1,"17",0.294,0.151,"1","1",0,0.125,"1","1","4","2"
"44","FB",0,"17",0.255,0.246,"3","1",0,0.5,"1","1","6","2"
"44","FB",0,"17",0.255,0.246,"3","1",0,0.5,"1","1","6","2"
"44","FB",0,"17",0.255,0.246,"3","1",0,0.5,"1","1","6","2"
"44","FB",0,"17",0.255,0.246,"3","1",0,0.5,"1","1","6","2"
"44","FB",0,"17",0.255,0.246,"3","1",0,0.5,"1","1","6","2"
"44","FB",0,"17",0.255,0.246,"3","1",0,0.5,"1","1","6","2"
"44","FB",0,"17",0.255,0.246,"3","1",0,0.5,"1","1","6","2"
"44","FB",0,"17",0.255,0.246,"3","1",0,0.5,"1","1","6","2"
"44","LR",0,"17",0.255,0.246,"3","1",0,0.5,"1","1","6","2"
"44","LR",0,"17",0.255,0.246,"3","1",0,0.5,"1","1","6","2"
"44","LR",0,"17",0.255,0.246,"3","1",0,0.5,"1","1","6","2"
"44","LR",0,"17",0.255,0.246,"3","1",0,0.5,"1","1","6","2"
"44","LR",1,"17",0.255,0.246,"3","1",0,0.5,"1","1","6","2"
"44","LR",1,"17",0.255,0.246,"3","1",0,0.5,"1","1","6","2"
"44","LR",1,"17",0.255,0.246,"3","1",0,0.5,"1","1","6","2"
"44","LR",1,"17",0.255,0.246,"3","1",0,0.5,"1","1","6","2"
"45","FB",0,"17",0.22,0.317,"3","1",0,0.375,"1","1","6","2"
"45","FB",0,"17",0.22,0.317,"3","1",0,0.375,"1","1","6","2"
"45","FB",0,"17",0.22,0.317,"3","1",0,0.375,"1","1","6","2"
"45","FB",0,"17",0.22,0.317,"3","1",0,0.375,"1","1","6","2"
"45","FB",0,"17",0.22,0.317,"3","1",0,0.375,"1","1","6","2"
"45","FB",0,"17",0.22,0.317,"3","1",0,0.375,"1","1","6","2"
"45","FB",0,"17",0.22,0.317,"3","1",0,0.375,"1","1","6","2"
"45","FB",0,"17",0.22,0.317,"3","1",0,0.375,"1","1","6","2"
"45","LR",0,"17",0.22,0.317,"3","1",0,0.375,"1","1","6","2"
"45","LR",0,"17",0.22,0.317,"3","1",0,0.375,"1","1","6","2"
"45","LR",0,"17",0.22,0.317,"3","1",0,0.375,"1","1","6","2"
"45","LR",0,"17",0.22,0.317,"3","1",0,0.375,"1","1","6","2"
"45","LR",0,"17",0.22,0.317,"3","1",0,0.375,"1","1","6","2"
"45","LR",1,"17",0.22,0.317,"3","1",0,0.375,"1","1","6","2"
"45","LR",1,"17",0.22,0.317,"3","1",0,0.375,"1","1","6","2"
"45","LR",1,"17",0.22,0.317,"3","1",0,0.375,"1","1","6","2"
"46","FB",0,"9",0.83,0.728,"2","2",0.5,0.75,"2","2","1","1"
"46","FB",0,"9",0.83,0.728,"2","2",0.5,0.75,"2","2","1","1"
"46","FB",0,"9",0.83,0.728,"2","2",0.5,0.75,"2","2","1","1"
"46","FB",0,"9",0.83,0.728,"2","2",0.5,0.75,"2","2","1","1"
"46","FB",1,"9",0.83,0.728,"2","2",0.5,0.75,"2","2","1","1"
"46","FB",1,"9",0.83,0.728,"2","2",0.5,0.75,"2","2","1","1"
"46","FB",1,"9",0.83,0.728,"2","2",0.5,0.75,"2","2","1","1"
"46","FB",1,"9",0.83,0.728,"2","2",0.5,0.75,"2","2","1","1"
"46","LR",0,"9",0.83,0.728,"2","2",0.5,0.75,"2","2","1","1"
"46","LR",0,"9",0.83,0.728,"2","2",0.5,0.75,"2","2","1","1"
"46","LR",1,"9",0.83,0.728,"2","2",0.5,0.75,"2","2","1","1"
"46","LR",1,"9",0.83,0.728,"2","2",0.5,0.75,"2","2","1","1"
"46","LR",1,"9",0.83,0.728,"2","2",0.5,0.75,"2","2","1","1"
"46","LR",1,"9",0.83,0.728,"2","2",0.5,0.75,"2","2","1","1"
"46","LR",1,"9",0.83,0.728,"2","2",0.5,0.75,"2","2","1","1"
"46","LR",1,"9",0.83,0.728,"2","2",0.5,0.75,"2","2","1","1"
"47","FB",0,"17",0.238,0.237,"3","1",0,0.375,"1","1","6","2"
"47","FB",0,"17",0.238,0.237,"3","1",0,0.375,"1","1","6","2"
"47","FB",0,"17",0.238,0.237,"3","1",0,0.375,"1","1","6","2"
"47","FB",0,"17",0.238,0.237,"3","1",0,0.375,"1","1","6","2"
"47","FB",0,"17",0.238,0.237,"3","1",0,0.375,"1","1","6","2"
"47","FB",0,"17",0.238,0.237,"3","1",0,0.375,"1","1","6","2"
"47","FB",0,"17",0.238,0.237,"3","1",0,0.375,"1","1","6","2"
"47","FB",0,"17",0.238,0.237,"3","1",0,0.375,"1","1","6","2"
"47","LR",0,"17",0.238,0.237,"3","1",0,0.375,"1","1","6","2"
"47","LR",0,"17",0.238,0.237,"3","1",0,0.375,"1","1","6","2"
"47","LR",0,"17",0.238,0.237,"3","1",0,0.375,"1","1","6","2"
"47","LR",0,"17",0.238,0.237,"3","1",0,0.375,"1","1","6","2"
"47","LR",0,"17",0.238,0.237,"3","1",0,0.375,"1","1","6","2"
"47","LR",1,"17",0.238,0.237,"3","1",0,0.375,"1","1","6","2"
"47","LR",1,"17",0.238,0.237,"3","1",0,0.375,"1","1","6","2"
"47","LR",1,"17",0.238,0.237,"3","1",0,0.375,"1","1","6","2"
"48","FB",0,"17",0.23,0.247,"3","1",0.125,0.375,"1","1","6","2"
"48","FB",0,"17",0.23,0.247,"3","1",0.125,0.375,"1","1","6","2"
"48","FB",0,"17",0.23,0.247,"3","1",0.125,0.375,"1","1","6","2"
"48","FB",0,"17",0.23,0.247,"3","1",0.125,0.375,"1","1","6","2"
"48","FB",0,"17",0.23,0.247,"3","1",0.125,0.375,"1","1","6","2"
"48","FB",0,"17",0.23,0.247,"3","1",0.125,0.375,"1","1","6","2"
"48","FB",0,"17",0.23,0.247,"3","1",0.125,0.375,"1","1","6","2"
"48","FB",1,"17",0.23,0.247,"3","1",0.125,0.375,"1","1","6","2"
"48","LR",0,"17",0.23,0.247,"3","1",0.125,0.375,"1","1","6","2"
"48","LR",0,"17",0.23,0.247,"3","1",0.125,0.375,"1","1","6","2"
"48","LR",0,"17",0.23,0.247,"3","1",0.125,0.375,"1","1","6","2"
"48","LR",0,"17",0.23,0.247,"3","1",0.125,0.375,"1","1","6","2"
"48","LR",0,"17",0.23,0.247,"3","1",0.125,0.375,"1","1","6","2"
"48","LR",1,"17",0.23,0.247,"3","1",0.125,0.375,"1","1","6","2"
"48","LR",1,"17",0.23,0.247,"3","1",0.125,0.375,"1","1","6","2"
"48","LR",1,"17",0.23,0.247,"3","1",0.125,0.375,"1","1","6","2"
"49","FB",0,"9",0.714,0.701,"4","2",0.625,0.375,"2","2","1","1"
"49","FB",0,"9",0.714,0.701,"4","2",0.625,0.375,"2","2","1","1"
"49","FB",0,"9",0.714,0.701,"4","2",0.625,0.375,"2","2","1","1"
"49","FB",1,"9",0.714,0.701,"4","2",0.625,0.375,"2","2","1","1"
"49","FB",1,"9",0.714,0.701,"4","2",0.625,0.375,"2","2","1","1"
"49","FB",1,"9",0.714,0.701,"4","2",0.625,0.375,"2","2","1","1"
"49","FB",1,"9",0.714,0.701,"4","2",0.625,0.375,"2","2","1","1"
"49","FB",1,"9",0.714,0.701,"4","2",0.625,0.375,"2","2","1","1"
"49","LR",0,"9",0.714,0.701,"4","2",0.625,0.375,"2","2","1","1"
"49","LR",0,"9",0.714,0.701,"4","2",0.625,0.375,"2","2","1","1"
"49","LR",0,"9",0.714,0.701,"4","2",0.625,0.375,"2","2","1","1"
"49","LR",0,"9",0.714,0.701,"4","2",0.625,0.375,"2","2","1","1"
"49","LR",0,"9",0.714,0.701,"4","2",0.625,0.375,"2","2","1","1"
"49","LR",1,"9",0.714,0.701,"4","2",0.625,0.375,"2","2","1","1"
"49","LR",1,"9",0.714,0.701,"4","2",0.625,0.375,"2","2","1","1"
"49","LR",1,"9",0.714,0.701,"4","2",0.625,0.375,"2","2","1","1"
"50","FB",0,"9",0.735,0.753,"2","2",0.5,0.625,"2","2","1","1"
"50","FB",0,"9",0.735,0.753,"2","2",0.5,0.625,"2","2","1","1"
"50","FB",0,"9",0.735,0.753,"2","2",0.5,0.625,"2","2","1","1"
"50","FB",0,"9",0.735,0.753,"2","2",0.5,0.625,"2","2","1","1"
"50","FB",1,"9",0.735,0.753,"2","2",0.5,0.625,"2","2","1","1"
"50","FB",1,"9",0.735,0.753,"2","2",0.5,0.625,"2","2","1","1"
"50","FB",1,"9",0.735,0.753,"2","2",0.5,0.625,"2","2","1","1"
"50","FB",1,"9",0.735,0.753,"2","2",0.5,0.625,"2","2","1","1"
"50","LR",0,"9",0.735,0.753,"2","2",0.5,0.625,"2","2","1","1"
"50","LR",0,"9",0.735,0.753,"2","2",0.5,0.625,"2","2","1","1"
"50","LR",0,"9",0.735,0.753,"2","2",0.5,0.625,"2","2","1","1"
"50","LR",1,"9",0.735,0.753,"2","2",0.5,0.625,"2","2","1","1"
"50","LR",1,"9",0.735,0.753,"2","2",0.5,0.625,"2","2","1","1"
"50","LR",1,"9",0.735,0.753,"2","2",0.5,0.625,"2","2","1","1"
"50","LR",1,"9",0.735,0.753,"2","2",0.5,0.625,"2","2","1","1"
"50","LR",1,"9",0.735,0.753,"2","2",0.5,0.625,"2","2","1","1"
"51","FB",0,"17",0.105,0.194,"1","1",0.125,0.125,"1","1","4","2"
"51","FB",0,"17",0.105,0.194,"1","1",0.125,0.125,"1","1","4","2"
"51","FB",0,"17",0.105,0.194,"1","1",0.125,0.125,"1","1","4","2"
"51","FB",0,"17",0.105,0.194,"1","1",0.125,0.125,"1","1","4","2"
"51","FB",0,"17",0.105,0.194,"1","1",0.125,0.125,"1","1","4","2"
"51","FB",0,"17",0.105,0.194,"1","1",0.125,0.125,"1","1","4","2"
"51","FB",0,"17",0.105,0.194,"1","1",0.125,0.125,"1","1","4","2"
"51","FB",1,"17",0.105,0.194,"1","1",0.125,0.125,"1","1","4","2"
"51","LR",0,"17",0.105,0.194,"1","1",0.125,0.125,"1","1","4","2"
"51","LR",0,"17",0.105,0.194,"1","1",0.125,0.125,"1","1","4","2"
"51","LR",0,"17",0.105,0.194,"1","1",0.125,0.125,"1","1","4","2"
"51","LR",0,"17",0.105,0.194,"1","1",0.125,0.125,"1","1","4","2"
"51","LR",0,"17",0.105,0.194,"1","1",0.125,0.125,"1","1","4","2"
"51","LR",0,"17",0.105,0.194,"1","1",0.125,0.125,"1","1","4","2"
"51","LR",0,"17",0.105,0.194,"1","1",0.125,0.125,"1","1","4","2"
"51","LR",1,"17",0.105,0.194,"1","1",0.125,0.125,"1","1","4","2"
"52","FB",0,"17",0.32,0.275,"4","1",0.5,0.25,"1","1","5","2"
"52","FB",0,"17",0.32,0.275,"4","1",0.5,0.25,"1","1","5","2"
"52","FB",0,"17",0.32,0.275,"4","1",0.5,0.25,"1","1","5","2"
"52","FB",0,"17",0.32,0.275,"4","1",0.5,0.25,"1","1","5","2"
"52","FB",1,"17",0.32,0.275,"4","1",0.5,0.25,"1","1","5","2"
"52","FB",1,"17",0.32,0.275,"4","1",0.5,0.25,"1","1","5","2"
"52","FB",1,"17",0.32,0.275,"4","1",0.5,0.25,"1","1","5","2"
"52","FB",1,"17",0.32,0.275,"4","1",0.5,0.25,"1","1","5","2"
"52","LR",0,"17",0.32,0.275,"4","1",0.5,0.25,"1","1","5","2"
"52","LR",0,"17",0.32,0.275,"4","1",0.5,0.25,"1","1","5","2"
"52","LR",0,"17",0.32,0.275,"4","1",0.5,0.25,"1","1","5","2"
"52","LR",0,"17",0.32,0.275,"4","1",0.5,0.25,"1","1","5","2"
"52","LR",0,"17",0.32,0.275,"4","1",0.5,0.25,"1","1","5","2"
"52","LR",0,"17",0.32,0.275,"4","1",0.5,0.25,"1","1","5","2"
"52","LR",1,"17",0.32,0.275,"4","1",0.5,0.25,"1","1","5","2"
"52","LR",1,"17",0.32,0.275,"4","1",0.5,0.25,"1","1","5","2"
"53","FB",0,"17",0.238,0.262,"2","2",0.25,0.75,"1","1","1","1"
"53","FB",0,"17",0.238,0.262,"2","2",0.25,0.75,"1","1","1","1"
"53","FB",0,"17",0.238,0.262,"2","2",0.25,0.75,"1","1","1","1"
"53","FB",0,"17",0.238,0.262,"2","2",0.25,0.75,"1","1","1","1"
"53","FB",0,"17",0.238,0.262,"2","2",0.25,0.75,"1","1","1","1"
"53","FB",0,"17",0.238,0.262,"2","2",0.25,0.75,"1","1","1","1"
"53","FB",1,"17",0.238,0.262,"2","2",0.25,0.75,"1","1","1","1"
"53","FB",1,"17",0.238,0.262,"2","2",0.25,0.75,"1","1","1","1"
"53","LR",0,"17",0.238,0.262,"2","2",0.25,0.75,"1","1","1","1"
"53","LR",0,"17",0.238,0.262,"2","2",0.25,0.75,"1","1","1","1"
"53","LR",1,"17",0.238,0.262,"2","2",0.25,0.75,"1","1","1","1"
"53","LR",1,"17",0.238,0.262,"2","2",0.25,0.75,"1","1","1","1"
"53","LR",1,"17",0.238,0.262,"2","2",0.25,0.75,"1","1","1","1"
"53","LR",1,"17",0.238,0.262,"2","2",0.25,0.75,"1","1","1","1"
"53","LR",1,"17",0.238,0.262,"2","2",0.25,0.75,"1","1","1","1"
"53","LR",1,"17",0.238,0.262,"2","2",0.25,0.75,"1","1","1","1"
"54","FB",0,"17",0.297,0.269,"3","1",0.125,0.625,"1","1","5","2"
"54","FB",0,"17",0.297,0.269,"3","1",0.125,0.625,"1","1","5","2"
"54","FB",0,"17",0.297,0.269,"3","1",0.125,0.625,"1","1","5","2"
"54","FB",0,"17",0.297,0.269,"3","1",0.125,0.625,"1","1","5","2"
"54","FB",0,"17",0.297,0.269,"3","1",0.125,0.625,"1","1","5","2"
"54","FB",0,"17",0.297,0.269,"3","1",0.125,0.625,"1","1","5","2"
"54","FB",0,"17",0.297,0.269,"3","1",0.125,0.625,"1","1","5","2"
"54","FB",1,"17",0.297,0.269,"3","1",0.125,0.625,"1","1","5","2"
"54","LR",0,"17",0.297,0.269,"3","1",0.125,0.625,"1","1","5","2"
"54","LR",0,"17",0.297,0.269,"3","1",0.125,0.625,"1","1","5","2"
"54","LR",0,"17",0.297,0.269,"3","1",0.125,0.625,"1","1","5","2"
"54","LR",1,"17",0.297,0.269,"3","1",0.125,0.625,"1","1","5","2"
"54","LR",1,"17",0.297,0.269,"3","1",0.125,0.625,"1","1","5","2"
"54","LR",1,"17",0.297,0.269,"3","1",0.125,0.625,"1","1","5","2"
"54","LR",1,"17",0.297,0.269,"3","1",0.125,0.625,"1","1","5","2"
"54","LR",1,"17",0.297,0.269,"3","1",0.125,0.625,"1","1","5","2"
"55","FB",0,"17",0.154,0.19,"3","1",0,0.5,"1","1","6","2"
"55","FB",0,"17",0.154,0.19,"3","1",0,0.5,"1","1","6","2"
"55","FB",0,"17",0.154,0.19,"3","1",0,0.5,"1","1","6","2"
"55","FB",0,"17",0.154,0.19,"3","1",0,0.5,"1","1","6","2"
"55","FB",0,"17",0.154,0.19,"3","1",0,0.5,"1","1","6","2"
"55","FB",0,"17",0.154,0.19,"3","1",0,0.5,"1","1","6","2"
"55","FB",0,"17",0.154,0.19,"3","1",0,0.5,"1","1","6","2"
"55","FB",0,"17",0.154,0.19,"3","1",0,0.5,"1","1","6","2"
"55","LR",0,"17",0.154,0.19,"3","1",0,0.5,"1","1","6","2"
"55","LR",0,"17",0.154,0.19,"3","1",0,0.5,"1","1","6","2"
"55","LR",0,"17",0.154,0.19,"3","1",0,0.5,"1","1","6","2"
"55","LR",0,"17",0.154,0.19,"3","1",0,0.5,"1","1","6","2"
"55","LR",1,"17",0.154,0.19,"3","1",0,0.5,"1","1","6","2"
"55","LR",1,"17",0.154,0.19,"3","1",0,0.5,"1","1","6","2"
"55","LR",1,"17",0.154,0.19,"3","1",0,0.5,"1","1","6","2"
"55","LR",1,"17",0.154,0.19,"3","1",0,0.5,"1","1","6","2"
"56","FB",0,"17",0.26,0.137,"1","1",0.25,0.125,"1","1","6","2"
"56","FB",0,"17",0.26,0.137,"1","1",0.25,0.125,"1","1","6","2"
"56","FB",0,"17",0.26,0.137,"1","1",0.25,0.125,"1","1","6","2"
"56","FB",0,"17",0.26,0.137,"1","1",0.25,0.125,"1","1","6","2"
"56","FB",0,"17",0.26,0.137,"1","1",0.25,0.125,"1","1","6","2"
"56","FB",0,"17",0.26,0.137,"1","1",0.25,0.125,"1","1","6","2"
"56","FB",1,"17",0.26,0.137,"1","1",0.25,0.125,"1","1","6","2"
"56","FB",1,"17",0.26,0.137,"1","1",0.25,0.125,"1","1","6","2"
"56","LR",0,"17",0.26,0.137,"1","1",0.25,0.125,"1","1","6","2"
"56","LR",0,"17",0.26,0.137,"1","1",0.25,0.125,"1","1","6","2"
"56","LR",0,"17",0.26,0.137,"1","1",0.25,0.125,"1","1","6","2"
"56","LR",0,"17",0.26,0.137,"1","1",0.25,0.125,"1","1","6","2"
"56","LR",0,"17",0.26,0.137,"1","1",0.25,0.125,"1","1","6","2"
"56","LR",0,"17",0.26,0.137,"1","1",0.25,0.125,"1","1","6","2"
"56","LR",0,"17",0.26,0.137,"1","1",0.25,0.125,"1","1","6","2"
"56","LR",1,"17",0.26,0.137,"1","1",0.25,0.125,"1","1","6","2"
"57","FB",0,"17",0.187,0.242,"1","1",0.25,0,"1","1","4","2"
"57","FB",0,"17",0.187,0.242,"1","1",0.25,0,"1","1","4","2"
"57","FB",0,"17",0.187,0.242,"1","1",0.25,0,"1","1","4","2"
"57","FB",0,"17",0.187,0.242,"1","1",0.25,0,"1","1","4","2"
"57","FB",0,"17",0.187,0.242,"1","1",0.25,0,"1","1","4","2"
"57","FB",0,"17",0.187,0.242,"1","1",0.25,0,"1","1","4","2"
"57","FB",1,"17",0.187,0.242,"1","1",0.25,0,"1","1","4","2"
"57","FB",1,"17",0.187,0.242,"1","1",0.25,0,"1","1","4","2"
"57","LR",0,"17",0.187,0.242,"1","1",0.25,0,"1","1","4","2"
"57","LR",0,"17",0.187,0.242,"1","1",0.25,0,"1","1","4","2"
"57","LR",0,"17",0.187,0.242,"1","1",0.25,0,"1","1","4","2"
"57","LR",0,"17",0.187,0.242,"1","1",0.25,0,"1","1","4","2"
"57","LR",0,"17",0.187,0.242,"1","1",0.25,0,"1","1","4","2"
"57","LR",0,"17",0.187,0.242,"1","1",0.25,0,"1","1","4","2"
"57","LR",0,"17",0.187,0.242,"1","1",0.25,0,"1","1","4","2"
"57","LR",0,"17",0.187,0.242,"1","1",0.25,0,"1","1","4","2"
"58","FB",0,"17",0.231,0.18,"3","1",0.125,0.25,"1","1","6","2"
"58","FB",0,"17",0.231,0.18,"3","1",0.125,0.25,"1","1","6","2"
"58","FB",0,"17",0.231,0.18,"3","1",0.125,0.25,"1","1","6","2"
"58","FB",0,"17",0.231,0.18,"3","1",0.125,0.25,"1","1","6","2"
"58","FB",0,"17",0.231,0.18,"3","1",0.125,0.25,"1","1","6","2"
"58","FB",0,"17",0.231,0.18,"3","1",0.125,0.25,"1","1","6","2"
"58","FB",0,"17",0.231,0.18,"3","1",0.125,0.25,"1","1","6","2"
"58","FB",1,"17",0.231,0.18,"3","1",0.125,0.25,"1","1","6","2"
"58","LR",0,"17",0.231,0.18,"3","1",0.125,0.25,"1","1","6","2"
"58","LR",0,"17",0.231,0.18,"3","1",0.125,0.25,"1","1","6","2"
"58","LR",0,"17",0.231,0.18,"3","1",0.125,0.25,"1","1","6","2"
"58","LR",0,"17",0.231,0.18,"3","1",0.125,0.25,"1","1","6","2"
"58","LR",0,"17",0.231,0.18,"3","1",0.125,0.25,"1","1","6","2"
"58","LR",0,"17",0.231,0.18,"3","1",0.125,0.25,"1","1","6","2"
"58","LR",1,"17",0.231,0.18,"3","1",0.125,0.25,"1","1","6","2"
"58","LR",1,"17",0.231,0.18,"3","1",0.125,0.25,"1","1","6","2"
"59","FB",0,"17",0.265,0.281,"3","1",0.125,0.5,"1","1","5","2"
"59","FB",0,"17",0.265,0.281,"3","1",0.125,0.5,"1","1","5","2"
"59","FB",0,"17",0.265,0.281,"3","1",0.125,0.5,"1","1","5","2"
"59","FB",0,"17",0.265,0.281,"3","1",0.125,0.5,"1","1","5","2"
"59","FB",0,"17",0.265,0.281,"3","1",0.125,0.5,"1","1","5","2"
"59","FB",0,"17",0.265,0.281,"3","1",0.125,0.5,"1","1","5","2"
"59","FB",0,"17",0.265,0.281,"3","1",0.125,0.5,"1","1","5","2"
"59","FB",1,"17",0.265,0.281,"3","1",0.125,0.5,"1","1","5","2"
"59","LR",0,"17",0.265,0.281,"3","1",0.125,0.5,"1","1","5","2"
"59","LR",0,"17",0.265,0.281,"3","1",0.125,0.5,"1","1","5","2"
"59","LR",0,"17",0.265,0.281,"3","1",0.125,0.5,"1","1","5","2"
"59","LR",0,"17",0.265,0.281,"3","1",0.125,0.5,"1","1","5","2"
"59","LR",1,"17",0.265,0.281,"3","1",0.125,0.5,"1","1","5","2"
"59","LR",1,"17",0.265,0.281,"3","1",0.125,0.5,"1","1","5","2"
"59","LR",1,"17",0.265,0.281,"3","1",0.125,0.5,"1","1","5","2"
"59","LR",1,"17",0.265,0.281,"3","1",0.125,0.5,"1","1","5","2"
"60","FB",0,"17",0.24,0.26,"3","1",0.25,0.375,"1","1","5","2"
"60","FB",0,"17",0.24,0.26,"3","1",0.25,0.375,"1","1","5","2"
"60","FB",0,"17",0.24,0.26,"3","1",0.25,0.375,"1","1","5","2"
"60","FB",0,"17",0.24,0.26,"3","1",0.25,0.375,"1","1","5","2"
"60","FB",0,"17",0.24,0.26,"3","1",0.25,0.375,"1","1","5","2"
"60","FB",0,"17",0.24,0.26,"3","1",0.25,0.375,"1","1","5","2"
"60","FB",1,"17",0.24,0.26,"3","1",0.25,0.375,"1","1","5","2"
"60","FB",1,"17",0.24,0.26,"3","1",0.25,0.375,"1","1","5","2"
"60","LR",0,"17",0.24,0.26,"3","1",0.25,0.375,"1","1","5","2"
"60","LR",0,"17",0.24,0.26,"3","1",0.25,0.375,"1","1","5","2"
"60","LR",0,"17",0.24,0.26,"3","1",0.25,0.375,"1","1","5","2"
"60","LR",0,"17",0.24,0.26,"3","1",0.25,0.375,"1","1","5","2"
"60","LR",0,"17",0.24,0.26,"3","1",0.25,0.375,"1","1","5","2"
"60","LR",1,"17",0.24,0.26,"3","1",0.25,0.375,"1","1","5","2"
"60","LR",1,"17",0.24,0.26,"3","1",0.25,0.375,"1","1","5","2"
"60","LR",1,"17",0.24,0.26,"3","1",0.25,0.375,"1","1","5","2"
"61","FB",0,"9",0.761,0.766,"2","2",0.5,0.75,"2","2","1","1"
"61","FB",0,"9",0.761,0.766,"2","2",0.5,0.75,"2","2","1","1"
"61","FB",0,"9",0.761,0.766,"2","2",0.5,0.75,"2","2","1","1"
"61","FB",0,"9",0.761,0.766,"2","2",0.5,0.75,"2","2","1","1"
"61","FB",1,"9",0.761,0.766,"2","2",0.5,0.75,"2","2","1","1"
"61","FB",1,"9",0.761,0.766,"2","2",0.5,0.75,"2","2","1","1"
"61","FB",1,"9",0.761,0.766,"2","2",0.5,0.75,"2","2","1","1"
"61","FB",1,"9",0.761,0.766,"2","2",0.5,0.75,"2","2","1","1"
"61","LR",0,"9",0.761,0.766,"2","2",0.5,0.75,"2","2","1","1"
"61","LR",0,"9",0.761,0.766,"2","2",0.5,0.75,"2","2","1","1"
"61","LR",1,"9",0.761,0.766,"2","2",0.5,0.75,"2","2","1","1"
"61","LR",1,"9",0.761,0.766,"2","2",0.5,0.75,"2","2","1","1"
"61","LR",1,"9",0.761,0.766,"2","2",0.5,0.75,"2","2","1","1"
"61","LR",1,"9",0.761,0.766,"2","2",0.5,0.75,"2","2","1","1"
"61","LR",1,"9",0.761,0.766,"2","2",0.5,0.75,"2","2","1","1"
"61","LR",1,"9",0.761,0.766,"2","2",0.5,0.75,"2","2","1","1"
"62","FB",0,"17",0.322,0.151,"4","1",0.5,0.25,"1","1","5","2"
"62","FB",0,"17",0.322,0.151,"4","1",0.5,0.25,"1","1","5","2"
"62","FB",0,"17",0.322,0.151,"4","1",0.5,0.25,"1","1","5","2"
"62","FB",0,"17",0.322,0.151,"4","1",0.5,0.25,"1","1","5","2"
"62","FB",1,"17",0.322,0.151,"4","1",0.5,0.25,"1","1","5","2"
"62","FB",1,"17",0.322,0.151,"4","1",0.5,0.25,"1","1","5","2"
"62","FB",1,"17",0.322,0.151,"4","1",0.5,0.25,"1","1","5","2"
"62","FB",1,"17",0.322,0.151,"4","1",0.5,0.25,"1","1","5","2"
"62","LR",0,"17",0.322,0.151,"4","1",0.5,0.25,"1","1","5","2"
"62","LR",0,"17",0.322,0.151,"4","1",0.5,0.25,"1","1","5","2"
"62","LR",0,"17",0.322,0.151,"4","1",0.5,0.25,"1","1","5","2"
"62","LR",0,"17",0.322,0.151,"4","1",0.5,0.25,"1","1","5","2"
"62","LR",0,"17",0.322,0.151,"4","1",0.5,0.25,"1","1","5","2"
"62","LR",0,"17",0.322,0.151,"4","1",0.5,0.25,"1","1","5","2"
"62","LR",1,"17",0.322,0.151,"4","1",0.5,0.25,"1","1","5","2"
"62","LR",1,"17",0.322,0.151,"4","1",0.5,0.25,"1","1","5","2"
"63","FB",0,"9",0.724,0.741,"2","2",0.625,0.875,"2","2","2","1"
"63","FB",0,"9",0.724,0.741,"2","2",0.625,0.875,"2","2","2","1"
"63","FB",0,"9",0.724,0.741,"2","2",0.625,0.875,"2","2","2","1"
"63","FB",1,"9",0.724,0.741,"2","2",0.625,0.875,"2","2","2","1"
"63","FB",1,"9",0.724,0.741,"2","2",0.625,0.875,"2","2","2","1"
"63","FB",1,"9",0.724,0.741,"2","2",0.625,0.875,"2","2","2","1"
"63","FB",1,"9",0.724,0.741,"2","2",0.625,0.875,"2","2","2","1"
"63","FB",1,"9",0.724,0.741,"2","2",0.625,0.875,"2","2","2","1"
"63","LR",0,"9",0.724,0.741,"2","2",0.625,0.875,"2","2","2","1"
"63","LR",1,"9",0.724,0.741,"2","2",0.625,0.875,"2","2","2","1"
"63","LR",1,"9",0.724,0.741,"2","2",0.625,0.875,"2","2","2","1"
"63","LR",1,"9",0.724,0.741,"2","2",0.625,0.875,"2","2","2","1"
"63","LR",1,"9",0.724,0.741,"2","2",0.625,0.875,"2","2","2","1"
"63","LR",1,"9",0.724,0.741,"2","2",0.625,0.875,"2","2","2","1"
"63","LR",1,"9",0.724,0.741,"2","2",0.625,0.875,"2","2","2","1"
"63","LR",1,"9",0.724,0.741,"2","2",0.625,0.875,"2","2","2","1"
"64","FB",0,"17",0.289,0.152,"1","1",0.125,0.125,"1","1","4","2"
"64","FB",0,"17",0.289,0.152,"1","1",0.125,0.125,"1","1","4","2"
"64","FB",0,"17",0.289,0.152,"1","1",0.125,0.125,"1","1","4","2"
"64","FB",0,"17",0.289,0.152,"1","1",0.125,0.125,"1","1","4","2"
"64","FB",0,"17",0.289,0.152,"1","1",0.125,0.125,"1","1","4","2"
"64","FB",0,"17",0.289,0.152,"1","1",0.125,0.125,"1","1","4","2"
"64","FB",0,"17",0.289,0.152,"1","1",0.125,0.125,"1","1","4","2"
"64","FB",1,"17",0.289,0.152,"1","1",0.125,0.125,"1","1","4","2"
"64","LR",0,"17",0.289,0.152,"1","1",0.125,0.125,"1","1","4","2"
"64","LR",0,"17",0.289,0.152,"1","1",0.125,0.125,"1","1","4","2"
"64","LR",0,"17",0.289,0.152,"1","1",0.125,0.125,"1","1","4","2"
"64","LR",0,"17",0.289,0.152,"1","1",0.125,0.125,"1","1","4","2"
"64","LR",0,"17",0.289,0.152,"1","1",0.125,0.125,"1","1","4","2"
"64","LR",0,"17",0.289,0.152,"1","1",0.125,0.125,"1","1","4","2"
"64","LR",0,"17",0.289,0.152,"1","1",0.125,0.125,"1","1","4","2"
"64","LR",1,"17",0.289,0.152,"1","1",0.125,0.125,"1","1","4","2"
"65","FB",0,"17",0.297,0.323,"3","1",0.25,0.375,"1","1","5","2"
"65","FB",0,"17",0.297,0.323,"3","1",0.25,0.375,"1","1","5","2"
"65","FB",0,"17",0.297,0.323,"3","1",0.25,0.375,"1","1","5","2"
"65","FB",0,"17",0.297,0.323,"3","1",0.25,0.375,"1","1","5","2"
"65","FB",0,"17",0.297,0.323,"3","1",0.25,0.375,"1","1","5","2"
"65","FB",0,"17",0.297,0.323,"3","1",0.25,0.375,"1","1","5","2"
"65","FB",1,"17",0.297,0.323,"3","1",0.25,0.375,"1","1","5","2"
"65","FB",1,"17",0.297,0.323,"3","1",0.25,0.375,"1","1","5","2"
"65","LR",0,"17",0.297,0.323,"3","1",0.25,0.375,"1","1","5","2"
"65","LR",0,"17",0.297,0.323,"3","1",0.25,0.375,"1","1","5","2"
"65","LR",0,"17",0.297,0.323,"3","1",0.25,0.375,"1","1","5","2"
"65","LR",0,"17",0.297,0.323,"3","1",0.25,0.375,"1","1","5","2"
"65","LR",0,"17",0.297,0.323,"3","1",0.25,0.375,"1","1","5","2"
"65","LR",1,"17",0.297,0.323,"3","1",0.25,0.375,"1","1","5","2"
"65","LR",1,"17",0.297,0.323,"3","1",0.25,0.375,"1","1","5","2"
"65","LR",1,"17",0.297,0.323,"3","1",0.25,0.375,"1","1","5","2"
"66","FB",1,"9",0.787,0.638,"5","2",1,0.375,"2","2","1","1"
"66","FB",1,"9",0.787,0.638,"5","2",1,0.375,"2","2","1","1"
"66","FB",1,"9",0.787,0.638,"5","2",1,0.375,"2","2","1","1"
"66","FB",1,"9",0.787,0.638,"5","2",1,0.375,"2","2","1","1"
"66","FB",1,"9",0.787,0.638,"5","2",1,0.375,"2","2","1","1"
"66","FB",1,"9",0.787,0.638,"5","2",1,0.375,"2","2","1","1"
"66","FB",1,"9",0.787,0.638,"5","2",1,0.375,"2","2","1","1"
"66","FB",1,"9",0.787,0.638,"5","2",1,0.375,"2","2","1","1"
"66","LR",0,"9",0.787,0.638,"5","2",1,0.375,"2","2","1","1"
"66","LR",0,"9",0.787,0.638,"5","2",1,0.375,"2","2","1","1"
"66","LR",0,"9",0.787,0.638,"5","2",1,0.375,"2","2","1","1"
"66","LR",0,"9",0.787,0.638,"5","2",1,0.375,"2","2","1","1"
"66","LR",0,"9",0.787,0.638,"5","2",1,0.375,"2","2","1","1"
"66","LR",1,"9",0.787,0.638,"5","2",1,0.375,"2","2","1","1"
"66","LR",1,"9",0.787,0.638,"5","2",1,0.375,"2","2","1","1"
"66","LR",1,"9",0.787,0.638,"5","2",1,0.375,"2","2","1","1"
"67","FB",0,"9",0.797,0.824,"5","2",0.75,0.875,"2","2","2","1"
"67","FB",0,"9",0.797,0.824,"5","2",0.75,0.875,"2","2","2","1"
"67","FB",1,"9",0.797,0.824,"5","2",0.75,0.875,"2","2","2","1"
"67","FB",1,"9",0.797,0.824,"5","2",0.75,0.875,"2","2","2","1"
"67","FB",1,"9",0.797,0.824,"5","2",0.75,0.875,"2","2","2","1"
"67","FB",1,"9",0.797,0.824,"5","2",0.75,0.875,"2","2","2","1"
"67","FB",1,"9",0.797,0.824,"5","2",0.75,0.875,"2","2","2","1"
"67","FB",1,"9",0.797,0.824,"5","2",0.75,0.875,"2","2","2","1"
"67","LR",0,"9",0.797,0.824,"5","2",0.75,0.875,"2","2","2","1"
"67","LR",1,"9",0.797,0.824,"5","2",0.75,0.875,"2","2","2","1"
"67","LR",1,"9",0.797,0.824,"5","2",0.75,0.875,"2","2","2","1"
"67","LR",1,"9",0.797,0.824,"5","2",0.75,0.875,"2","2","2","1"
"67","LR",1,"9",0.797,0.824,"5","2",0.75,0.875,"2","2","2","1"
"67","LR",1,"9",0.797,0.824,"5","2",0.75,0.875,"2","2","2","1"
"67","LR",1,"9",0.797,0.824,"5","2",0.75,0.875,"2","2","2","1"
"67","LR",1,"9",0.797,0.824,"5","2",0.75,0.875,"2","2","2","1"
"68","FB",0,"17",0.315,0.277,"3","1",0.125,0.25,"1","1","6","2"
"68","FB",0,"17",0.315,0.277,"3","1",0.125,0.25,"1","1","6","2"
"68","FB",0,"17",0.315,0.277,"3","1",0.125,0.25,"1","1","6","2"
"68","FB",0,"17",0.315,0.277,"3","1",0.125,0.25,"1","1","6","2"
"68","FB",0,"17",0.315,0.277,"3","1",0.125,0.25,"1","1","6","2"
"68","FB",0,"17",0.315,0.277,"3","1",0.125,0.25,"1","1","6","2"
"68","FB",0,"17",0.315,0.277,"3","1",0.125,0.25,"1","1","6","2"
"68","FB",1,"17",0.315,0.277,"3","1",0.125,0.25,"1","1","6","2"
"68","LR",0,"17",0.315,0.277,"3","1",0.125,0.25,"1","1","6","2"
"68","LR",0,"17",0.315,0.277,"3","1",0.125,0.25,"1","1","6","2"
"68","LR",0,"17",0.315,0.277,"3","1",0.125,0.25,"1","1","6","2"
"68","LR",0,"17",0.315,0.277,"3","1",0.125,0.25,"1","1","6","2"
"68","LR",0,"17",0.315,0.277,"3","1",0.125,0.25,"1","1","6","2"
"68","LR",0,"17",0.315,0.277,"3","1",0.125,0.25,"1","1","6","2"
"68","LR",1,"17",0.315,0.277,"3","1",0.125,0.25,"1","1","6","2"
"68","LR",1,"17",0.315,0.277,"3","1",0.125,0.25,"1","1","6","2"
"69","FB",0,"9",0.751,0.709,"5","2",0.75,0.75,"2","2","2","1"
"69","FB",0,"9",0.751,0.709,"5","2",0.75,0.75,"2","2","2","1"
"69","FB",1,"9",0.751,0.709,"5","2",0.75,0.75,"2","2","2","1"
"69","FB",1,"9",0.751,0.709,"5","2",0.75,0.75,"2","2","2","1"
"69","FB",1,"9",0.751,0.709,"5","2",0.75,0.75,"2","2","2","1"
"69","FB",1,"9",0.751,0.709,"5","2",0.75,0.75,"2","2","2","1"
"69","FB",1,"9",0.751,0.709,"5","2",0.75,0.75,"2","2","2","1"
"69","FB",1,"9",0.751,0.709,"5","2",0.75,0.75,"2","2","2","1"
"69","LR",0,"9",0.751,0.709,"5","2",0.75,0.75,"2","2","2","1"
"69","LR",0,"9",0.751,0.709,"5","2",0.75,0.75,"2","2","2","1"
"69","LR",1,"9",0.751,0.709,"5","2",0.75,0.75,"2","2","2","1"
"69","LR",1,"9",0.751,0.709,"5","2",0.75,0.75,"2","2","2","1"
"69","LR",1,"9",0.751,0.709,"5","2",0.75,0.75,"2","2","2","1"
"69","LR",1,"9",0.751,0.709,"5","2",0.75,0.75,"2","2","2","1"
"69","LR",1,"9",0.751,0.709,"5","2",0.75,0.75,"2","2","2","1"
"69","LR",1,"9",0.751,0.709,"5","2",0.75,0.75,"2","2","2","1"
"70","FB",0,"17",0.216,0.175,"1","1",0.25,0.125,"1","1","6","2"
"70","FB",0,"17",0.216,0.175,"1","1",0.25,0.125,"1","1","6","2"
"70","FB",0,"17",0.216,0.175,"1","1",0.25,0.125,"1","1","6","2"
"70","FB",0,"17",0.216,0.175,"1","1",0.25,0.125,"1","1","6","2"
"70","FB",0,"17",0.216,0.175,"1","1",0.25,0.125,"1","1","6","2"
"70","FB",0,"17",0.216,0.175,"1","1",0.25,0.125,"1","1","6","2"
"70","FB",1,"17",0.216,0.175,"1","1",0.25,0.125,"1","1","6","2"
"70","FB",1,"17",0.216,0.175,"1","1",0.25,0.125,"1","1","6","2"
"70","LR",0,"17",0.216,0.175,"1","1",0.25,0.125,"1","1","6","2"
"70","LR",0,"17",0.216,0.175,"1","1",0.25,0.125,"1","1","6","2"
"70","LR",0,"17",0.216,0.175,"1","1",0.25,0.125,"1","1","6","2"
"70","LR",0,"17",0.216,0.175,"1","1",0.25,0.125,"1","1","6","2"
"70","LR",0,"17",0.216,0.175,"1","1",0.25,0.125,"1","1","6","2"
"70","LR",0,"17",0.216,0.175,"1","1",0.25,0.125,"1","1","6","2"
"70","LR",0,"17",0.216,0.175,"1","1",0.25,0.125,"1","1","6","2"
"70","LR",1,"17",0.216,0.175,"1","1",0.25,0.125,"1","1","6","2"
"71","FB",0,"17",0.218,0.262,"3","1",0.125,0.375,"1","1","6","2"
"71","FB",0,"17",0.218,0.262,"3","1",0.125,0.375,"1","1","6","2"
"71","FB",0,"17",0.218,0.262,"3","1",0.125,0.375,"1","1","6","2"
"71","FB",0,"17",0.218,0.262,"3","1",0.125,0.375,"1","1","6","2"
"71","FB",0,"17",0.218,0.262,"3","1",0.125,0.375,"1","1","6","2"
"71","FB",0,"17",0.218,0.262,"3","1",0.125,0.375,"1","1","6","2"
"71","FB",0,"17",0.218,0.262,"3","1",0.125,0.375,"1","1","6","2"
"71","FB",1,"17",0.218,0.262,"3","1",0.125,0.375,"1","1","6","2"
"71","LR",0,"17",0.218,0.262,"3","1",0.125,0.375,"1","1","6","2"
"71","LR",0,"17",0.218,0.262,"3","1",0.125,0.375,"1","1","6","2"
"71","LR",0,"17",0.218,0.262,"3","1",0.125,0.375,"1","1","6","2"
"71","LR",0,"17",0.218,0.262,"3","1",0.125,0.375,"1","1","6","2"
"71","LR",0,"17",0.218,0.262,"3","1",0.125,0.375,"1","1","6","2"
"71","LR",1,"17",0.218,0.262,"3","1",0.125,0.375,"1","1","6","2"
"71","LR",1,"17",0.218,0.262,"3","1",0.125,0.375,"1","1","6","2"
"71","LR",1,"17",0.218,0.262,"3","1",0.125,0.375,"1","1","6","2"
"72","FB",0,"9",0.834,0.705,"5","2",0.875,0.875,"2","2","3","1"
"72","FB",1,"9",0.834,0.705,"5","2",0.875,0.875,"2","2","3","1"
"72","FB",1,"9",0.834,0.705,"5","2",0.875,0.875,"2","2","3","1"
"72","FB",1,"9",0.834,0.705,"5","2",0.875,0.875,"2","2","3","1"
"72","FB",1,"9",0.834,0.705,"5","2",0.875,0.875,"2","2","3","1"
"72","FB",1,"9",0.834,0.705,"5","2",0.875,0.875,"2","2","3","1"
"72","FB",1,"9",0.834,0.705,"5","2",0.875,0.875,"2","2","3","1"
"72","FB",1,"9",0.834,0.705,"5","2",0.875,0.875,"2","2","3","1"
"72","LR",0,"9",0.834,0.705,"5","2",0.875,0.875,"2","2","3","1"
"72","LR",1,"9",0.834,0.705,"5","2",0.875,0.875,"2","2","3","1"
"72","LR",1,"9",0.834,0.705,"5","2",0.875,0.875,"2","2","3","1"
"72","LR",1,"9",0.834,0.705,"5","2",0.875,0.875,"2","2","3","1"
"72","LR",1,"9",0.834,0.705,"5","2",0.875,0.875,"2","2","3","1"
"72","LR",1,"9",0.834,0.705,"5","2",0.875,0.875,"2","2","3","1"
"72","LR",1,"9",0.834,0.705,"5","2",0.875,0.875,"2","2","3","1"
"72","LR",1,"9",0.834,0.705,"5","2",0.875,0.875,"2","2","3","1"
"73","FB",0,"9",0.717,0.78,"5","2",0.875,1,"2","2","3","1"
"73","FB",1,"9",0.717,0.78,"5","2",0.875,1,"2","2","3","1"
"73","FB",1,"9",0.717,0.78,"5","2",0.875,1,"2","2","3","1"
"73","FB",1,"9",0.717,0.78,"5","2",0.875,1,"2","2","3","1"
"73","FB",1,"9",0.717,0.78,"5","2",0.875,1,"2","2","3","1"
"73","FB",1,"9",0.717,0.78,"5","2",0.875,1,"2","2","3","1"
"73","FB",1,"9",0.717,0.78,"5","2",0.875,1,"2","2","3","1"
"73","FB",1,"9",0.717,0.78,"5","2",0.875,1,"2","2","3","1"
"73","LR",1,"9",0.717,0.78,"5","2",0.875,1,"2","2","3","1"
"73","LR",1,"9",0.717,0.78,"5","2",0.875,1,"2","2","3","1"
"73","LR",1,"9",0.717,0.78,"5","2",0.875,1,"2","2","3","1"
"73","LR",1,"9",0.717,0.78,"5","2",0.875,1,"2","2","3","1"
"73","LR",1,"9",0.717,0.78,"5","2",0.875,1,"2","2","3","1"
"73","LR",1,"9",0.717,0.78,"5","2",0.875,1,"2","2","3","1"
"73","LR",1,"9",0.717,0.78,"5","2",0.875,1,"2","2","3","1"
"73","LR",1,"9",0.717,0.78,"5","2",0.875,1,"2","2","3","1"
"74","FB",0,"17",0.236,0.276,"3","1",0.25,0.625,"1","1","5","2"
"74","FB",0,"17",0.236,0.276,"3","1",0.25,0.625,"1","1","5","2"
"74","FB",0,"17",0.236,0.276,"3","1",0.25,0.625,"1","1","5","2"
"74","FB",0,"17",0.236,0.276,"3","1",0.25,0.625,"1","1","5","2"
"74","FB",0,"17",0.236,0.276,"3","1",0.25,0.625,"1","1","5","2"
"74","FB",0,"17",0.236,0.276,"3","1",0.25,0.625,"1","1","5","2"
"74","FB",1,"17",0.236,0.276,"3","1",0.25,0.625,"1","1","5","2"
"74","FB",1,"17",0.236,0.276,"3","1",0.25,0.625,"1","1","5","2"
"74","LR",0,"17",0.236,0.276,"3","1",0.25,0.625,"1","1","5","2"
"74","LR",0,"17",0.236,0.276,"3","1",0.25,0.625,"1","1","5","2"
"74","LR",0,"17",0.236,0.276,"3","1",0.25,0.625,"1","1","5","2"
"74","LR",1,"17",0.236,0.276,"3","1",0.25,0.625,"1","1","5","2"
"74","LR",1,"17",0.236,0.276,"3","1",0.25,0.625,"1","1","5","2"
"74","LR",1,"17",0.236,0.276,"3","1",0.25,0.625,"1","1","5","2"
"74","LR",1,"17",0.236,0.276,"3","1",0.25,0.625,"1","1","5","2"
"74","LR",1,"17",0.236,0.276,"3","1",0.25,0.625,"1","1","5","2"
"75","FB",0,"17",0.2,0.205,"3","1",0,0.375,"1","1","6","2"
"75","FB",0,"17",0.2,0.205,"3","1",0,0.375,"1","1","6","2"
"75","FB",0,"17",0.2,0.205,"3","1",0,0.375,"1","1","6","2"
"75","FB",0,"17",0.2,0.205,"3","1",0,0.375,"1","1","6","2"
"75","FB",0,"17",0.2,0.205,"3","1",0,0.375,"1","1","6","2"
"75","FB",0,"17",0.2,0.205,"3","1",0,0.375,"1","1","6","2"
"75","FB",0,"17",0.2,0.205,"3","1",0,0.375,"1","1","6","2"
"75","FB",0,"17",0.2,0.205,"3","1",0,0.375,"1","1","6","2"
"75","LR",0,"17",0.2,0.205,"3","1",0,0.375,"1","1","6","2"
"75","LR",0,"17",0.2,0.205,"3","1",0,0.375,"1","1","6","2"
"75","LR",0,"17",0.2,0.205,"3","1",0,0.375,"1","1","6","2"
"75","LR",0,"17",0.2,0.205,"3","1",0,0.375,"1","1","6","2"
"75","LR",0,"17",0.2,0.205,"3","1",0,0.375,"1","1","6","2"
"75","LR",1,"17",0.2,0.205,"3","1",0,0.375,"1","1","6","2"
"75","LR",1,"17",0.2,0.205,"3","1",0,0.375,"1","1","6","2"
"75","LR",1,"17",0.2,0.205,"3","1",0,0.375,"1","1","6","2"
"76","FB",0,"17",0.233,0.287,"1","1",0.25,0,"1","1","4","2"
"76","FB",0,"17",0.233,0.287,"1","1",0.25,0,"1","1","4","2"
"76","FB",0,"17",0.233,0.287,"1","1",0.25,0,"1","1","4","2"
"76","FB",0,"17",0.233,0.287,"1","1",0.25,0,"1","1","4","2"
"76","FB",0,"17",0.233,0.287,"1","1",0.25,0,"1","1","4","2"
"76","FB",0,"17",0.233,0.287,"1","1",0.25,0,"1","1","4","2"
"76","FB",1,"17",0.233,0.287,"1","1",0.25,0,"1","1","4","2"
"76","FB",1,"17",0.233,0.287,"1","1",0.25,0,"1","1","4","2"
"76","LR",0,"17",0.233,0.287,"1","1",0.25,0,"1","1","4","2"
"76","LR",0,"17",0.233,0.287,"1","1",0.25,0,"1","1","4","2"
"76","LR",0,"17",0.233,0.287,"1","1",0.25,0,"1","1","4","2"
"76","LR",0,"17",0.233,0.287,"1","1",0.25,0,"1","1","4","2"
"76","LR",0,"17",0.233,0.287,"1","1",0.25,0,"1","1","4","2"
"76","LR",0,"17",0.233,0.287,"1","1",0.25,0,"1","1","4","2"
"76","LR",0,"17",0.233,0.287,"1","1",0.25,0,"1","1","4","2"
"76","LR",0,"17",0.233,0.287,"1","1",0.25,0,"1","1","4","2"
"77","FB",0,"9",0.761,0.794,"5","2",0.875,0.875,"2","2","3","1"
"77","FB",1,"9",0.761,0.794,"5","2",0.875,0.875,"2","2","3","1"
"77","FB",1,"9",0.761,0.794,"5","2",0.875,0.875,"2","2","3","1"
"77","FB",1,"9",0.761,0.794,"5","2",0.875,0.875,"2","2","3","1"
"77","FB",1,"9",0.761,0.794,"5","2",0.875,0.875,"2","2","3","1"
"77","FB",1,"9",0.761,0.794,"5","2",0.875,0.875,"2","2","3","1"
"77","FB",1,"9",0.761,0.794,"5","2",0.875,0.875,"2","2","3","1"
"77","FB",1,"9",0.761,0.794,"5","2",0.875,0.875,"2","2","3","1"
"77","LR",0,"9",0.761,0.794,"5","2",0.875,0.875,"2","2","3","1"
"77","LR",1,"9",0.761,0.794,"5","2",0.875,0.875,"2","2","3","1"
"77","LR",1,"9",0.761,0.794,"5","2",0.875,0.875,"2","2","3","1"
"77","LR",1,"9",0.761,0.794,"5","2",0.875,0.875,"2","2","3","1"
"77","LR",1,"9",0.761,0.794,"5","2",0.875,0.875,"2","2","3","1"
"77","LR",1,"9",0.761,0.794,"5","2",0.875,0.875,"2","2","3","1"
"77","LR",1,"9",0.761,0.794,"5","2",0.875,0.875,"2","2","3","1"
"77","LR",1,"9",0.761,0.794,"5","2",0.875,0.875,"2","2","3","1"
"78","FB",0,"9",0.843,0.66,"5","2",0.75,0.625,"2","2","1","1"
"78","FB",0,"9",0.843,0.66,"5","2",0.75,0.625,"2","2","1","1"
"78","FB",1,"9",0.843,0.66,"5","2",0.75,0.625,"2","2","1","1"
"78","FB",1,"9",0.843,0.66,"5","2",0.75,0.625,"2","2","1","1"
"78","FB",1,"9",0.843,0.66,"5","2",0.75,0.625,"2","2","1","1"
"78","FB",1,"9",0.843,0.66,"5","2",0.75,0.625,"2","2","1","1"
"78","FB",1,"9",0.843,0.66,"5","2",0.75,0.625,"2","2","1","1"
"78","FB",1,"9",0.843,0.66,"5","2",0.75,0.625,"2","2","1","1"
"78","LR",0,"9",0.843,0.66,"5","2",0.75,0.625,"2","2","1","1"
"78","LR",0,"9",0.843,0.66,"5","2",0.75,0.625,"2","2","1","1"
"78","LR",0,"9",0.843,0.66,"5","2",0.75,0.625,"2","2","1","1"
"78","LR",1,"9",0.843,0.66,"5","2",0.75,0.625,"2","2","1","1"
"78","LR",1,"9",0.843,0.66,"5","2",0.75,0.625,"2","2","1","1"
"78","LR",1,"9",0.843,0.66,"5","2",0.75,0.625,"2","2","1","1"
"78","LR",1,"9",0.843,0.66,"5","2",0.75,0.625,"2","2","1","1"
"78","LR",1,"9",0.843,0.66,"5","2",0.75,0.625,"2","2","1","1"
"79","FB",0,"9",0.753,0.77,"5","2",0.875,0.875,"2","2","3","1"
"79","FB",1,"9",0.753,0.77,"5","2",0.875,0.875,"2","2","3","1"
"79","FB",1,"9",0.753,0.77,"5","2",0.875,0.875,"2","2","3","1"
"79","FB",1,"9",0.753,0.77,"5","2",0.875,0.875,"2","2","3","1"
"79","FB",1,"9",0.753,0.77,"5","2",0.875,0.875,"2","2","3","1"
"79","FB",1,"9",0.753,0.77,"5","2",0.875,0.875,"2","2","3","1"
"79","FB",1,"9",0.753,0.77,"5","2",0.875,0.875,"2","2","3","1"
"79","FB",1,"9",0.753,0.77,"5","2",0.875,0.875,"2","2","3","1"
"79","LR",0,"9",0.753,0.77,"5","2",0.875,0.875,"2","2","3","1"
"79","LR",1,"9",0.753,0.77,"5","2",0.875,0.875,"2","2","3","1"
"79","LR",1,"9",0.753,0.77,"5","2",0.875,0.875,"2","2","3","1"
"79","LR",1,"9",0.753,0.77,"5","2",0.875,0.875,"2","2","3","1"
"79","LR",1,"9",0.753,0.77,"5","2",0.875,0.875,"2","2","3","1"
"79","LR",1,"9",0.753,0.77,"5","2",0.875,0.875,"2","2","3","1"
"79","LR",1,"9",0.753,0.77,"5","2",0.875,0.875,"2","2","3","1"
"79","LR",1,"9",0.753,0.77,"5","2",0.875,0.875,"2","2","3","1"
"80","FB",0,"17",0.283,0.23,"3","1",0.25,0.25,"1","1","6","2"
"80","FB",0,"17",0.283,0.23,"3","1",0.25,0.25,"1","1","6","2"
"80","FB",0,"17",0.283,0.23,"3","1",0.25,0.25,"1","1","6","2"
"80","FB",0,"17",0.283,0.23,"3","1",0.25,0.25,"1","1","6","2"
"80","FB",0,"17",0.283,0.23,"3","1",0.25,0.25,"1","1","6","2"
"80","FB",0,"17",0.283,0.23,"3","1",0.25,0.25,"1","1","6","2"
"80","FB",1,"17",0.283,0.23,"3","1",0.25,0.25,"1","1","6","2"
"80","FB",1,"17",0.283,0.23,"3","1",0.25,0.25,"1","1","6","2"
"80","LR",0,"17",0.283,0.23,"3","1",0.25,0.25,"1","1","6","2"
"80","LR",0,"17",0.283,0.23,"3","1",0.25,0.25,"1","1","6","2"
"80","LR",0,"17",0.283,0.23,"3","1",0.25,0.25,"1","1","6","2"
"80","LR",0,"17",0.283,0.23,"3","1",0.25,0.25,"1","1","6","2"
"80","LR",0,"17",0.283,0.23,"3","1",0.25,0.25,"1","1","6","2"
"80","LR",0,"17",0.283,0.23,"3","1",0.25,0.25,"1","1","6","2"
"80","LR",1,"17",0.283,0.23,"3","1",0.25,0.25,"1","1","6","2"
"80","LR",1,"17",0.283,0.23,"3","1",0.25,0.25,"1","1","6","2"
"81","FB",0,"9",0.813,0.706,"5","2",0.875,0.75,"2","2","2","1"
"81","FB",1,"9",0.813,0.706,"5","2",0.875,0.75,"2","2","2","1"
"81","FB",1,"9",0.813,0.706,"5","2",0.875,0.75,"2","2","2","1"
"81","FB",1,"9",0.813,0.706,"5","2",0.875,0.75,"2","2","2","1"
"81","FB",1,"9",0.813,0.706,"5","2",0.875,0.75,"2","2","2","1"
"81","FB",1,"9",0.813,0.706,"5","2",0.875,0.75,"2","2","2","1"
"81","FB",1,"9",0.813,0.706,"5","2",0.875,0.75,"2","2","2","1"
"81","FB",1,"9",0.813,0.706,"5","2",0.875,0.75,"2","2","2","1"
"81","LR",0,"9",0.813,0.706,"5","2",0.875,0.75,"2","2","2","1"
"81","LR",0,"9",0.813,0.706,"5","2",0.875,0.75,"2","2","2","1"
"81","LR",1,"9",0.813,0.706,"5","2",0.875,0.75,"2","2","2","1"
"81","LR",1,"9",0.813,0.706,"5","2",0.875,0.75,"2","2","2","1"
"81","LR",1,"9",0.813,0.706,"5","2",0.875,0.75,"2","2","2","1"
"81","LR",1,"9",0.813,0.706,"5","2",0.875,0.75,"2","2","2","1"
"81","LR",1,"9",0.813,0.706,"5","2",0.875,0.75,"2","2","2","1"
"81","LR",1,"9",0.813,0.706,"5","2",0.875,0.75,"2","2","2","1"
"82","FB",0,"9",0.691,0.793,"2","2",0.625,0.75,"2","2","1","1"
"82","FB",0,"9",0.691,0.793,"2","2",0.625,0.75,"2","2","1","1"
"82","FB",0,"9",0.691,0.793,"2","2",0.625,0.75,"2","2","1","1"
"82","FB",1,"9",0.691,0.793,"2","2",0.625,0.75,"2","2","1","1"
"82","FB",1,"9",0.691,0.793,"2","2",0.625,0.75,"2","2","1","1"
"82","FB",1,"9",0.691,0.793,"2","2",0.625,0.75,"2","2","1","1"
"82","FB",1,"9",0.691,0.793,"2","2",0.625,0.75,"2","2","1","1"
"82","FB",1,"9",0.691,0.793,"2","2",0.625,0.75,"2","2","1","1"
"82","LR",0,"9",0.691,0.793,"2","2",0.625,0.75,"2","2","1","1"
"82","LR",0,"9",0.691,0.793,"2","2",0.625,0.75,"2","2","1","1"
"82","LR",1,"9",0.691,0.793,"2","2",0.625,0.75,"2","2","1","1"
"82","LR",1,"9",0.691,0.793,"2","2",0.625,0.75,"2","2","1","1"
"82","LR",1,"9",0.691,0.793,"2","2",0.625,0.75,"2","2","1","1"
"82","LR",1,"9",0.691,0.793,"2","2",0.625,0.75,"2","2","1","1"
"82","LR",1,"9",0.691,0.793,"2","2",0.625,0.75,"2","2","1","1"
"82","LR",1,"9",0.691,0.793,"2","2",0.625,0.75,"2","2","1","1"
"83","FB",0,"17",0.146,0.33,"3","1",0.125,0.625,"1","1","5","2"
"83","FB",0,"17",0.146,0.33,"3","1",0.125,0.625,"1","1","5","2"
"83","FB",0,"17",0.146,0.33,"3","1",0.125,0.625,"1","1","5","2"
"83","FB",0,"17",0.146,0.33,"3","1",0.125,0.625,"1","1","5","2"
"83","FB",0,"17",0.146,0.33,"3","1",0.125,0.625,"1","1","5","2"
"83","FB",0,"17",0.146,0.33,"3","1",0.125,0.625,"1","1","5","2"
"83","FB",0,"17",0.146,0.33,"3","1",0.125,0.625,"1","1","5","2"
"83","FB",1,"17",0.146,0.33,"3","1",0.125,0.625,"1","1","5","2"
"83","LR",0,"17",0.146,0.33,"3","1",0.125,0.625,"1","1","5","2"
"83","LR",0,"17",0.146,0.33,"3","1",0.125,0.625,"1","1","5","2"
"83","LR",0,"17",0.146,0.33,"3","1",0.125,0.625,"1","1","5","2"
"83","LR",1,"17",0.146,0.33,"3","1",0.125,0.625,"1","1","5","2"
"83","LR",1,"17",0.146,0.33,"3","1",0.125,0.625,"1","1","5","2"
"83","LR",1,"17",0.146,0.33,"3","1",0.125,0.625,"1","1","5","2"
"83","LR",1,"17",0.146,0.33,"3","1",0.125,0.625,"1","1","5","2"
"83","LR",1,"17",0.146,0.33,"3","1",0.125,0.625,"1","1","5","2"
"84","FB",0,"9",0.676,0.81,"5","2",0.75,0.625,"2","2","1","1"
"84","FB",0,"9",0.676,0.81,"5","2",0.75,0.625,"2","2","1","1"
"84","FB",1,"9",0.676,0.81,"5","2",0.75,0.625,"2","2","1","1"
"84","FB",1,"9",0.676,0.81,"5","2",0.75,0.625,"2","2","1","1"
"84","FB",1,"9",0.676,0.81,"5","2",0.75,0.625,"2","2","1","1"
"84","FB",1,"9",0.676,0.81,"5","2",0.75,0.625,"2","2","1","1"
"84","FB",1,"9",0.676,0.81,"5","2",0.75,0.625,"2","2","1","1"
"84","FB",1,"9",0.676,0.81,"5","2",0.75,0.625,"2","2","1","1"
"84","LR",0,"9",0.676,0.81,"5","2",0.75,0.625,"2","2","1","1"
"84","LR",0,"9",0.676,0.81,"5","2",0.75,0.625,"2","2","1","1"
"84","LR",0,"9",0.676,0.81,"5","2",0.75,0.625,"2","2","1","1"
"84","LR",1,"9",0.676,0.81,"5","2",0.75,0.625,"2","2","1","1"
"84","LR",1,"9",0.676,0.81,"5","2",0.75,0.625,"2","2","1","1"
"84","LR",1,"9",0.676,0.81,"5","2",0.75,0.625,"2","2","1","1"
"84","LR",1,"9",0.676,0.81,"5","2",0.75,0.625,"2","2","1","1"
"84","LR",1,"9",0.676,0.81,"5","2",0.75,0.625,"2","2","1","1"
"85","FB",0,"9",0.755,0.716,"5","2",0.875,0.5,"2","2","1","1"
"85","FB",1,"9",0.755,0.716,"5","2",0.875,0.5,"2","2","1","1"
"85","FB",1,"9",0.755,0.716,"5","2",0.875,0.5,"2","2","1","1"
"85","FB",1,"9",0.755,0.716,"5","2",0.875,0.5,"2","2","1","1"
"85","FB",1,"9",0.755,0.716,"5","2",0.875,0.5,"2","2","1","1"
"85","FB",1,"9",0.755,0.716,"5","2",0.875,0.5,"2","2","1","1"
"85","FB",1,"9",0.755,0.716,"5","2",0.875,0.5,"2","2","1","1"
"85","FB",1,"9",0.755,0.716,"5","2",0.875,0.5,"2","2","1","1"
"85","LR",0,"9",0.755,0.716,"5","2",0.875,0.5,"2","2","1","1"
"85","LR",0,"9",0.755,0.716,"5","2",0.875,0.5,"2","2","1","1"
"85","LR",0,"9",0.755,0.716,"5","2",0.875,0.5,"2","2","1","1"
"85","LR",0,"9",0.755,0.716,"5","2",0.875,0.5,"2","2","1","1"
"85","LR",1,"9",0.755,0.716,"5","2",0.875,0.5,"2","2","1","1"
"85","LR",1,"9",0.755,0.716,"5","2",0.875,0.5,"2","2","1","1"
"85","LR",1,"9",0.755,0.716,"5","2",0.875,0.5,"2","2","1","1"
"85","LR",1,"9",0.755,0.716,"5","2",0.875,0.5,"2","2","1","1"
"86","FB",0,"17",0.269,0.297,"3","1",0.25,0.5,"1","1","5","2"
"86","FB",0,"17",0.269,0.297,"3","1",0.25,0.5,"1","1","5","2"
"86","FB",0,"17",0.269,0.297,"3","1",0.25,0.5,"1","1","5","2"
"86","FB",0,"17",0.269,0.297,"3","1",0.25,0.5,"1","1","5","2"
"86","FB",0,"17",0.269,0.297,"3","1",0.25,0.5,"1","1","5","2"
"86","FB",0,"17",0.269,0.297,"3","1",0.25,0.5,"1","1","5","2"
"86","FB",1,"17",0.269,0.297,"3","1",0.25,0.5,"1","1","5","2"
"86","FB",1,"17",0.269,0.297,"3","1",0.25,0.5,"1","1","5","2"
"86","LR",0,"17",0.269,0.297,"3","1",0.25,0.5,"1","1","5","2"
"86","LR",0,"17",0.269,0.297,"3","1",0.25,0.5,"1","1","5","2"
"86","LR",0,"17",0.269,0.297,"3","1",0.25,0.5,"1","1","5","2"
"86","LR",0,"17",0.269,0.297,"3","1",0.25,0.5,"1","1","5","2"
"86","LR",1,"17",0.269,0.297,"3","1",0.25,0.5,"1","1","5","2"
"86","LR",1,"17",0.269,0.297,"3","1",0.25,0.5,"1","1","5","2"
"86","LR",1,"17",0.269,0.297,"3","1",0.25,0.5,"1","1","5","2"
"86","LR",1,"17",0.269,0.297,"3","1",0.25,0.5,"1","1","5","2"
"87","FB",0,"9",0.771,0.705,"5","2",0.75,0.75,"2","2","2","1"
"87","FB",0,"9",0.771,0.705,"5","2",0.75,0.75,"2","2","2","1"
"87","FB",1,"9",0.771,0.705,"5","2",0.75,0.75,"2","2","2","1"
"87","FB",1,"9",0.771,0.705,"5","2",0.75,0.75,"2","2","2","1"
"87","FB",1,"9",0.771,0.705,"5","2",0.75,0.75,"2","2","2","1"
"87","FB",1,"9",0.771,0.705,"5","2",0.75,0.75,"2","2","2","1"
"87","FB",1,"9",0.771,0.705,"5","2",0.75,0.75,"2","2","2","1"
"87","FB",1,"9",0.771,0.705,"5","2",0.75,0.75,"2","2","2","1"
"87","LR",0,"9",0.771,0.705,"5","2",0.75,0.75,"2","2","2","1"
"87","LR",0,"9",0.771,0.705,"5","2",0.75,0.75,"2","2","2","1"
"87","LR",1,"9",0.771,0.705,"5","2",0.75,0.75,"2","2","2","1"
"87","LR",1,"9",0.771,0.705,"5","2",0.75,0.75,"2","2","2","1"
"87","LR",1,"9",0.771,0.705,"5","2",0.75,0.75,"2","2","2","1"
"87","LR",1,"9",0.771,0.705,"5","2",0.75,0.75,"2","2","2","1"
"87","LR",1,"9",0.771,0.705,"5","2",0.75,0.75,"2","2","2","1"
"87","LR",1,"9",0.771,0.705,"5","2",0.75,0.75,"2","2","2","1"
"88","FB",0,"17",0.321,0.269,"4","1",0.375,0.375,"1","1","5","2"
"88","FB",0,"17",0.321,0.269,"4","1",0.375,0.375,"1","1","5","2"
"88","FB",0,"17",0.321,0.269,"4","1",0.375,0.375,"1","1","5","2"
"88","FB",0,"17",0.321,0.269,"4","1",0.375,0.375,"1","1","5","2"
"88","FB",0,"17",0.321,0.269,"4","1",0.375,0.375,"1","1","5","2"
"88","FB",1,"17",0.321,0.269,"4","1",0.375,0.375,"1","1","5","2"
"88","FB",1,"17",0.321,0.269,"4","1",0.375,0.375,"1","1","5","2"
"88","FB",1,"17",0.321,0.269,"4","1",0.375,0.375,"1","1","5","2"
"88","LR",0,"17",0.321,0.269,"4","1",0.375,0.375,"1","1","5","2"
"88","LR",0,"17",0.321,0.269,"4","1",0.375,0.375,"1","1","5","2"
"88","LR",0,"17",0.321,0.269,"4","1",0.375,0.375,"1","1","5","2"
"88","LR",0,"17",0.321,0.269,"4","1",0.375,0.375,"1","1","5","2"
"88","LR",0,"17",0.321,0.269,"4","1",0.375,0.375,"1","1","5","2"
"88","LR",1,"17",0.321,0.269,"4","1",0.375,0.375,"1","1","5","2"
"88","LR",1,"17",0.321,0.269,"4","1",0.375,0.375,"1","1","5","2"
"88","LR",1,"17",0.321,0.269,"4","1",0.375,0.375,"1","1","5","2"
"89","FB",0,"9",0.758,0.728,"2","2",0.625,0.625,"2","2","1","1"
"89","FB",0,"9",0.758,0.728,"2","2",0.625,0.625,"2","2","1","1"
"89","FB",0,"9",0.758,0.728,"2","2",0.625,0.625,"2","2","1","1"
"89","FB",1,"9",0.758,0.728,"2","2",0.625,0.625,"2","2","1","1"
"89","FB",1,"9",0.758,0.728,"2","2",0.625,0.625,"2","2","1","1"
"89","FB",1,"9",0.758,0.728,"2","2",0.625,0.625,"2","2","1","1"
"89","FB",1,"9",0.758,0.728,"2","2",0.625,0.625,"2","2","1","1"
"89","FB",1,"9",0.758,0.728,"2","2",0.625,0.625,"2","2","1","1"
"89","LR",0,"9",0.758,0.728,"2","2",0.625,0.625,"2","2","1","1"
"89","LR",0,"9",0.758,0.728,"2","2",0.625,0.625,"2","2","1","1"
"89","LR",0,"9",0.758,0.728,"2","2",0.625,0.625,"2","2","1","1"
"89","LR",1,"9",0.758,0.728,"2","2",0.625,0.625,"2","2","1","1"
"89","LR",1,"9",0.758,0.728,"2","2",0.625,0.625,"2","2","1","1"
"89","LR",1,"9",0.758,0.728,"2","2",0.625,0.625,"2","2","1","1"
"89","LR",1,"9",0.758,0.728,"2","2",0.625,0.625,"2","2","1","1"
"89","LR",1,"9",0.758,0.728,"2","2",0.625,0.625,"2","2","1","1"
"90","FB",0,"17",0.229,0.222,"3","1",0,0.375,"1","1","6","2"
"90","FB",0,"17",0.229,0.222,"3","1",0,0.375,"1","1","6","2"
"90","FB",0,"17",0.229,0.222,"3","1",0,0.375,"1","1","6","2"
"90","FB",0,"17",0.229,0.222,"3","1",0,0.375,"1","1","6","2"
"90","FB",0,"17",0.229,0.222,"3","1",0,0.375,"1","1","6","2"
"90","FB",0,"17",0.229,0.222,"3","1",0,0.375,"1","1","6","2"
"90","FB",0,"17",0.229,0.222,"3","1",0,0.375,"1","1","6","2"
"90","FB",0,"17",0.229,0.222,"3","1",0,0.375,"1","1","6","2"
"90","LR",0,"17",0.229,0.222,"3","1",0,0.375,"1","1","6","2"
"90","LR",0,"17",0.229,0.222,"3","1",0,0.375,"1","1","6","2"
"90","LR",0,"17",0.229,0.222,"3","1",0,0.375,"1","1","6","2"
"90","LR",0,"17",0.229,0.222,"3","1",0,0.375,"1","1","6","2"
"90","LR",0,"17",0.229,0.222,"3","1",0,0.375,"1","1","6","2"
"90","LR",1,"17",0.229,0.222,"3","1",0,0.375,"1","1","6","2"
"90","LR",1,"17",0.229,0.222,"3","1",0,0.375,"1","1","6","2"
"90","LR",1,"17",0.229,0.222,"3","1",0,0.375,"1","1","6","2"
"91","FB",0,"17",0.352,0.261,"4","1",0.5,0.25,"1","1","5","2"
"91","FB",0,"17",0.352,0.261,"4","1",0.5,0.25,"1","1","5","2"
"91","FB",0,"17",0.352,0.261,"4","1",0.5,0.25,"1","1","5","2"
"91","FB",0,"17",0.352,0.261,"4","1",0.5,0.25,"1","1","5","2"
"91","FB",1,"17",0.352,0.261,"4","1",0.5,0.25,"1","1","5","2"
"91","FB",1,"17",0.352,0.261,"4","1",0.5,0.25,"1","1","5","2"
"91","FB",1,"17",0.352,0.261,"4","1",0.5,0.25,"1","1","5","2"
"91","FB",1,"17",0.352,0.261,"4","1",0.5,0.25,"1","1","5","2"
"91","LR",0,"17",0.352,0.261,"4","1",0.5,0.25,"1","1","5","2"
"91","LR",0,"17",0.352,0.261,"4","1",0.5,0.25,"1","1","5","2"
"91","LR",0,"17",0.352,0.261,"4","1",0.5,0.25,"1","1","5","2"
"91","LR",0,"17",0.352,0.261,"4","1",0.5,0.25,"1","1","5","2"
"91","LR",0,"17",0.352,0.261,"4","1",0.5,0.25,"1","1","5","2"
"91","LR",0,"17",0.352,0.261,"4","1",0.5,0.25,"1","1","5","2"
"91","LR",1,"17",0.352,0.261,"4","1",0.5,0.25,"1","1","5","2"
"91","LR",1,"17",0.352,0.261,"4","1",0.5,0.25,"1","1","5","2"
"92","FB",0,"17",0.225,0.252,"3","1",0.25,0.375,"1","1","5","2"
"92","FB",0,"17",0.225,0.252,"3","1",0.25,0.375,"1","1","5","2"
"92","FB",0,"17",0.225,0.252,"3","1",0.25,0.375,"1","1","5","2"
"92","FB",0,"17",0.225,0.252,"3","1",0.25,0.375,"1","1","5","2"
"92","FB",0,"17",0.225,0.252,"3","1",0.25,0.375,"1","1","5","2"
"92","FB",0,"17",0.225,0.252,"3","1",0.25,0.375,"1","1","5","2"
"92","FB",1,"17",0.225,0.252,"3","1",0.25,0.375,"1","1","5","2"
"92","FB",1,"17",0.225,0.252,"3","1",0.25,0.375,"1","1","5","2"
"92","LR",0,"17",0.225,0.252,"3","1",0.25,0.375,"1","1","5","2"
"92","LR",0,"17",0.225,0.252,"3","1",0.25,0.375,"1","1","5","2"
"92","LR",0,"17",0.225,0.252,"3","1",0.25,0.375,"1","1","5","2"
"92","LR",0,"17",0.225,0.252,"3","1",0.25,0.375,"1","1","5","2"
"92","LR",0,"17",0.225,0.252,"3","1",0.25,0.375,"1","1","5","2"
"92","LR",1,"17",0.225,0.252,"3","1",0.25,0.375,"1","1","5","2"
"92","LR",1,"17",0.225,0.252,"3","1",0.25,0.375,"1","1","5","2"
"92","LR",1,"17",0.225,0.252,"3","1",0.25,0.375,"1","1","5","2"
"93","FB",0,"9",0.65,0.726,"5","2",0.875,0.75,"2","2","2","1"
"93","FB",1,"9",0.65,0.726,"5","2",0.875,0.75,"2","2","2","1"
"93","FB",1,"9",0.65,0.726,"5","2",0.875,0.75,"2","2","2","1"
"93","FB",1,"9",0.65,0.726,"5","2",0.875,0.75,"2","2","2","1"
"93","FB",1,"9",0.65,0.726,"5","2",0.875,0.75,"2","2","2","1"
"93","FB",1,"9",0.65,0.726,"5","2",0.875,0.75,"2","2","2","1"
"93","FB",1,"9",0.65,0.726,"5","2",0.875,0.75,"2","2","2","1"
"93","FB",1,"9",0.65,0.726,"5","2",0.875,0.75,"2","2","2","1"
"93","LR",0,"9",0.65,0.726,"5","2",0.875,0.75,"2","2","2","1"
"93","LR",0,"9",0.65,0.726,"5","2",0.875,0.75,"2","2","2","1"
"93","LR",1,"9",0.65,0.726,"5","2",0.875,0.75,"2","2","2","1"
"93","LR",1,"9",0.65,0.726,"5","2",0.875,0.75,"2","2","2","1"
"93","LR",1,"9",0.65,0.726,"5","2",0.875,0.75,"2","2","2","1"
"93","LR",1,"9",0.65,0.726,"5","2",0.875,0.75,"2","2","2","1"
"93","LR",1,"9",0.65,0.726,"5","2",0.875,0.75,"2","2","2","1"
"93","LR",1,"9",0.65,0.726,"5","2",0.875,0.75,"2","2","2","1"
"94","FB",0,"17",0.266,0.228,"1","1",0.25,0.125,"1","1","6","2"
"94","FB",0,"17",0.266,0.228,"1","1",0.25,0.125,"1","1","6","2"
"94","FB",0,"17",0.266,0.228,"1","1",0.25,0.125,"1","1","6","2"
"94","FB",0,"17",0.266,0.228,"1","1",0.25,0.125,"1","1","6","2"
"94","FB",0,"17",0.266,0.228,"1","1",0.25,0.125,"1","1","6","2"
"94","FB",0,"17",0.266,0.228,"1","1",0.25,0.125,"1","1","6","2"
"94","FB",1,"17",0.266,0.228,"1","1",0.25,0.125,"1","1","6","2"
"94","FB",1,"17",0.266,0.228,"1","1",0.25,0.125,"1","1","6","2"
"94","LR",0,"17",0.266,0.228,"1","1",0.25,0.125,"1","1","6","2"
"94","LR",0,"17",0.266,0.228,"1","1",0.25,0.125,"1","1","6","2"
"94","LR",0,"17",0.266,0.228,"1","1",0.25,0.125,"1","1","6","2"
"94","LR",0,"17",0.266,0.228,"1","1",0.25,0.125,"1","1","6","2"
"94","LR",0,"17",0.266,0.228,"1","1",0.25,0.125,"1","1","6","2"
"94","LR",0,"17",0.266,0.228,"1","1",0.25,0.125,"1","1","6","2"
"94","LR",0,"17",0.266,0.228,"1","1",0.25,0.125,"1","1","6","2"
"94","LR",1,"17",0.266,0.228,"1","1",0.25,0.125,"1","1","6","2"
"95","FB",0,"17",0.261,0.175,"1","1",0.125,0.125,"1","1","4","2"
"95","FB",0,"17",0.261,0.175,"1","1",0.125,0.125,"1","1","4","2"
"95","FB",0,"17",0.261,0.175,"1","1",0.125,0.125,"1","1","4","2"
"95","FB",0,"17",0.261,0.175,"1","1",0.125,0.125,"1","1","4","2"
"95","FB",0,"17",0.261,0.175,"1","1",0.125,0.125,"1","1","4","2"
"95","FB",0,"17",0.261,0.175,"1","1",0.125,0.125,"1","1","4","2"
"95","FB",0,"17",0.261,0.175,"1","1",0.125,0.125,"1","1","4","2"
"95","FB",1,"17",0.261,0.175,"1","1",0.125,0.125,"1","1","4","2"
"95","LR",0,"17",0.261,0.175,"1","1",0.125,0.125,"1","1","4","2"
"95","LR",0,"17",0.261,0.175,"1","1",0.125,0.125,"1","1","4","2"
"95","LR",0,"17",0.261,0.175,"1","1",0.125,0.125,"1","1","4","2"
"95","LR",0,"17",0.261,0.175,"1","1",0.125,0.125,"1","1","4","2"
"95","LR",0,"17",0.261,0.175,"1","1",0.125,0.125,"1","1","4","2"
"95","LR",0,"17",0.261,0.175,"1","1",0.125,0.125,"1","1","4","2"
"95","LR",0,"17",0.261,0.175,"1","1",0.125,0.125,"1","1","4","2"
"95","LR",1,"17",0.261,0.175,"1","1",0.125,0.125,"1","1","4","2"
"96","FB",0,"9",0.733,0.85,"5","2",0.875,0.875,"2","2","3","1"
"96","FB",1,"9",0.733,0.85,"5","2",0.875,0.875,"2","2","3","1"
"96","FB",1,"9",0.733,0.85,"5","2",0.875,0.875,"2","2","3","1"
"96","FB",1,"9",0.733,0.85,"5","2",0.875,0.875,"2","2","3","1"
"96","FB",1,"9",0.733,0.85,"5","2",0.875,0.875,"2","2","3","1"
"96","FB",1,"9",0.733,0.85,"5","2",0.875,0.875,"2","2","3","1"
"96","FB",1,"9",0.733,0.85,"5","2",0.875,0.875,"2","2","3","1"
"96","FB",1,"9",0.733,0.85,"5","2",0.875,0.875,"2","2","3","1"
"96","LR",0,"9",0.733,0.85,"5","2",0.875,0.875,"2","2","3","1"
"96","LR",1,"9",0.733,0.85,"5","2",0.875,0.875,"2","2","3","1"
"96","LR",1,"9",0.733,0.85,"5","2",0.875,0.875,"2","2","3","1"
"96","LR",1,"9",0.733,0.85,"5","2",0.875,0.875,"2","2","3","1"
"96","LR",1,"9",0.733,0.85,"5","2",0.875,0.875,"2","2","3","1"
"96","LR",1,"9",0.733,0.85,"5","2",0.875,0.875,"2","2","3","1"
"96","LR",1,"9",0.733,0.85,"5","2",0.875,0.875,"2","2","3","1"
"96","LR",1,"9",0.733,0.85,"5","2",0.875,0.875,"2","2","3","1"
"97","FB",0,"9",0.731,0.826,"5","2",0.75,0.75,"2","2","2","1"
"97","FB",0,"9",0.731,0.826,"5","2",0.75,0.75,"2","2","2","1"
"97","FB",1,"9",0.731,0.826,"5","2",0.75,0.75,"2","2","2","1"
"97","FB",1,"9",0.731,0.826,"5","2",0.75,0.75,"2","2","2","1"
"97","FB",1,"9",0.731,0.826,"5","2",0.75,0.75,"2","2","2","1"
"97","FB",1,"9",0.731,0.826,"5","2",0.75,0.75,"2","2","2","1"
"97","FB",1,"9",0.731,0.826,"5","2",0.75,0.75,"2","2","2","1"
"97","FB",1,"9",0.731,0.826,"5","2",0.75,0.75,"2","2","2","1"
"97","LR",0,"9",0.731,0.826,"5","2",0.75,0.75,"2","2","2","1"
"97","LR",0,"9",0.731,0.826,"5","2",0.75,0.75,"2","2","2","1"
"97","LR",1,"9",0.731,0.826,"5","2",0.75,0.75,"2","2","2","1"
"97","LR",1,"9",0.731,0.826,"5","2",0.75,0.75,"2","2","2","1"
"97","LR",1,"9",0.731,0.826,"5","2",0.75,0.75,"2","2","2","1"
"97","LR",1,"9",0.731,0.826,"5","2",0.75,0.75,"2","2","2","1"
"97","LR",1,"9",0.731,0.826,"5","2",0.75,0.75,"2","2","2","1"
"97","LR",1,"9",0.731,0.826,"5","2",0.75,0.75,"2","2","2","1"
"98","FB",0,"17",0.285,0.22,"1","1",0.25,0.125,"1","1","6","2"
"98","FB",0,"17",0.285,0.22,"1","1",0.25,0.125,"1","1","6","2"
"98","FB",0,"17",0.285,0.22,"1","1",0.25,0.125,"1","1","6","2"
"98","FB",0,"17",0.285,0.22,"1","1",0.25,0.125,"1","1","6","2"
"98","FB",0,"17",0.285,0.22,"1","1",0.25,0.125,"1","1","6","2"
"98","FB",0,"17",0.285,0.22,"1","1",0.25,0.125,"1","1","6","2"
"98","FB",1,"17",0.285,0.22,"1","1",0.25,0.125,"1","1","6","2"
"98","FB",1,"17",0.285,0.22,"1","1",0.25,0.125,"1","1","6","2"
"98","LR",0,"17",0.285,0.22,"1","1",0.25,0.125,"1","1","6","2"
"98","LR",0,"17",0.285,0.22,"1","1",0.25,0.125,"1","1","6","2"
"98","LR",0,"17",0.285,0.22,"1","1",0.25,0.125,"1","1","6","2"
"98","LR",0,"17",0.285,0.22,"1","1",0.25,0.125,"1","1","6","2"
"98","LR",0,"17",0.285,0.22,"1","1",0.25,0.125,"1","1","6","2"
"98","LR",0,"17",0.285,0.22,"1","1",0.25,0.125,"1","1","6","2"
"98","LR",0,"17",0.285,0.22,"1","1",0.25,0.125,"1","1","6","2"
"98","LR",1,"17",0.285,0.22,"1","1",0.25,0.125,"1","1","6","2"
"99","FB",0,"17",0.099,0.156,"1","1",0,0.125,"1","1","4","2"
"99","FB",0,"17",0.099,0.156,"1","1",0,0.125,"1","1","4","2"
"99","FB",0,"17",0.099,0.156,"1","1",0,0.125,"1","1","4","2"
"99","FB",0,"17",0.099,0.156,"1","1",0,0.125,"1","1","4","2"
"99","FB",0,"17",0.099,0.156,"1","1",0,0.125,"1","1","4","2"
"99","FB",0,"17",0.099,0.156,"1","1",0,0.125,"1","1","4","2"
"99","FB",0,"17",0.099,0.156,"1","1",0,0.125,"1","1","4","2"
"99","FB",0,"17",0.099,0.156,"1","1",0,0.125,"1","1","4","2"
"99","LR",0,"17",0.099,0.156,"1","1",0,0.125,"1","1","4","2"
"99","LR",0,"17",0.099,0.156,"1","1",0,0.125,"1","1","4","2"
"99","LR",0,"17",0.099,0.156,"1","1",0,0.125,"1","1","4","2"
"99","LR",0,"17",0.099,0.156,"1","1",0,0.125,"1","1","4","2"
"99","LR",0,"17",0.099,0.156,"1","1",0,0.125,"1","1","4","2"
"99","LR",0,"17",0.099,0.156,"1","1",0,0.125,"1","1","4","2"
"99","LR",0,"17",0.099,0.156,"1","1",0,0.125,"1","1","4","2"
"99","LR",1,"17",0.099,0.156,"1","1",0,0.125,"1","1","4","2"
"100","FB",0,"17",0.264,0.395,"4","1",0.375,0.5,"1","1","5","2"
"100","FB",0,"17",0.264,0.395,"4","1",0.375,0.5,"1","1","5","2"
"100","FB",0,"17",0.264,0.395,"4","1",0.375,0.5,"1","1","5","2"
"100","FB",0,"17",0.264,0.395,"4","1",0.375,0.5,"1","1","5","2"
"100","FB",0,"17",0.264,0.395,"4","1",0.375,0.5,"1","1","5","2"
"100","FB",1,"17",0.264,0.395,"4","1",0.375,0.5,"1","1","5","2"
"100","FB",1,"17",0.264,0.395,"4","1",0.375,0.5,"1","1","5","2"
"100","FB",1,"17",0.264,0.395,"4","1",0.375,0.5,"1","1","5","2"
"100","LR",0,"17",0.264,0.395,"4","1",0.375,0.5,"1","1","5","2"
"100","LR",0,"17",0.264,0.395,"4","1",0.375,0.5,"1","1","5","2"
"100","LR",0,"17",0.264,0.395,"4","1",0.375,0.5,"1","1","5","2"
"100","LR",0,"17",0.264,0.395,"4","1",0.375,0.5,"1","1","5","2"
"100","LR",1,"17",0.264,0.395,"4","1",0.375,0.5,"1","1","5","2"
"100","LR",1,"17",0.264,0.395,"4","1",0.375,0.5,"1","1","5","2"
"100","LR",1,"17",0.264,0.395,"4","1",0.375,0.5,"1","1","5","2"
"100","LR",1,"17",0.264,0.395,"4","1",0.375,0.5,"1","1","5","2"
"101","FB",0,"9",0.669,0.77,"5","2",0.875,0.5,"2","2","1","1"
"101","FB",1,"9",0.669,0.77,"5","2",0.875,0.5,"2","2","1","1"
"101","FB",1,"9",0.669,0.77,"5","2",0.875,0.5,"2","2","1","1"
"101","FB",1,"9",0.669,0.77,"5","2",0.875,0.5,"2","2","1","1"
"101","FB",1,"9",0.669,0.77,"5","2",0.875,0.5,"2","2","1","1"
"101","FB",1,"9",0.669,0.77,"5","2",0.875,0.5,"2","2","1","1"
"101","FB",1,"9",0.669,0.77,"5","2",0.875,0.5,"2","2","1","1"
"101","FB",1,"9",0.669,0.77,"5","2",0.875,0.5,"2","2","1","1"
"101","LR",0,"9",0.669,0.77,"5","2",0.875,0.5,"2","2","1","1"
"101","LR",0,"9",0.669,0.77,"5","2",0.875,0.5,"2","2","1","1"
"101","LR",0,"9",0.669,0.77,"5","2",0.875,0.5,"2","2","1","1"
"101","LR",0,"9",0.669,0.77,"5","2",0.875,0.5,"2","2","1","1"
"101","LR",1,"9",0.669,0.77,"5","2",0.875,0.5,"2","2","1","1"
"101","LR",1,"9",0.669,0.77,"5","2",0.875,0.5,"2","2","1","1"
"101","LR",1,"9",0.669,0.77,"5","2",0.875,0.5,"2","2","1","1"
"101","LR",1,"9",0.669,0.77,"5","2",0.875,0.5,"2","2","1","1"
"102","FB",0,"9",0.804,0.704,"2","2",0.625,0.625,"2","2","1","1"
"102","FB",0,"9",0.804,0.704,"2","2",0.625,0.625,"2","2","1","1"
"102","FB",0,"9",0.804,0.704,"2","2",0.625,0.625,"2","2","1","1"
"102","FB",1,"9",0.804,0.704,"2","2",0.625,0.625,"2","2","1","1"
"102","FB",1,"9",0.804,0.704,"2","2",0.625,0.625,"2","2","1","1"
"102","FB",1,"9",0.804,0.704,"2","2",0.625,0.625,"2","2","1","1"
"102","FB",1,"9",0.804,0.704,"2","2",0.625,0.625,"2","2","1","1"
"102","FB",1,"9",0.804,0.704,"2","2",0.625,0.625,"2","2","1","1"
"102","LR",0,"9",0.804,0.704,"2","2",0.625,0.625,"2","2","1","1"
"102","LR",0,"9",0.804,0.704,"2","2",0.625,0.625,"2","2","1","1"
"102","LR",0,"9",0.804,0.704,"2","2",0.625,0.625,"2","2","1","1"
"102","LR",1,"9",0.804,0.704,"2","2",0.625,0.625,"2","2","1","1"
"102","LR",1,"9",0.804,0.704,"2","2",0.625,0.625,"2","2","1","1"
"102","LR",1,"9",0.804,0.704,"2","2",0.625,0.625,"2","2","1","1"
"102","LR",1,"9",0.804,0.704,"2","2",0.625,0.625,"2","2","1","1"
"102","LR",1,"9",0.804,0.704,"2","2",0.625,0.625,"2","2","1","1"
"103","FB",0,"9",0.687,0.769,"2","2",0.625,1,"2","2","2","1"
"103","FB",0,"9",0.687,0.769,"2","2",0.625,1,"2","2","2","1"
"103","FB",0,"9",0.687,0.769,"2","2",0.625,1,"2","2","2","1"
"103","FB",1,"9",0.687,0.769,"2","2",0.625,1,"2","2","2","1"
"103","FB",1,"9",0.687,0.769,"2","2",0.625,1,"2","2","2","1"
"103","FB",1,"9",0.687,0.769,"2","2",0.625,1,"2","2","2","1"
"103","FB",1,"9",0.687,0.769,"2","2",0.625,1,"2","2","2","1"
"103","FB",1,"9",0.687,0.769,"2","2",0.625,1,"2","2","2","1"
"103","LR",1,"9",0.687,0.769,"2","2",0.625,1,"2","2","2","1"
"103","LR",1,"9",0.687,0.769,"2","2",0.625,1,"2","2","2","1"
"103","LR",1,"9",0.687,0.769,"2","2",0.625,1,"2","2","2","1"
"103","LR",1,"9",0.687,0.769,"2","2",0.625,1,"2","2","2","1"
"103","LR",1,"9",0.687,0.769,"2","2",0.625,1,"2","2","2","1"
"103","LR",1,"9",0.687,0.769,"2","2",0.625,1,"2","2","2","1"
"103","LR",1,"9",0.687,0.769,"2","2",0.625,1,"2","2","2","1"
"103","LR",1,"9",0.687,0.769,"2","2",0.625,1,"2","2","2","1"
"104","FB",0,"9",0.762,0.827,"2","2",0.625,0.875,"2","2","2","1"
"104","FB",0,"9",0.762,0.827,"2","2",0.625,0.875,"2","2","2","1"
"104","FB",0,"9",0.762,0.827,"2","2",0.625,0.875,"2","2","2","1"
"104","FB",1,"9",0.762,0.827,"2","2",0.625,0.875,"2","2","2","1"
"104","FB",1,"9",0.762,0.827,"2","2",0.625,0.875,"2","2","2","1"
"104","FB",1,"9",0.762,0.827,"2","2",0.625,0.875,"2","2","2","1"
"104","FB",1,"9",0.762,0.827,"2","2",0.625,0.875,"2","2","2","1"
"104","FB",1,"9",0.762,0.827,"2","2",0.625,0.875,"2","2","2","1"
"104","LR",0,"9",0.762,0.827,"2","2",0.625,0.875,"2","2","2","1"
"104","LR",1,"9",0.762,0.827,"2","2",0.625,0.875,"2","2","2","1"
"104","LR",1,"9",0.762,0.827,"2","2",0.625,0.875,"2","2","2","1"
"104","LR",1,"9",0.762,0.827,"2","2",0.625,0.875,"2","2","2","1"
"104","LR",1,"9",0.762,0.827,"2","2",0.625,0.875,"2","2","2","1"
"104","LR",1,"9",0.762,0.827,"2","2",0.625,0.875,"2","2","2","1"
"104","LR",1,"9",0.762,0.827,"2","2",0.625,0.875,"2","2","2","1"
"104","LR",1,"9",0.762,0.827,"2","2",0.625,0.875,"2","2","2","1"
"105","FB",0,"9",0.711,0.759,"5","2",0.75,0.625,"2","2","1","1"
"105","FB",0,"9",0.711,0.759,"5","2",0.75,0.625,"2","2","1","1"
"105","FB",1,"9",0.711,0.759,"5","2",0.75,0.625,"2","2","1","1"
"105","FB",1,"9",0.711,0.759,"5","2",0.75,0.625,"2","2","1","1"
"105","FB",1,"9",0.711,0.759,"5","2",0.75,0.625,"2","2","1","1"
"105","FB",1,"9",0.711,0.759,"5","2",0.75,0.625,"2","2","1","1"
"105","FB",1,"9",0.711,0.759,"5","2",0.75,0.625,"2","2","1","1"
"105","FB",1,"9",0.711,0.759,"5","2",0.75,0.625,"2","2","1","1"
"105","LR",0,"9",0.711,0.759,"5","2",0.75,0.625,"2","2","1","1"
"105","LR",0,"9",0.711,0.759,"5","2",0.75,0.625,"2","2","1","1"
"105","LR",0,"9",0.711,0.759,"5","2",0.75,0.625,"2","2","1","1"
"105","LR",1,"9",0.711,0.759,"5","2",0.75,0.625,"2","2","1","1"
"105","LR",1,"9",0.711,0.759,"5","2",0.75,0.625,"2","2","1","1"
"105","LR",1,"9",0.711,0.759,"5","2",0.75,0.625,"2","2","1","1"
"105","LR",1,"9",0.711,0.759,"5","2",0.75,0.625,"2","2","1","1"
"105","LR",1,"9",0.711,0.759,"5","2",0.75,0.625,"2","2","1","1"
"106","FB",0,"17",0.231,0.209,"3","1",0.125,0.25,"1","1","6","2"
"106","FB",0,"17",0.231,0.209,"3","1",0.125,0.25,"1","1","6","2"
"106","FB",0,"17",0.231,0.209,"3","1",0.125,0.25,"1","1","6","2"
"106","FB",0,"17",0.231,0.209,"3","1",0.125,0.25,"1","1","6","2"
"106","FB",0,"17",0.231,0.209,"3","1",0.125,0.25,"1","1","6","2"
"106","FB",0,"17",0.231,0.209,"3","1",0.125,0.25,"1","1","6","2"
"106","FB",0,"17",0.231,0.209,"3","1",0.125,0.25,"1","1","6","2"
"106","FB",1,"17",0.231,0.209,"3","1",0.125,0.25,"1","1","6","2"
"106","LR",0,"17",0.231,0.209,"3","1",0.125,0.25,"1","1","6","2"
"106","LR",0,"17",0.231,0.209,"3","1",0.125,0.25,"1","1","6","2"
"106","LR",0,"17",0.231,0.209,"3","1",0.125,0.25,"1","1","6","2"
"106","LR",0,"17",0.231,0.209,"3","1",0.125,0.25,"1","1","6","2"
"106","LR",0,"17",0.231,0.209,"3","1",0.125,0.25,"1","1","6","2"
"106","LR",0,"17",0.231,0.209,"3","1",0.125,0.25,"1","1","6","2"
"106","LR",1,"17",0.231,0.209,"3","1",0.125,0.25,"1","1","6","2"
"106","LR",1,"17",0.231,0.209,"3","1",0.125,0.25,"1","1","6","2"
"107","FB",0,"17",0.193,0.26,"3","1",0.125,0.375,"1","1","6","2"
"107","FB",0,"17",0.193,0.26,"3","1",0.125,0.375,"1","1","6","2"
"107","FB",0,"17",0.193,0.26,"3","1",0.125,0.375,"1","1","6","2"
"107","FB",0,"17",0.193,0.26,"3","1",0.125,0.375,"1","1","6","2"
"107","FB",0,"17",0.193,0.26,"3","1",0.125,0.375,"1","1","6","2"
"107","FB",0,"17",0.193,0.26,"3","1",0.125,0.375,"1","1","6","2"
"107","FB",0,"17",0.193,0.26,"3","1",0.125,0.375,"1","1","6","2"
"107","FB",1,"17",0.193,0.26,"3","1",0.125,0.375,"1","1","6","2"
"107","LR",0,"17",0.193,0.26,"3","1",0.125,0.375,"1","1","6","2"
"107","LR",0,"17",0.193,0.26,"3","1",0.125,0.375,"1","1","6","2"
"107","LR",0,"17",0.193,0.26,"3","1",0.125,0.375,"1","1","6","2"
"107","LR",0,"17",0.193,0.26,"3","1",0.125,0.375,"1","1","6","2"
"107","LR",0,"17",0.193,0.26,"3","1",0.125,0.375,"1","1","6","2"
"107","LR",1,"17",0.193,0.26,"3","1",0.125,0.375,"1","1","6","2"
"107","LR",1,"17",0.193,0.26,"3","1",0.125,0.375,"1","1","6","2"
"107","LR",1,"17",0.193,0.26,"3","1",0.125,0.375,"1","1","6","2"
"108","FB",0,"9",0.658,0.728,"5","2",0.875,0.75,"2","2","2","1"
"108","FB",1,"9",0.658,0.728,"5","2",0.875,0.75,"2","2","2","1"
"108","FB",1,"9",0.658,0.728,"5","2",0.875,0.75,"2","2","2","1"
"108","FB",1,"9",0.658,0.728,"5","2",0.875,0.75,"2","2","2","1"
"108","FB",1,"9",0.658,0.728,"5","2",0.875,0.75,"2","2","2","1"
"108","FB",1,"9",0.658,0.728,"5","2",0.875,0.75,"2","2","2","1"
"108","FB",1,"9",0.658,0.728,"5","2",0.875,0.75,"2","2","2","1"
"108","FB",1,"9",0.658,0.728,"5","2",0.875,0.75,"2","2","2","1"
"108","LR",0,"9",0.658,0.728,"5","2",0.875,0.75,"2","2","2","1"
"108","LR",0,"9",0.658,0.728,"5","2",0.875,0.75,"2","2","2","1"
"108","LR",1,"9",0.658,0.728,"5","2",0.875,0.75,"2","2","2","1"
"108","LR",1,"9",0.658,0.728,"5","2",0.875,0.75,"2","2","2","1"
"108","LR",1,"9",0.658,0.728,"5","2",0.875,0.75,"2","2","2","1"
"108","LR",1,"9",0.658,0.728,"5","2",0.875,0.75,"2","2","2","1"
"108","LR",1,"9",0.658,0.728,"5","2",0.875,0.75,"2","2","2","1"
"108","LR",1,"9",0.658,0.728,"5","2",0.875,0.75,"2","2","2","1"
"109","FB",0,"9",0.688,0.769,"5","2",0.875,0.625,"2","2","2","1"
"109","FB",1,"9",0.688,0.769,"5","2",0.875,0.625,"2","2","2","1"
"109","FB",1,"9",0.688,0.769,"5","2",0.875,0.625,"2","2","2","1"
"109","FB",1,"9",0.688,0.769,"5","2",0.875,0.625,"2","2","2","1"
"109","FB",1,"9",0.688,0.769,"5","2",0.875,0.625,"2","2","2","1"
"109","FB",1,"9",0.688,0.769,"5","2",0.875,0.625,"2","2","2","1"
"109","FB",1,"9",0.688,0.769,"5","2",0.875,0.625,"2","2","2","1"
"109","FB",1,"9",0.688,0.769,"5","2",0.875,0.625,"2","2","2","1"
"109","LR",0,"9",0.688,0.769,"5","2",0.875,0.625,"2","2","2","1"
"109","LR",0,"9",0.688,0.769,"5","2",0.875,0.625,"2","2","2","1"
"109","LR",0,"9",0.688,0.769,"5","2",0.875,0.625,"2","2","2","1"
"109","LR",1,"9",0.688,0.769,"5","2",0.875,0.625,"2","2","2","1"
"109","LR",1,"9",0.688,0.769,"5","2",0.875,0.625,"2","2","2","1"
"109","LR",1,"9",0.688,0.769,"5","2",0.875,0.625,"2","2","2","1"
"109","LR",1,"9",0.688,0.769,"5","2",0.875,0.625,"2","2","2","1"
"109","LR",1,"9",0.688,0.769,"5","2",0.875,0.625,"2","2","2","1"
"110","FB",0,"17",0.188,0.287,"4","1",0.375,0.25,"1","1","5","2"
"110","FB",0,"17",0.188,0.287,"4","1",0.375,0.25,"1","1","5","2"
"110","FB",0,"17",0.188,0.287,"4","1",0.375,0.25,"1","1","5","2"
"110","FB",0,"17",0.188,0.287,"4","1",0.375,0.25,"1","1","5","2"
"110","FB",0,"17",0.188,0.287,"4","1",0.375,0.25,"1","1","5","2"
"110","FB",1,"17",0.188,0.287,"4","1",0.375,0.25,"1","1","5","2"
"110","FB",1,"17",0.188,0.287,"4","1",0.375,0.25,"1","1","5","2"
"110","FB",1,"17",0.188,0.287,"4","1",0.375,0.25,"1","1","5","2"
"110","LR",0,"17",0.188,0.287,"4","1",0.375,0.25,"1","1","5","2"
"110","LR",0,"17",0.188,0.287,"4","1",0.375,0.25,"1","1","5","2"
"110","LR",0,"17",0.188,0.287,"4","1",0.375,0.25,"1","1","5","2"
"110","LR",0,"17",0.188,0.287,"4","1",0.375,0.25,"1","1","5","2"
"110","LR",0,"17",0.188,0.287,"4","1",0.375,0.25,"1","1","5","2"
"110","LR",0,"17",0.188,0.287,"4","1",0.375,0.25,"1","1","5","2"
"110","LR",1,"17",0.188,0.287,"4","1",0.375,0.25,"1","1","5","2"
"110","LR",1,"17",0.188,0.287,"4","1",0.375,0.25,"1","1","5","2"
"111","FB",0,"17",0.268,0.265,"4","1",0.375,0.375,"1","1","5","2"
"111","FB",0,"17",0.268,0.265,"4","1",0.375,0.375,"1","1","5","2"
"111","FB",0,"17",0.268,0.265,"4","1",0.375,0.375,"1","1","5","2"
"111","FB",0,"17",0.268,0.265,"4","1",0.375,0.375,"1","1","5","2"
"111","FB",0,"17",0.268,0.265,"4","1",0.375,0.375,"1","1","5","2"
"111","FB",1,"17",0.268,0.265,"4","1",0.375,0.375,"1","1","5","2"
"111","FB",1,"17",0.268,0.265,"4","1",0.375,0.375,"1","1","5","2"
"111","FB",1,"17",0.268,0.265,"4","1",0.375,0.375,"1","1","5","2"
"111","LR",0,"17",0.268,0.265,"4","1",0.375,0.375,"1","1","5","2"
"111","LR",0,"17",0.268,0.265,"4","1",0.375,0.375,"1","1","5","2"
"111","LR",0,"17",0.268,0.265,"4","1",0.375,0.375,"1","1","5","2"
"111","LR",0,"17",0.268,0.265,"4","1",0.375,0.375,"1","1","5","2"
"111","LR",0,"17",0.268,0.265,"4","1",0.375,0.375,"1","1","5","2"
"111","LR",1,"17",0.268,0.265,"4","1",0.375,0.375,"1","1","5","2"
"111","LR",1,"17",0.268,0.265,"4","1",0.375,0.375,"1","1","5","2"
"111","LR",1,"17",0.268,0.265,"4","1",0.375,0.375,"1","1","5","2"
"112","FB",0,"9",0.812,0.773,"5","2",0.875,1,"2","2","3","1"
"112","FB",1,"9",0.812,0.773,"5","2",0.875,1,"2","2","3","1"
"112","FB",1,"9",0.812,0.773,"5","2",0.875,1,"2","2","3","1"
"112","FB",1,"9",0.812,0.773,"5","2",0.875,1,"2","2","3","1"
"112","FB",1,"9",0.812,0.773,"5","2",0.875,1,"2","2","3","1"
"112","FB",1,"9",0.812,0.773,"5","2",0.875,1,"2","2","3","1"
"112","FB",1,"9",0.812,0.773,"5","2",0.875,1,"2","2","3","1"
"112","FB",1,"9",0.812,0.773,"5","2",0.875,1,"2","2","3","1"
"112","LR",1,"9",0.812,0.773,"5","2",0.875,1,"2","2","3","1"
"112","LR",1,"9",0.812,0.773,"5","2",0.875,1,"2","2","3","1"
"112","LR",1,"9",0.812,0.773,"5","2",0.875,1,"2","2","3","1"
"112","LR",1,"9",0.812,0.773,"5","2",0.875,1,"2","2","3","1"
"112","LR",1,"9",0.812,0.773,"5","2",0.875,1,"2","2","3","1"
"112","LR",1,"9",0.812,0.773,"5","2",0.875,1,"2","2","3","1"
"112","LR",1,"9",0.812,0.773,"5","2",0.875,1,"2","2","3","1"
"112","LR",1,"9",0.812,0.773,"5","2",0.875,1,"2","2","3","1"
"113","FB",0,"17",0.261,0.339,"1","1",0.125,0.125,"1","1","4","2"
"113","FB",0,"17",0.261,0.339,"1","1",0.125,0.125,"1","1","4","2"
"113","FB",0,"17",0.261,0.339,"1","1",0.125,0.125,"1","1","4","2"
"113","FB",0,"17",0.261,0.339,"1","1",0.125,0.125,"1","1","4","2"
"113","FB",0,"17",0.261,0.339,"1","1",0.125,0.125,"1","1","4","2"
"113","FB",0,"17",0.261,0.339,"1","1",0.125,0.125,"1","1","4","2"
"113","FB",0,"17",0.261,0.339,"1","1",0.125,0.125,"1","1","4","2"
"113","FB",1,"17",0.261,0.339,"1","1",0.125,0.125,"1","1","4","2"
"113","LR",0,"17",0.261,0.339,"1","1",0.125,0.125,"1","1","4","2"
"113","LR",0,"17",0.261,0.339,"1","1",0.125,0.125,"1","1","4","2"
"113","LR",0,"17",0.261,0.339,"1","1",0.125,0.125,"1","1","4","2"
"113","LR",0,"17",0.261,0.339,"1","1",0.125,0.125,"1","1","4","2"
"113","LR",0,"17",0.261,0.339,"1","1",0.125,0.125,"1","1","4","2"
"113","LR",0,"17",0.261,0.339,"1","1",0.125,0.125,"1","1","4","2"
"113","LR",0,"17",0.261,0.339,"1","1",0.125,0.125,"1","1","4","2"
"113","LR",1,"17",0.261,0.339,"1","1",0.125,0.125,"1","1","4","2"
"114","FB",0,"17",0.292,0.281,"1","1",0.25,0.125,"1","1","6","2"
"114","FB",0,"17",0.292,0.281,"1","1",0.25,0.125,"1","1","6","2"
"114","FB",0,"17",0.292,0.281,"1","1",0.25,0.125,"1","1","6","2"
"114","FB",0,"17",0.292,0.281,"1","1",0.25,0.125,"1","1","6","2"
"114","FB",0,"17",0.292,0.281,"1","1",0.25,0.125,"1","1","6","2"
"114","FB",0,"17",0.292,0.281,"1","1",0.25,0.125,"1","1","6","2"
"114","FB",1,"17",0.292,0.281,"1","1",0.25,0.125,"1","1","6","2"
"114","FB",1,"17",0.292,0.281,"1","1",0.25,0.125,"1","1","6","2"
"114","LR",0,"17",0.292,0.281,"1","1",0.25,0.125,"1","1","6","2"
"114","LR",0,"17",0.292,0.281,"1","1",0.25,0.125,"1","1","6","2"
"114","LR",0,"17",0.292,0.281,"1","1",0.25,0.125,"1","1","6","2"
"114","LR",0,"17",0.292,0.281,"1","1",0.25,0.125,"1","1","6","2"
"114","LR",0,"17",0.292,0.281,"1","1",0.25,0.125,"1","1","6","2"
"114","LR",0,"17",0.292,0.281,"1","1",0.25,0.125,"1","1","6","2"
"114","LR",0,"17",0.292,0.281,"1","1",0.25,0.125,"1","1","6","2"
"114","LR",1,"17",0.292,0.281,"1","1",0.25,0.125,"1","1","6","2"
"115","FB",0,"17",0.294,0.199,"4","1",0.375,0.375,"1","1","5","2"
"115","FB",0,"17",0.294,0.199,"4","1",0.375,0.375,"1","1","5","2"
"115","FB",0,"17",0.294,0.199,"4","1",0.375,0.375,"1","1","5","2"
"115","FB",0,"17",0.294,0.199,"4","1",0.375,0.375,"1","1","5","2"
"115","FB",0,"17",0.294,0.199,"4","1",0.375,0.375,"1","1","5","2"
"115","FB",1,"17",0.294,0.199,"4","1",0.375,0.375,"1","1","5","2"
"115","FB",1,"17",0.294,0.199,"4","1",0.375,0.375,"1","1","5","2"
"115","FB",1,"17",0.294,0.199,"4","1",0.375,0.375,"1","1","5","2"
"115","LR",0,"17",0.294,0.199,"4","1",0.375,0.375,"1","1","5","2"
"115","LR",0,"17",0.294,0.199,"4","1",0.375,0.375,"1","1","5","2"
"115","LR",0,"17",0.294,0.199,"4","1",0.375,0.375,"1","1","5","2"
"115","LR",0,"17",0.294,0.199,"4","1",0.375,0.375,"1","1","5","2"
"115","LR",0,"17",0.294,0.199,"4","1",0.375,0.375,"1","1","5","2"
"115","LR",1,"17",0.294,0.199,"4","1",0.375,0.375,"1","1","5","2"
"115","LR",1,"17",0.294,0.199,"4","1",0.375,0.375,"1","1","5","2"
"115","LR",1,"17",0.294,0.199,"4","1",0.375,0.375,"1","1","5","2"
"116","FB",0,"17",0.172,0.19,"1","1",0.25,0,"1","1","4","2"
"116","FB",0,"17",0.172,0.19,"1","1",0.25,0,"1","1","4","2"
"116","FB",0,"17",0.172,0.19,"1","1",0.25,0,"1","1","4","2"
"116","FB",0,"17",0.172,0.19,"1","1",0.25,0,"1","1","4","2"
"116","FB",0,"17",0.172,0.19,"1","1",0.25,0,"1","1","4","2"
"116","FB",0,"17",0.172,0.19,"1","1",0.25,0,"1","1","4","2"
"116","FB",1,"17",0.172,0.19,"1","1",0.25,0,"1","1","4","2"
"116","FB",1,"17",0.172,0.19,"1","1",0.25,0,"1","1","4","2"
"116","LR",0,"17",0.172,0.19,"1","1",0.25,0,"1","1","4","2"
"116","LR",0,"17",0.172,0.19,"1","1",0.25,0,"1","1","4","2"
"116","LR",0,"17",0.172,0.19,"1","1",0.25,0,"1","1","4","2"
"116","LR",0,"17",0.172,0.19,"1","1",0.25,0,"1","1","4","2"
"116","LR",0,"17",0.172,0.19,"1","1",0.25,0,"1","1","4","2"
"116","LR",0,"17",0.172,0.19,"1","1",0.25,0,"1","1","4","2"
"116","LR",0,"17",0.172,0.19,"1","1",0.25,0,"1","1","4","2"
"116","LR",0,"17",0.172,0.19,"1","1",0.25,0,"1","1","4","2"
"117","FB",0,"9",0.754,0.728,"2","2",0.625,0.625,"2","2","1","1"
"117","FB",0,"9",0.754,0.728,"2","2",0.625,0.625,"2","2","1","1"
"117","FB",0,"9",0.754,0.728,"2","2",0.625,0.625,"2","2","1","1"
"117","FB",1,"9",0.754,0.728,"2","2",0.625,0.625,"2","2","1","1"
"117","FB",1,"9",0.754,0.728,"2","2",0.625,0.625,"2","2","1","1"
"117","FB",1,"9",0.754,0.728,"2","2",0.625,0.625,"2","2","1","1"
"117","FB",1,"9",0.754,0.728,"2","2",0.625,0.625,"2","2","1","1"
"117","FB",1,"9",0.754,0.728,"2","2",0.625,0.625,"2","2","1","1"
"117","LR",0,"9",0.754,0.728,"2","2",0.625,0.625,"2","2","1","1"
"117","LR",0,"9",0.754,0.728,"2","2",0.625,0.625,"2","2","1","1"
"117","LR",0,"9",0.754,0.728,"2","2",0.625,0.625,"2","2","1","1"
"117","LR",1,"9",0.754,0.728,"2","2",0.625,0.625,"2","2","1","1"
"117","LR",1,"9",0.754,0.728,"2","2",0.625,0.625,"2","2","1","1"
"117","LR",1,"9",0.754,0.728,"2","2",0.625,0.625,"2","2","1","1"
"117","LR",1,"9",0.754,0.728,"2","2",0.625,0.625,"2","2","1","1"
"117","LR",1,"9",0.754,0.728,"2","2",0.625,0.625,"2","2","1","1"
"118","FB",0,"9",0.738,0.812,"5","2",0.75,0.875,"2","2","2","1"
"118","FB",0,"9",0.738,0.812,"5","2",0.75,0.875,"2","2","2","1"
"118","FB",1,"9",0.738,0.812,"5","2",0.75,0.875,"2","2","2","1"
"118","FB",1,"9",0.738,0.812,"5","2",0.75,0.875,"2","2","2","1"
"118","FB",1,"9",0.738,0.812,"5","2",0.75,0.875,"2","2","2","1"
"118","FB",1,"9",0.738,0.812,"5","2",0.75,0.875,"2","2","2","1"
"118","FB",1,"9",0.738,0.812,"5","2",0.75,0.875,"2","2","2","1"
"118","FB",1,"9",0.738,0.812,"5","2",0.75,0.875,"2","2","2","1"
"118","LR",0,"9",0.738,0.812,"5","2",0.75,0.875,"2","2","2","1"
"118","LR",1,"9",0.738,0.812,"5","2",0.75,0.875,"2","2","2","1"
"118","LR",1,"9",0.738,0.812,"5","2",0.75,0.875,"2","2","2","1"
"118","LR",1,"9",0.738,0.812,"5","2",0.75,0.875,"2","2","2","1"
"118","LR",1,"9",0.738,0.812,"5","2",0.75,0.875,"2","2","2","1"
"118","LR",1,"9",0.738,0.812,"5","2",0.75,0.875,"2","2","2","1"
"118","LR",1,"9",0.738,0.812,"5","2",0.75,0.875,"2","2","2","1"
"118","LR",1,"9",0.738,0.812,"5","2",0.75,0.875,"2","2","2","1"
"119","FB",0,"9",0.711,0.723,"2","2",0.5,0.625,"2","2","1","1"
"119","FB",0,"9",0.711,0.723,"2","2",0.5,0.625,"2","2","1","1"
"119","FB",0,"9",0.711,0.723,"2","2",0.5,0.625,"2","2","1","1"
"119","FB",0,"9",0.711,0.723,"2","2",0.5,0.625,"2","2","1","1"
"119","FB",1,"9",0.711,0.723,"2","2",0.5,0.625,"2","2","1","1"
"119","FB",1,"9",0.711,0.723,"2","2",0.5,0.625,"2","2","1","1"
"119","FB",1,"9",0.711,0.723,"2","2",0.5,0.625,"2","2","1","1"
"119","FB",1,"9",0.711,0.723,"2","2",0.5,0.625,"2","2","1","1"
"119","LR",0,"9",0.711,0.723,"2","2",0.5,0.625,"2","2","1","1"
"119","LR",0,"9",0.711,0.723,"2","2",0.5,0.625,"2","2","1","1"
"119","LR",0,"9",0.711,0.723,"2","2",0.5,0.625,"2","2","1","1"
"119","LR",1,"9",0.711,0.723,"2","2",0.5,0.625,"2","2","1","1"
"119","LR",1,"9",0.711,0.723,"2","2",0.5,0.625,"2","2","1","1"
"119","LR",1,"9",0.711,0.723,"2","2",0.5,0.625,"2","2","1","1"
"119","LR",1,"9",0.711,0.723,"2","2",0.5,0.625,"2","2","1","1"
"119","LR",1,"9",0.711,0.723,"2","2",0.5,0.625,"2","2","1","1"
"120","FB",0,"17",0.237,0.205,"1","1",0.25,0.125,"1","1","6","2"
"120","FB",0,"17",0.237,0.205,"1","1",0.25,0.125,"1","1","6","2"
"120","FB",0,"17",0.237,0.205,"1","1",0.25,0.125,"1","1","6","2"
"120","FB",0,"17",0.237,0.205,"1","1",0.25,0.125,"1","1","6","2"
"120","FB",0,"17",0.237,0.205,"1","1",0.25,0.125,"1","1","6","2"
"120","FB",0,"17",0.237,0.205,"1","1",0.25,0.125,"1","1","6","2"
"120","FB",1,"17",0.237,0.205,"1","1",0.25,0.125,"1","1","6","2"
"120","FB",1,"17",0.237,0.205,"1","1",0.25,0.125,"1","1","6","2"
"120","LR",0,"17",0.237,0.205,"1","1",0.25,0.125,"1","1","6","2"
"120","LR",0,"17",0.237,0.205,"1","1",0.25,0.125,"1","1","6","2"
"120","LR",0,"17",0.237,0.205,"1","1",0.25,0.125,"1","1","6","2"
"120","LR",0,"17",0.237,0.205,"1","1",0.25,0.125,"1","1","6","2"
"120","LR",0,"17",0.237,0.205,"1","1",0.25,0.125,"1","1","6","2"
"120","LR",0,"17",0.237,0.205,"1","1",0.25,0.125,"1","1","6","2"
"120","LR",0,"17",0.237,0.205,"1","1",0.25,0.125,"1","1","6","2"
"120","LR",1,"17",0.237,0.205,"1","1",0.25,0.125,"1","1","6","2"
"121","FB",0,"9",0.697,0.752,"5","2",0.875,0.625,"2","2","2","1"
"121","FB",1,"9",0.697,0.752,"5","2",0.875,0.625,"2","2","2","1"
"121","FB",1,"9",0.697,0.752,"5","2",0.875,0.625,"2","2","2","1"
"121","FB",1,"9",0.697,0.752,"5","2",0.875,0.625,"2","2","2","1"
"121","FB",1,"9",0.697,0.752,"5","2",0.875,0.625,"2","2","2","1"
"121","FB",1,"9",0.697,0.752,"5","2",0.875,0.625,"2","2","2","1"
"121","FB",1,"9",0.697,0.752,"5","2",0.875,0.625,"2","2","2","1"
"121","FB",1,"9",0.697,0.752,"5","2",0.875,0.625,"2","2","2","1"
"121","LR",0,"9",0.697,0.752,"5","2",0.875,0.625,"2","2","2","1"
"121","LR",0,"9",0.697,0.752,"5","2",0.875,0.625,"2","2","2","1"
"121","LR",0,"9",0.697,0.752,"5","2",0.875,0.625,"2","2","2","1"
"121","LR",1,"9",0.697,0.752,"5","2",0.875,0.625,"2","2","2","1"
"121","LR",1,"9",0.697,0.752,"5","2",0.875,0.625,"2","2","2","1"
"121","LR",1,"9",0.697,0.752,"5","2",0.875,0.625,"2","2","2","1"
"121","LR",1,"9",0.697,0.752,"5","2",0.875,0.625,"2","2","2","1"
"121","LR",1,"9",0.697,0.752,"5","2",0.875,0.625,"2","2","2","1"
"122","FB",0,"9",0.821,0.728,"5","2",0.75,1,"2","2","3","1"
"122","FB",0,"9",0.821,0.728,"5","2",0.75,1,"2","2","3","1"
"122","FB",1,"9",0.821,0.728,"5","2",0.75,1,"2","2","3","1"
"122","FB",1,"9",0.821,0.728,"5","2",0.75,1,"2","2","3","1"
"122","FB",1,"9",0.821,0.728,"5","2",0.75,1,"2","2","3","1"
"122","FB",1,"9",0.821,0.728,"5","2",0.75,1,"2","2","3","1"
"122","FB",1,"9",0.821,0.728,"5","2",0.75,1,"2","2","3","1"
"122","FB",1,"9",0.821,0.728,"5","2",0.75,1,"2","2","3","1"
"122","LR",1,"9",0.821,0.728,"5","2",0.75,1,"2","2","3","1"
"122","LR",1,"9",0.821,0.728,"5","2",0.75,1,"2","2","3","1"
"122","LR",1,"9",0.821,0.728,"5","2",0.75,1,"2","2","3","1"
"122","LR",1,"9",0.821,0.728,"5","2",0.75,1,"2","2","3","1"
"122","LR",1,"9",0.821,0.728,"5","2",0.75,1,"2","2","3","1"
"122","LR",1,"9",0.821,0.728,"5","2",0.75,1,"2","2","3","1"
"122","LR",1,"9",0.821,0.728,"5","2",0.75,1,"2","2","3","1"
"122","LR",1,"9",0.821,0.728,"5","2",0.75,1,"2","2","3","1"
"123","FB",0,"17",0.25,0.214,"3","1",0.25,0.375,"1","1","5","2"
"123","FB",0,"17",0.25,0.214,"3","1",0.25,0.375,"1","1","5","2"
"123","FB",0,"17",0.25,0.214,"3","1",0.25,0.375,"1","1","5","2"
"123","FB",0,"17",0.25,0.214,"3","1",0.25,0.375,"1","1","5","2"
"123","FB",0,"17",0.25,0.214,"3","1",0.25,0.375,"1","1","5","2"
"123","FB",0,"17",0.25,0.214,"3","1",0.25,0.375,"1","1","5","2"
"123","FB",1,"17",0.25,0.214,"3","1",0.25,0.375,"1","1","5","2"
"123","FB",1,"17",0.25,0.214,"3","1",0.25,0.375,"1","1","5","2"
"123","LR",0,"17",0.25,0.214,"3","1",0.25,0.375,"1","1","5","2"
"123","LR",0,"17",0.25,0.214,"3","1",0.25,0.375,"1","1","5","2"
"123","LR",0,"17",0.25,0.214,"3","1",0.25,0.375,"1","1","5","2"
"123","LR",0,"17",0.25,0.214,"3","1",0.25,0.375,"1","1","5","2"
"123","LR",0,"17",0.25,0.214,"3","1",0.25,0.375,"1","1","5","2"
"123","LR",1,"17",0.25,0.214,"3","1",0.25,0.375,"1","1","5","2"
"123","LR",1,"17",0.25,0.214,"3","1",0.25,0.375,"1","1","5","2"
"123","LR",1,"17",0.25,0.214,"3","1",0.25,0.375,"1","1","5","2"
"124","FB",0,"9",0.747,0.781,"5","2",0.75,0.875,"2","2","2","1"
"124","FB",0,"9",0.747,0.781,"5","2",0.75,0.875,"2","2","2","1"
"124","FB",1,"9",0.747,0.781,"5","2",0.75,0.875,"2","2","2","1"
"124","FB",1,"9",0.747,0.781,"5","2",0.75,0.875,"2","2","2","1"
"124","FB",1,"9",0.747,0.781,"5","2",0.75,0.875,"2","2","2","1"
"124","FB",1,"9",0.747,0.781,"5","2",0.75,0.875,"2","2","2","1"
"124","FB",1,"9",0.747,0.781,"5","2",0.75,0.875,"2","2","2","1"
"124","FB",1,"9",0.747,0.781,"5","2",0.75,0.875,"2","2","2","1"
"124","LR",0,"9",0.747,0.781,"5","2",0.75,0.875,"2","2","2","1"
"124","LR",1,"9",0.747,0.781,"5","2",0.75,0.875,"2","2","2","1"
"124","LR",1,"9",0.747,0.781,"5","2",0.75,0.875,"2","2","2","1"
"124","LR",1,"9",0.747,0.781,"5","2",0.75,0.875,"2","2","2","1"
"124","LR",1,"9",0.747,0.781,"5","2",0.75,0.875,"2","2","2","1"
"124","LR",1,"9",0.747,0.781,"5","2",0.75,0.875,"2","2","2","1"
"124","LR",1,"9",0.747,0.781,"5","2",0.75,0.875,"2","2","2","1"
"124","LR",1,"9",0.747,0.781,"5","2",0.75,0.875,"2","2","2","1"
"125","FB",0,"9",0.741,0.775,"2","2",0.5,0.75,"2","2","1","1"
"125","FB",0,"9",0.741,0.775,"2","2",0.5,0.75,"2","2","1","1"
"125","FB",0,"9",0.741,0.775,"2","2",0.5,0.75,"2","2","1","1"
"125","FB",0,"9",0.741,0.775,"2","2",0.5,0.75,"2","2","1","1"
"125","FB",1,"9",0.741,0.775,"2","2",0.5,0.75,"2","2","1","1"
"125","FB",1,"9",0.741,0.775,"2","2",0.5,0.75,"2","2","1","1"
"125","FB",1,"9",0.741,0.775,"2","2",0.5,0.75,"2","2","1","1"
"125","FB",1,"9",0.741,0.775,"2","2",0.5,0.75,"2","2","1","1"
"125","LR",0,"9",0.741,0.775,"2","2",0.5,0.75,"2","2","1","1"
"125","LR",0,"9",0.741,0.775,"2","2",0.5,0.75,"2","2","1","1"
"125","LR",1,"9",0.741,0.775,"2","2",0.5,0.75,"2","2","1","1"
"125","LR",1,"9",0.741,0.775,"2","2",0.5,0.75,"2","2","1","1"
"125","LR",1,"9",0.741,0.775,"2","2",0.5,0.75,"2","2","1","1"
"125","LR",1,"9",0.741,0.775,"2","2",0.5,0.75,"2","2","1","1"
"125","LR",1,"9",0.741,0.775,"2","2",0.5,0.75,"2","2","1","1"
"125","LR",1,"9",0.741,0.775,"2","2",0.5,0.75,"2","2","1","1"
"126","FB",0,"17",0.185,0.268,"3","1",0.125,0.25,"1","1","6","2"
"126","FB",0,"17",0.185,0.268,"3","1",0.125,0.25,"1","1","6","2"
"126","FB",0,"17",0.185,0.268,"3","1",0.125,0.25,"1","1","6","2"
"126","FB",0,"17",0.185,0.268,"3","1",0.125,0.25,"1","1","6","2"
"126","FB",0,"17",0.185,0.268,"3","1",0.125,0.25,"1","1","6","2"
"126","FB",0,"17",0.185,0.268,"3","1",0.125,0.25,"1","1","6","2"
"126","FB",0,"17",0.185,0.268,"3","1",0.125,0.25,"1","1","6","2"
"126","FB",1,"17",0.185,0.268,"3","1",0.125,0.25,"1","1","6","2"
"126","LR",0,"17",0.185,0.268,"3","1",0.125,0.25,"1","1","6","2"
"126","LR",0,"17",0.185,0.268,"3","1",0.125,0.25,"1","1","6","2"
"126","LR",0,"17",0.185,0.268,"3","1",0.125,0.25,"1","1","6","2"
"126","LR",0,"17",0.185,0.268,"3","1",0.125,0.25,"1","1","6","2"
"126","LR",0,"17",0.185,0.268,"3","1",0.125,0.25,"1","1","6","2"
"126","LR",0,"17",0.185,0.268,"3","1",0.125,0.25,"1","1","6","2"
"126","LR",1,"17",0.185,0.268,"3","1",0.125,0.25,"1","1","6","2"
"126","LR",1,"17",0.185,0.268,"3","1",0.125,0.25,"1","1","6","2"
"127","FB",0,"17",0.196,0.235,"1","1",0.25,0.125,"1","1","6","2"
"127","FB",0,"17",0.196,0.235,"1","1",0.25,0.125,"1","1","6","2"
"127","FB",0,"17",0.196,0.235,"1","1",0.25,0.125,"1","1","6","2"
"127","FB",0,"17",0.196,0.235,"1","1",0.25,0.125,"1","1","6","2"
"127","FB",0,"17",0.196,0.235,"1","1",0.25,0.125,"1","1","6","2"
"127","FB",0,"17",0.196,0.235,"1","1",0.25,0.125,"1","1","6","2"
"127","FB",1,"17",0.196,0.235,"1","1",0.25,0.125,"1","1","6","2"
"127","FB",1,"17",0.196,0.235,"1","1",0.25,0.125,"1","1","6","2"
"127","LR",0,"17",0.196,0.235,"1","1",0.25,0.125,"1","1","6","2"
"127","LR",0,"17",0.196,0.235,"1","1",0.25,0.125,"1","1","6","2"
"127","LR",0,"17",0.196,0.235,"1","1",0.25,0.125,"1","1","6","2"
"127","LR",0,"17",0.196,0.235,"1","1",0.25,0.125,"1","1","6","2"
"127","LR",0,"17",0.196,0.235,"1","1",0.25,0.125,"1","1","6","2"
"127","LR",0,"17",0.196,0.235,"1","1",0.25,0.125,"1","1","6","2"
"127","LR",0,"17",0.196,0.235,"1","1",0.25,0.125,"1","1","6","2"
"127","LR",1,"17",0.196,0.235,"1","1",0.25,0.125,"1","1","6","2"
"128","FB",0,"9",0.749,0.678,"5","2",0.75,0.625,"2","2","1","1"
"128","FB",0,"9",0.749,0.678,"5","2",0.75,0.625,"2","2","1","1"
"128","FB",1,"9",0.749,0.678,"5","2",0.75,0.625,"2","2","1","1"
"128","FB",1,"9",0.749,0.678,"5","2",0.75,0.625,"2","2","1","1"
"128","FB",1,"9",0.749,0.678,"5","2",0.75,0.625,"2","2","1","1"
"128","FB",1,"9",0.749,0.678,"5","2",0.75,0.625,"2","2","1","1"
"128","FB",1,"9",0.749,0.678,"5","2",0.75,0.625,"2","2","1","1"
"128","FB",1,"9",0.749,0.678,"5","2",0.75,0.625,"2","2","1","1"
"128","LR",0,"9",0.749,0.678,"5","2",0.75,0.625,"2","2","1","1"
"128","LR",0,"9",0.749,0.678,"5","2",0.75,0.625,"2","2","1","1"
"128","LR",0,"9",0.749,0.678,"5","2",0.75,0.625,"2","2","1","1"
"128","LR",1,"9",0.749,0.678,"5","2",0.75,0.625,"2","2","1","1"
"128","LR",1,"9",0.749,0.678,"5","2",0.75,0.625,"2","2","1","1"
"128","LR",1,"9",0.749,0.678,"5","2",0.75,0.625,"2","2","1","1"
"128","LR",1,"9",0.749,0.678,"5","2",0.75,0.625,"2","2","1","1"
"128","LR",1,"9",0.749,0.678,"5","2",0.75,0.625,"2","2","1","1"
"129","FB",0,"9",0.751,0.8,"5","2",0.875,0.75,"2","2","2","1"
"129","FB",1,"9",0.751,0.8,"5","2",0.875,0.75,"2","2","2","1"
"129","FB",1,"9",0.751,0.8,"5","2",0.875,0.75,"2","2","2","1"
"129","FB",1,"9",0.751,0.8,"5","2",0.875,0.75,"2","2","2","1"
"129","FB",1,"9",0.751,0.8,"5","2",0.875,0.75,"2","2","2","1"
"129","FB",1,"9",0.751,0.8,"5","2",0.875,0.75,"2","2","2","1"
"129","FB",1,"9",0.751,0.8,"5","2",0.875,0.75,"2","2","2","1"
"129","FB",1,"9",0.751,0.8,"5","2",0.875,0.75,"2","2","2","1"
"129","LR",0,"9",0.751,0.8,"5","2",0.875,0.75,"2","2","2","1"
"129","LR",0,"9",0.751,0.8,"5","2",0.875,0.75,"2","2","2","1"
"129","LR",1,"9",0.751,0.8,"5","2",0.875,0.75,"2","2","2","1"
"129","LR",1,"9",0.751,0.8,"5","2",0.875,0.75,"2","2","2","1"
"129","LR",1,"9",0.751,0.8,"5","2",0.875,0.75,"2","2","2","1"
"129","LR",1,"9",0.751,0.8,"5","2",0.875,0.75,"2","2","2","1"
"129","LR",1,"9",0.751,0.8,"5","2",0.875,0.75,"2","2","2","1"
"129","LR",1,"9",0.751,0.8,"5","2",0.875,0.75,"2","2","2","1"
"130","FB",0,"17",0.293,0.209,"1","1",0.25,0,"1","1","4","2"
"130","FB",0,"17",0.293,0.209,"1","1",0.25,0,"1","1","4","2"
"130","FB",0,"17",0.293,0.209,"1","1",0.25,0,"1","1","4","2"
"130","FB",0,"17",0.293,0.209,"1","1",0.25,0,"1","1","4","2"
"130","FB",0,"17",0.293,0.209,"1","1",0.25,0,"1","1","4","2"
"130","FB",0,"17",0.293,0.209,"1","1",0.25,0,"1","1","4","2"
"130","FB",1,"17",0.293,0.209,"1","1",0.25,0,"1","1","4","2"
"130","FB",1,"17",0.293,0.209,"1","1",0.25,0,"1","1","4","2"
"130","LR",0,"17",0.293,0.209,"1","1",0.25,0,"1","1","4","2"
"130","LR",0,"17",0.293,0.209,"1","1",0.25,0,"1","1","4","2"
"130","LR",0,"17",0.293,0.209,"1","1",0.25,0,"1","1","4","2"
"130","LR",0,"17",0.293,0.209,"1","1",0.25,0,"1","1","4","2"
"130","LR",0,"17",0.293,0.209,"1","1",0.25,0,"1","1","4","2"
"130","LR",0,"17",0.293,0.209,"1","1",0.25,0,"1","1","4","2"
"130","LR",0,"17",0.293,0.209,"1","1",0.25,0,"1","1","4","2"
"130","LR",0,"17",0.293,0.209,"1","1",0.25,0,"1","1","4","2"
"131","FB",0,"17",0.267,0.2,"4","1",0.375,0.25,"1","1","5","2"
"131","FB",0,"17",0.267,0.2,"4","1",0.375,0.25,"1","1","5","2"
"131","FB",0,"17",0.267,0.2,"4","1",0.375,0.25,"1","1","5","2"
"131","FB",0,"17",0.267,0.2,"4","1",0.375,0.25,"1","1","5","2"
"131","FB",0,"17",0.267,0.2,"4","1",0.375,0.25,"1","1","5","2"
"131","FB",1,"17",0.267,0.2,"4","1",0.375,0.25,"1","1","5","2"
"131","FB",1,"17",0.267,0.2,"4","1",0.375,0.25,"1","1","5","2"
"131","FB",1,"17",0.267,0.2,"4","1",0.375,0.25,"1","1","5","2"
"131","LR",0,"17",0.267,0.2,"4","1",0.375,0.25,"1","1","5","2"
"131","LR",0,"17",0.267,0.2,"4","1",0.375,0.25,"1","1","5","2"
"131","LR",0,"17",0.267,0.2,"4","1",0.375,0.25,"1","1","5","2"
"131","LR",0,"17",0.267,0.2,"4","1",0.375,0.25,"1","1","5","2"
"131","LR",0,"17",0.267,0.2,"4","1",0.375,0.25,"1","1","5","2"
"131","LR",0,"17",0.267,0.2,"4","1",0.375,0.25,"1","1","5","2"
"131","LR",1,"17",0.267,0.2,"4","1",0.375,0.25,"1","1","5","2"
"131","LR",1,"17",0.267,0.2,"4","1",0.375,0.25,"1","1","5","2"
"132","FB",0,"17",0.188,0.276,"1","1",0.125,0,"1","1","4","2"
"132","FB",0,"17",0.188,0.276,"1","1",0.125,0,"1","1","4","2"
"132","FB",0,"17",0.188,0.276,"1","1",0.125,0,"1","1","4","2"
"132","FB",0,"17",0.188,0.276,"1","1",0.125,0,"1","1","4","2"
"132","FB",0,"17",0.188,0.276,"1","1",0.125,0,"1","1","4","2"
"132","FB",0,"17",0.188,0.276,"1","1",0.125,0,"1","1","4","2"
"132","FB",0,"17",0.188,0.276,"1","1",0.125,0,"1","1","4","2"
"132","FB",1,"17",0.188,0.276,"1","1",0.125,0,"1","1","4","2"
"132","LR",0,"17",0.188,0.276,"1","1",0.125,0,"1","1","4","2"
"132","LR",0,"17",0.188,0.276,"1","1",0.125,0,"1","1","4","2"
"132","LR",0,"17",0.188,0.276,"1","1",0.125,0,"1","1","4","2"
"132","LR",0,"17",0.188,0.276,"1","1",0.125,0,"1","1","4","2"
"132","LR",0,"17",0.188,0.276,"1","1",0.125,0,"1","1","4","2"
"132","LR",0,"17",0.188,0.276,"1","1",0.125,0,"1","1","4","2"
"132","LR",0,"17",0.188,0.276,"1","1",0.125,0,"1","1","4","2"
"132","LR",0,"17",0.188,0.276,"1","1",0.125,0,"1","1","4","2"
"133","FB",0,"9",0.679,0.809,"2","2",0.625,0.75,"2","2","1","1"
"133","FB",0,"9",0.679,0.809,"2","2",0.625,0.75,"2","2","1","1"
"133","FB",0,"9",0.679,0.809,"2","2",0.625,0.75,"2","2","1","1"
"133","FB",1,"9",0.679,0.809,"2","2",0.625,0.75,"2","2","1","1"
"133","FB",1,"9",0.679,0.809,"2","2",0.625,0.75,"2","2","1","1"
"133","FB",1,"9",0.679,0.809,"2","2",0.625,0.75,"2","2","1","1"
"133","FB",1,"9",0.679,0.809,"2","2",0.625,0.75,"2","2","1","1"
"133","FB",1,"9",0.679,0.809,"2","2",0.625,0.75,"2","2","1","1"
"133","LR",0,"9",0.679,0.809,"2","2",0.625,0.75,"2","2","1","1"
"133","LR",0,"9",0.679,0.809,"2","2",0.625,0.75,"2","2","1","1"
"133","LR",1,"9",0.679,0.809,"2","2",0.625,0.75,"2","2","1","1"
"133","LR",1,"9",0.679,0.809,"2","2",0.625,0.75,"2","2","1","1"
"133","LR",1,"9",0.679,0.809,"2","2",0.625,0.75,"2","2","1","1"
"133","LR",1,"9",0.679,0.809,"2","2",0.625,0.75,"2","2","1","1"
"133","LR",1,"9",0.679,0.809,"2","2",0.625,0.75,"2","2","1","1"
"133","LR",1,"9",0.679,0.809,"2","2",0.625,0.75,"2","2","1","1"
"134","FB",0,"17",0.33,0.301,"3","1",0.25,0.5,"1","1","5","2"
"134","FB",0,"17",0.33,0.301,"3","1",0.25,0.5,"1","1","5","2"
"134","FB",0,"17",0.33,0.301,"3","1",0.25,0.5,"1","1","5","2"
"134","FB",0,"17",0.33,0.301,"3","1",0.25,0.5,"1","1","5","2"
"134","FB",0,"17",0.33,0.301,"3","1",0.25,0.5,"1","1","5","2"
"134","FB",0,"17",0.33,0.301,"3","1",0.25,0.5,"1","1","5","2"
"134","FB",1,"17",0.33,0.301,"3","1",0.25,0.5,"1","1","5","2"
"134","FB",1,"17",0.33,0.301,"3","1",0.25,0.5,"1","1","5","2"
"134","LR",0,"17",0.33,0.301,"3","1",0.25,0.5,"1","1","5","2"
"134","LR",0,"17",0.33,0.301,"3","1",0.25,0.5,"1","1","5","2"
"134","LR",0,"17",0.33,0.301,"3","1",0.25,0.5,"1","1","5","2"
"134","LR",0,"17",0.33,0.301,"3","1",0.25,0.5,"1","1","5","2"
"134","LR",1,"17",0.33,0.301,"3","1",0.25,0.5,"1","1","5","2"
"134","LR",1,"17",0.33,0.301,"3","1",0.25,0.5,"1","1","5","2"
"134","LR",1,"17",0.33,0.301,"3","1",0.25,0.5,"1","1","5","2"
"134","LR",1,"17",0.33,0.301,"3","1",0.25,0.5,"1","1","5","2"
"135","FB",0,"9",0.763,0.691,"5","2",0.875,0.5,"2","2","1","1"
"135","FB",1,"9",0.763,0.691,"5","2",0.875,0.5,"2","2","1","1"
"135","FB",1,"9",0.763,0.691,"5","2",0.875,0.5,"2","2","1","1"
"135","FB",1,"9",0.763,0.691,"5","2",0.875,0.5,"2","2","1","1"
"135","FB",1,"9",0.763,0.691,"5","2",0.875,0.5,"2","2","1","1"
"135","FB",1,"9",0.763,0.691,"5","2",0.875,0.5,"2","2","1","1"
"135","FB",1,"9",0.763,0.691,"5","2",0.875,0.5,"2","2","1","1"
"135","FB",1,"9",0.763,0.691,"5","2",0.875,0.5,"2","2","1","1"
"135","LR",0,"9",0.763,0.691,"5","2",0.875,0.5,"2","2","1","1"
"135","LR",0,"9",0.763,0.691,"5","2",0.875,0.5,"2","2","1","1"
"135","LR",0,"9",0.763,0.691,"5","2",0.875,0.5,"2","2","1","1"
"135","LR",0,"9",0.763,0.691,"5","2",0.875,0.5,"2","2","1","1"
"135","LR",1,"9",0.763,0.691,"5","2",0.875,0.5,"2","2","1","1"
"135","LR",1,"9",0.763,0.691,"5","2",0.875,0.5,"2","2","1","1"
"135","LR",1,"9",0.763,0.691,"5","2",0.875,0.5,"2","2","1","1"
"135","LR",1,"9",0.763,0.691,"5","2",0.875,0.5,"2","2","1","1"
"136","FB",0,"9",0.681,0.746,"2","2",0.5,0.875,"2","2","1","1"
"136","FB",0,"9",0.681,0.746,"2","2",0.5,0.875,"2","2","1","1"
"136","FB",0,"9",0.681,0.746,"2","2",0.5,0.875,"2","2","1","1"
"136","FB",0,"9",0.681,0.746,"2","2",0.5,0.875,"2","2","1","1"
"136","FB",1,"9",0.681,0.746,"2","2",0.5,0.875,"2","2","1","1"
"136","FB",1,"9",0.681,0.746,"2","2",0.5,0.875,"2","2","1","1"
"136","FB",1,"9",0.681,0.746,"2","2",0.5,0.875,"2","2","1","1"
"136","FB",1,"9",0.681,0.746,"2","2",0.5,0.875,"2","2","1","1"
"136","LR",0,"9",0.681,0.746,"2","2",0.5,0.875,"2","2","1","1"
"136","LR",1,"9",0.681,0.746,"2","2",0.5,0.875,"2","2","1","1"
"136","LR",1,"9",0.681,0.746,"2","2",0.5,0.875,"2","2","1","1"
"136","LR",1,"9",0.681,0.746,"2","2",0.5,0.875,"2","2","1","1"
"136","LR",1,"9",0.681,0.746,"2","2",0.5,0.875,"2","2","1","1"
"136","LR",1,"9",0.681,0.746,"2","2",0.5,0.875,"2","2","1","1"
"136","LR",1,"9",0.681,0.746,"2","2",0.5,0.875,"2","2","1","1"
"136","LR",1,"9",0.681,0.746,"2","2",0.5,0.875,"2","2","1","1"
"137","FB",0,"9",0.773,0.668,"2","2",0.625,0.875,"2","2","2","1"
"137","FB",0,"9",0.773,0.668,"2","2",0.625,0.875,"2","2","2","1"
"137","FB",0,"9",0.773,0.668,"2","2",0.625,0.875,"2","2","2","1"
"137","FB",1,"9",0.773,0.668,"2","2",0.625,0.875,"2","2","2","1"
"137","FB",1,"9",0.773,0.668,"2","2",0.625,0.875,"2","2","2","1"
"137","FB",1,"9",0.773,0.668,"2","2",0.625,0.875,"2","2","2","1"
"137","FB",1,"9",0.773,0.668,"2","2",0.625,0.875,"2","2","2","1"
"137","FB",1,"9",0.773,0.668,"2","2",0.625,0.875,"2","2","2","1"
"137","LR",0,"9",0.773,0.668,"2","2",0.625,0.875,"2","2","2","1"
"137","LR",1,"9",0.773,0.668,"2","2",0.625,0.875,"2","2","2","1"
"137","LR",1,"9",0.773,0.668,"2","2",0.625,0.875,"2","2","2","1"
"137","LR",1,"9",0.773,0.668,"2","2",0.625,0.875,"2","2","2","1"
"137","LR",1,"9",0.773,0.668,"2","2",0.625,0.875,"2","2","2","1"
"137","LR",1,"9",0.773,0.668,"2","2",0.625,0.875,"2","2","2","1"
"137","LR",1,"9",0.773,0.668,"2","2",0.625,0.875,"2","2","2","1"
"137","LR",1,"9",0.773,0.668,"2","2",0.625,0.875,"2","2","2","1"
"138","FB",0,"9",0.758,0.656,"5","2",0.875,0.625,"2","2","2","1"
"138","FB",1,"9",0.758,0.656,"5","2",0.875,0.625,"2","2","2","1"
"138","FB",1,"9",0.758,0.656,"5","2",0.875,0.625,"2","2","2","1"
"138","FB",1,"9",0.758,0.656,"5","2",0.875,0.625,"2","2","2","1"
"138","FB",1,"9",0.758,0.656,"5","2",0.875,0.625,"2","2","2","1"
"138","FB",1,"9",0.758,0.656,"5","2",0.875,0.625,"2","2","2","1"
"138","FB",1,"9",0.758,0.656,"5","2",0.875,0.625,"2","2","2","1"
"138","FB",1,"9",0.758,0.656,"5","2",0.875,0.625,"2","2","2","1"
"138","LR",0,"9",0.758,0.656,"5","2",0.875,0.625,"2","2","2","1"
"138","LR",0,"9",0.758,0.656,"5","2",0.875,0.625,"2","2","2","1"
"138","LR",0,"9",0.758,0.656,"5","2",0.875,0.625,"2","2","2","1"
"138","LR",1,"9",0.758,0.656,"5","2",0.875,0.625,"2","2","2","1"
"138","LR",1,"9",0.758,0.656,"5","2",0.875,0.625,"2","2","2","1"
"138","LR",1,"9",0.758,0.656,"5","2",0.875,0.625,"2","2","2","1"
"138","LR",1,"9",0.758,0.656,"5","2",0.875,0.625,"2","2","2","1"
"138","LR",1,"9",0.758,0.656,"5","2",0.875,0.625,"2","2","2","1"
"139","FB",0,"17",0.288,0.323,"3","1",0,0.375,"1","1","6","2"
"139","FB",0,"17",0.288,0.323,"3","1",0,0.375,"1","1","6","2"
"139","FB",0,"17",0.288,0.323,"3","1",0,0.375,"1","1","6","2"
"139","FB",0,"17",0.288,0.323,"3","1",0,0.375,"1","1","6","2"
"139","FB",0,"17",0.288,0.323,"3","1",0,0.375,"1","1","6","2"
"139","FB",0,"17",0.288,0.323,"3","1",0,0.375,"1","1","6","2"
"139","FB",0,"17",0.288,0.323,"3","1",0,0.375,"1","1","6","2"
"139","FB",0,"17",0.288,0.323,"3","1",0,0.375,"1","1","6","2"
"139","LR",0,"17",0.288,0.323,"3","1",0,0.375,"1","1","6","2"
"139","LR",0,"17",0.288,0.323,"3","1",0,0.375,"1","1","6","2"
"139","LR",0,"17",0.288,0.323,"3","1",0,0.375,"1","1","6","2"
"139","LR",0,"17",0.288,0.323,"3","1",0,0.375,"1","1","6","2"
"139","LR",0,"17",0.288,0.323,"3","1",0,0.375,"1","1","6","2"
"139","LR",1,"17",0.288,0.323,"3","1",0,0.375,"1","1","6","2"
"139","LR",1,"17",0.288,0.323,"3","1",0,0.375,"1","1","6","2"
"139","LR",1,"17",0.288,0.323,"3","1",0,0.375,"1","1","6","2"
"140","FB",0,"9",0.724,0.688,"2","2",0.625,0.75,"2","2","1","1"
"140","FB",0,"9",0.724,0.688,"2","2",0.625,0.75,"2","2","1","1"
"140","FB",0,"9",0.724,0.688,"2","2",0.625,0.75,"2","2","1","1"
"140","FB",1,"9",0.724,0.688,"2","2",0.625,0.75,"2","2","1","1"
"140","FB",1,"9",0.724,0.688,"2","2",0.625,0.75,"2","2","1","1"
"140","FB",1,"9",0.724,0.688,"2","2",0.625,0.75,"2","2","1","1"
"140","FB",1,"9",0.724,0.688,"2","2",0.625,0.75,"2","2","1","1"
"140","FB",1,"9",0.724,0.688,"2","2",0.625,0.75,"2","2","1","1"
"140","LR",0,"9",0.724,0.688,"2","2",0.625,0.75,"2","2","1","1"
"140","LR",0,"9",0.724,0.688,"2","2",0.625,0.75,"2","2","1","1"
"140","LR",1,"9",0.724,0.688,"2","2",0.625,0.75,"2","2","1","1"
"140","LR",1,"9",0.724,0.688,"2","2",0.625,0.75,"2","2","1","1"
"140","LR",1,"9",0.724,0.688,"2","2",0.625,0.75,"2","2","1","1"
"140","LR",1,"9",0.724,0.688,"2","2",0.625,0.75,"2","2","1","1"
"140","LR",1,"9",0.724,0.688,"2","2",0.625,0.75,"2","2","1","1"
"140","LR",1,"9",0.724,0.688,"2","2",0.625,0.75,"2","2","1","1"
"141","FB",1,"9",0.793,0.775,"5","2",1,0.875,"2","2","3","1"
"141","FB",1,"9",0.793,0.775,"5","2",1,0.875,"2","2","3","1"
"141","FB",1,"9",0.793,0.775,"5","2",1,0.875,"2","2","3","1"
"141","FB",1,"9",0.793,0.775,"5","2",1,0.875,"2","2","3","1"
"141","FB",1,"9",0.793,0.775,"5","2",1,0.875,"2","2","3","1"
"141","FB",1,"9",0.793,0.775,"5","2",1,0.875,"2","2","3","1"
"141","FB",1,"9",0.793,0.775,"5","2",1,0.875,"2","2","3","1"
"141","FB",1,"9",0.793,0.775,"5","2",1,0.875,"2","2","3","1"
"141","LR",0,"9",0.793,0.775,"5","2",1,0.875,"2","2","3","1"
"141","LR",1,"9",0.793,0.775,"5","2",1,0.875,"2","2","3","1"
"141","LR",1,"9",0.793,0.775,"5","2",1,0.875,"2","2","3","1"
"141","LR",1,"9",0.793,0.775,"5","2",1,0.875,"2","2","3","1"
"141","LR",1,"9",0.793,0.775,"5","2",1,0.875,"2","2","3","1"
"141","LR",1,"9",0.793,0.775,"5","2",1,0.875,"2","2","3","1"
"141","LR",1,"9",0.793,0.775,"5","2",1,0.875,"2","2","3","1"
"141","LR",1,"9",0.793,0.775,"5","2",1,0.875,"2","2","3","1"
"142","FB",0,"17",0.267,0.286,"1","1",0.25,0,"1","1","4","2"
"142","FB",0,"17",0.267,0.286,"1","1",0.25,0,"1","1","4","2"
"142","FB",0,"17",0.267,0.286,"1","1",0.25,0,"1","1","4","2"
"142","FB",0,"17",0.267,0.286,"1","1",0.25,0,"1","1","4","2"
"142","FB",0,"17",0.267,0.286,"1","1",0.25,0,"1","1","4","2"
"142","FB",0,"17",0.267,0.286,"1","1",0.25,0,"1","1","4","2"
"142","FB",1,"17",0.267,0.286,"1","1",0.25,0,"1","1","4","2"
"142","FB",1,"17",0.267,0.286,"1","1",0.25,0,"1","1","4","2"
"142","LR",0,"17",0.267,0.286,"1","1",0.25,0,"1","1","4","2"
"142","LR",0,"17",0.267,0.286,"1","1",0.25,0,"1","1","4","2"
"142","LR",0,"17",0.267,0.286,"1","1",0.25,0,"1","1","4","2"
"142","LR",0,"17",0.267,0.286,"1","1",0.25,0,"1","1","4","2"
"142","LR",0,"17",0.267,0.286,"1","1",0.25,0,"1","1","4","2"
"142","LR",0,"17",0.267,0.286,"1","1",0.25,0,"1","1","4","2"
"142","LR",0,"17",0.267,0.286,"1","1",0.25,0,"1","1","4","2"
"142","LR",0,"17",0.267,0.286,"1","1",0.25,0,"1","1","4","2"
"143","FB",0,"9",0.727,0.73,"5","2",0.75,0.625,"2","2","1","1"
"143","FB",0,"9",0.727,0.73,"5","2",0.75,0.625,"2","2","1","1"
"143","FB",1,"9",0.727,0.73,"5","2",0.75,0.625,"2","2","1","1"
"143","FB",1,"9",0.727,0.73,"5","2",0.75,0.625,"2","2","1","1"
"143","FB",1,"9",0.727,0.73,"5","2",0.75,0.625,"2","2","1","1"
"143","FB",1,"9",0.727,0.73,"5","2",0.75,0.625,"2","2","1","1"
"143","FB",1,"9",0.727,0.73,"5","2",0.75,0.625,"2","2","1","1"
"143","FB",1,"9",0.727,0.73,"5","2",0.75,0.625,"2","2","1","1"
"143","LR",0,"9",0.727,0.73,"5","2",0.75,0.625,"2","2","1","1"
"143","LR",0,"9",0.727,0.73,"5","2",0.75,0.625,"2","2","1","1"
"143","LR",0,"9",0.727,0.73,"5","2",0.75,0.625,"2","2","1","1"
"143","LR",1,"9",0.727,0.73,"5","2",0.75,0.625,"2","2","1","1"
"143","LR",1,"9",0.727,0.73,"5","2",0.75,0.625,"2","2","1","1"
"143","LR",1,"9",0.727,0.73,"5","2",0.75,0.625,"2","2","1","1"
"143","LR",1,"9",0.727,0.73,"5","2",0.75,0.625,"2","2","1","1"
"143","LR",1,"9",0.727,0.73,"5","2",0.75,0.625,"2","2","1","1"
"144","FB",0,"9",0.769,0.755,"5","2",0.75,0.875,"2","2","2","1"
"144","FB",0,"9",0.769,0.755,"5","2",0.75,0.875,"2","2","2","1"
"144","FB",1,"9",0.769,0.755,"5","2",0.75,0.875,"2","2","2","1"
"144","FB",1,"9",0.769,0.755,"5","2",0.75,0.875,"2","2","2","1"
"144","FB",1,"9",0.769,0.755,"5","2",0.75,0.875,"2","2","2","1"
"144","FB",1,"9",0.769,0.755,"5","2",0.75,0.875,"2","2","2","1"
"144","FB",1,"9",0.769,0.755,"5","2",0.75,0.875,"2","2","2","1"
"144","FB",1,"9",0.769,0.755,"5","2",0.75,0.875,"2","2","2","1"
"144","LR",0,"9",0.769,0.755,"5","2",0.75,0.875,"2","2","2","1"
"144","LR",1,"9",0.769,0.755,"5","2",0.75,0.875,"2","2","2","1"
"144","LR",1,"9",0.769,0.755,"5","2",0.75,0.875,"2","2","2","1"
"144","LR",1,"9",0.769,0.755,"5","2",0.75,0.875,"2","2","2","1"
"144","LR",1,"9",0.769,0.755,"5","2",0.75,0.875,"2","2","2","1"
"144","LR",1,"9",0.769,0.755,"5","2",0.75,0.875,"2","2","2","1"
"144","LR",1,"9",0.769,0.755,"5","2",0.75,0.875,"2","2","2","1"
"144","LR",1,"9",0.769,0.755,"5","2",0.75,0.875,"2","2","2","1"
"145","FB",1,"9",0.879,0.833,"5","2",1,0.625,"2","2","2","1"
"145","FB",1,"9",0.879,0.833,"5","2",1,0.625,"2","2","2","1"
"145","FB",1,"9",0.879,0.833,"5","2",1,0.625,"2","2","2","1"
"145","FB",1,"9",0.879,0.833,"5","2",1,0.625,"2","2","2","1"
"145","FB",1,"9",0.879,0.833,"5","2",1,0.625,"2","2","2","1"
"145","FB",1,"9",0.879,0.833,"5","2",1,0.625,"2","2","2","1"
"145","FB",1,"9",0.879,0.833,"5","2",1,0.625,"2","2","2","1"
"145","FB",1,"9",0.879,0.833,"5","2",1,0.625,"2","2","2","1"
"145","LR",0,"9",0.879,0.833,"5","2",1,0.625,"2","2","2","1"
"145","LR",0,"9",0.879,0.833,"5","2",1,0.625,"2","2","2","1"
"145","LR",0,"9",0.879,0.833,"5","2",1,0.625,"2","2","2","1"
"145","LR",1,"9",0.879,0.833,"5","2",1,0.625,"2","2","2","1"
"145","LR",1,"9",0.879,0.833,"5","2",1,0.625,"2","2","2","1"
"145","LR",1,"9",0.879,0.833,"5","2",1,0.625,"2","2","2","1"
"145","LR",1,"9",0.879,0.833,"5","2",1,0.625,"2","2","2","1"
"145","LR",1,"9",0.879,0.833,"5","2",1,0.625,"2","2","2","1"
"146","FB",0,"9",0.781,0.724,"2","2",0.5,0.875,"2","2","1","1"
"146","FB",0,"9",0.781,0.724,"2","2",0.5,0.875,"2","2","1","1"
"146","FB",0,"9",0.781,0.724,"2","2",0.5,0.875,"2","2","1","1"
"146","FB",0,"9",0.781,0.724,"2","2",0.5,0.875,"2","2","1","1"
"146","FB",1,"9",0.781,0.724,"2","2",0.5,0.875,"2","2","1","1"
"146","FB",1,"9",0.781,0.724,"2","2",0.5,0.875,"2","2","1","1"
"146","FB",1,"9",0.781,0.724,"2","2",0.5,0.875,"2","2","1","1"
"146","FB",1,"9",0.781,0.724,"2","2",0.5,0.875,"2","2","1","1"
"146","LR",0,"9",0.781,0.724,"2","2",0.5,0.875,"2","2","1","1"
"146","LR",1,"9",0.781,0.724,"2","2",0.5,0.875,"2","2","1","1"
"146","LR",1,"9",0.781,0.724,"2","2",0.5,0.875,"2","2","1","1"
"146","LR",1,"9",0.781,0.724,"2","2",0.5,0.875,"2","2","1","1"
"146","LR",1,"9",0.781,0.724,"2","2",0.5,0.875,"2","2","1","1"
"146","LR",1,"9",0.781,0.724,"2","2",0.5,0.875,"2","2","1","1"
"146","LR",1,"9",0.781,0.724,"2","2",0.5,0.875,"2","2","1","1"
"146","LR",1,"9",0.781,0.724,"2","2",0.5,0.875,"2","2","1","1"
"147","FB",0,"9",0.671,0.687,"2","2",0.625,0.625,"2","2","1","1"
"147","FB",0,"9",0.671,0.687,"2","2",0.625,0.625,"2","2","1","1"
"147","FB",0,"9",0.671,0.687,"2","2",0.625,0.625,"2","2","1","1"
"147","FB",1,"9",0.671,0.687,"2","2",0.625,0.625,"2","2","1","1"
"147","FB",1,"9",0.671,0.687,"2","2",0.625,0.625,"2","2","1","1"
"147","FB",1,"9",0.671,0.687,"2","2",0.625,0.625,"2","2","1","1"
"147","FB",1,"9",0.671,0.687,"2","2",0.625,0.625,"2","2","1","1"
"147","FB",1,"9",0.671,0.687,"2","2",0.625,0.625,"2","2","1","1"
"147","LR",0,"9",0.671,0.687,"2","2",0.625,0.625,"2","2","1","1"
"147","LR",0,"9",0.671,0.687,"2","2",0.625,0.625,"2","2","1","1"
"147","LR",0,"9",0.671,0.687,"2","2",0.625,0.625,"2","2","1","1"
"147","LR",1,"9",0.671,0.687,"2","2",0.625,0.625,"2","2","1","1"
"147","LR",1,"9",0.671,0.687,"2","2",0.625,0.625,"2","2","1","1"
"147","LR",1,"9",0.671,0.687,"2","2",0.625,0.625,"2","2","1","1"
"147","LR",1,"9",0.671,0.687,"2","2",0.625,0.625,"2","2","1","1"
"147","LR",1,"9",0.671,0.687,"2","2",0.625,0.625,"2","2","1","1"
"148","FB",0,"17",0.246,0.31,"3","1",0,0.375,"1","1","6","2"
"148","FB",0,"17",0.246,0.31,"3","1",0,0.375,"1","1","6","2"
"148","FB",0,"17",0.246,0.31,"3","1",0,0.375,"1","1","6","2"
"148","FB",0,"17",0.246,0.31,"3","1",0,0.375,"1","1","6","2"
"148","FB",0,"17",0.246,0.31,"3","1",0,0.375,"1","1","6","2"
"148","FB",0,"17",0.246,0.31,"3","1",0,0.375,"1","1","6","2"
"148","FB",0,"17",0.246,0.31,"3","1",0,0.375,"1","1","6","2"
"148","FB",0,"17",0.246,0.31,"3","1",0,0.375,"1","1","6","2"
"148","LR",0,"17",0.246,0.31,"3","1",0,0.375,"1","1","6","2"
"148","LR",0,"17",0.246,0.31,"3","1",0,0.375,"1","1","6","2"
"148","LR",0,"17",0.246,0.31,"3","1",0,0.375,"1","1","6","2"
"148","LR",0,"17",0.246,0.31,"3","1",0,0.375,"1","1","6","2"
"148","LR",0,"17",0.246,0.31,"3","1",0,0.375,"1","1","6","2"
"148","LR",1,"17",0.246,0.31,"3","1",0,0.375,"1","1","6","2"
"148","LR",1,"17",0.246,0.31,"3","1",0,0.375,"1","1","6","2"
"148","LR",1,"17",0.246,0.31,"3","1",0,0.375,"1","1","6","2"
"149","FB",0,"9",0.751,0.771,"2","2",0.5,0.75,"2","2","1","1"
"149","FB",0,"9",0.751,0.771,"2","2",0.5,0.75,"2","2","1","1"
"149","FB",0,"9",0.751,0.771,"2","2",0.5,0.75,"2","2","1","1"
"149","FB",0,"9",0.751,0.771,"2","2",0.5,0.75,"2","2","1","1"
"149","FB",1,"9",0.751,0.771,"2","2",0.5,0.75,"2","2","1","1"
"149","FB",1,"9",0.751,0.771,"2","2",0.5,0.75,"2","2","1","1"
"149","FB",1,"9",0.751,0.771,"2","2",0.5,0.75,"2","2","1","1"
"149","FB",1,"9",0.751,0.771,"2","2",0.5,0.75,"2","2","1","1"
"149","LR",0,"9",0.751,0.771,"2","2",0.5,0.75,"2","2","1","1"
"149","LR",0,"9",0.751,0.771,"2","2",0.5,0.75,"2","2","1","1"
"149","LR",1,"9",0.751,0.771,"2","2",0.5,0.75,"2","2","1","1"
"149","LR",1,"9",0.751,0.771,"2","2",0.5,0.75,"2","2","1","1"
"149","LR",1,"9",0.751,0.771,"2","2",0.5,0.75,"2","2","1","1"
"149","LR",1,"9",0.751,0.771,"2","2",0.5,0.75,"2","2","1","1"
"149","LR",1,"9",0.751,0.771,"2","2",0.5,0.75,"2","2","1","1"
"149","LR",1,"9",0.751,0.771,"2","2",0.5,0.75,"2","2","1","1"
"150","FB",0,"9",0.7,0.682,"5","2",0.875,0.875,"2","2","3","1"
"150","FB",1,"9",0.7,0.682,"5","2",0.875,0.875,"2","2","3","1"
"150","FB",1,"9",0.7,0.682,"5","2",0.875,0.875,"2","2","3","1"
"150","FB",1,"9",0.7,0.682,"5","2",0.875,0.875,"2","2","3","1"
"150","FB",1,"9",0.7,0.682,"5","2",0.875,0.875,"2","2","3","1"
"150","FB",1,"9",0.7,0.682,"5","2",0.875,0.875,"2","2","3","1"
"150","FB",1,"9",0.7,0.682,"5","2",0.875,0.875,"2","2","3","1"
"150","FB",1,"9",0.7,0.682,"5","2",0.875,0.875,"2","2","3","1"
"150","LR",0,"9",0.7,0.682,"5","2",0.875,0.875,"2","2","3","1"
"150","LR",1,"9",0.7,0.682,"5","2",0.875,0.875,"2","2","3","1"
"150","LR",1,"9",0.7,0.682,"5","2",0.875,0.875,"2","2","3","1"
"150","LR",1,"9",0.7,0.682,"5","2",0.875,0.875,"2","2","3","1"
"150","LR",1,"9",0.7,0.682,"5","2",0.875,0.875,"2","2","3","1"
"150","LR",1,"9",0.7,0.682,"5","2",0.875,0.875,"2","2","3","1"
"150","LR",1,"9",0.7,0.682,"5","2",0.875,0.875,"2","2","3","1"
"150","LR",1,"9",0.7,0.682,"5","2",0.875,0.875,"2","2","3","1"
"151","FB",0,"9",0.686,0.844,"5","2",0.875,0.875,"2","2","3","1"
"151","FB",1,"9",0.686,0.844,"5","2",0.875,0.875,"2","2","3","1"
"151","FB",1,"9",0.686,0.844,"5","2",0.875,0.875,"2","2","3","1"
"151","FB",1,"9",0.686,0.844,"5","2",0.875,0.875,"2","2","3","1"
"151","FB",1,"9",0.686,0.844,"5","2",0.875,0.875,"2","2","3","1"
"151","FB",1,"9",0.686,0.844,"5","2",0.875,0.875,"2","2","3","1"
"151","FB",1,"9",0.686,0.844,"5","2",0.875,0.875,"2","2","3","1"
"151","FB",1,"9",0.686,0.844,"5","2",0.875,0.875,"2","2","3","1"
"151","LR",0,"9",0.686,0.844,"5","2",0.875,0.875,"2","2","3","1"
"151","LR",1,"9",0.686,0.844,"5","2",0.875,0.875,"2","2","3","1"
"151","LR",1,"9",0.686,0.844,"5","2",0.875,0.875,"2","2","3","1"
"151","LR",1,"9",0.686,0.844,"5","2",0.875,0.875,"2","2","3","1"
"151","LR",1,"9",0.686,0.844,"5","2",0.875,0.875,"2","2","3","1"
"151","LR",1,"9",0.686,0.844,"5","2",0.875,0.875,"2","2","3","1"
"151","LR",1,"9",0.686,0.844,"5","2",0.875,0.875,"2","2","3","1"
"151","LR",1,"9",0.686,0.844,"5","2",0.875,0.875,"2","2","3","1"
"152","FB",0,"17",0.167,0.371,"1","1",0.25,0,"1","1","4","2"
"152","FB",0,"17",0.167,0.371,"1","1",0.25,0,"1","1","4","2"
"152","FB",0,"17",0.167,0.371,"1","1",0.25,0,"1","1","4","2"
"152","FB",0,"17",0.167,0.371,"1","1",0.25,0,"1","1","4","2"
"152","FB",0,"17",0.167,0.371,"1","1",0.25,0,"1","1","4","2"
"152","FB",0,"17",0.167,0.371,"1","1",0.25,0,"1","1","4","2"
"152","FB",1,"17",0.167,0.371,"1","1",0.25,0,"1","1","4","2"
"152","FB",1,"17",0.167,0.371,"1","1",0.25,0,"1","1","4","2"
"152","LR",0,"17",0.167,0.371,"1","1",0.25,0,"1","1","4","2"
"152","LR",0,"17",0.167,0.371,"1","1",0.25,0,"1","1","4","2"
"152","LR",0,"17",0.167,0.371,"1","1",0.25,0,"1","1","4","2"
"152","LR",0,"17",0.167,0.371,"1","1",0.25,0,"1","1","4","2"
"152","LR",0,"17",0.167,0.371,"1","1",0.25,0,"1","1","4","2"
"152","LR",0,"17",0.167,0.371,"1","1",0.25,0,"1","1","4","2"
"152","LR",0,"17",0.167,0.371,"1","1",0.25,0,"1","1","4","2"
"152","LR",0,"17",0.167,0.371,"1","1",0.25,0,"1","1","4","2"
"153","FB",0,"9",0.754,0.713,"5","2",0.875,0.625,"2","2","2","1"
"153","FB",1,"9",0.754,0.713,"5","2",0.875,0.625,"2","2","2","1"
"153","FB",1,"9",0.754,0.713,"5","2",0.875,0.625,"2","2","2","1"
"153","FB",1,"9",0.754,0.713,"5","2",0.875,0.625,"2","2","2","1"
"153","FB",1,"9",0.754,0.713,"5","2",0.875,0.625,"2","2","2","1"
"153","FB",1,"9",0.754,0.713,"5","2",0.875,0.625,"2","2","2","1"
"153","FB",1,"9",0.754,0.713,"5","2",0.875,0.625,"2","2","2","1"
"153","FB",1,"9",0.754,0.713,"5","2",0.875,0.625,"2","2","2","1"
"153","LR",0,"9",0.754,0.713,"5","2",0.875,0.625,"2","2","2","1"
"153","LR",0,"9",0.754,0.713,"5","2",0.875,0.625,"2","2","2","1"
"153","LR",0,"9",0.754,0.713,"5","2",0.875,0.625,"2","2","2","1"
"153","LR",1,"9",0.754,0.713,"5","2",0.875,0.625,"2","2","2","1"
"153","LR",1,"9",0.754,0.713,"5","2",0.875,0.625,"2","2","2","1"
"153","LR",1,"9",0.754,0.713,"5","2",0.875,0.625,"2","2","2","1"
"153","LR",1,"9",0.754,0.713,"5","2",0.875,0.625,"2","2","2","1"
"153","LR",1,"9",0.754,0.713,"5","2",0.875,0.625,"2","2","2","1"
"154","FB",0,"17",0.182,0.359,"1","1",0.125,0,"1","1","4","2"
"154","FB",0,"17",0.182,0.359,"1","1",0.125,0,"1","1","4","2"
"154","FB",0,"17",0.182,0.359,"1","1",0.125,0,"1","1","4","2"
"154","FB",0,"17",0.182,0.359,"1","1",0.125,0,"1","1","4","2"
"154","FB",0,"17",0.182,0.359,"1","1",0.125,0,"1","1","4","2"
"154","FB",0,"17",0.182,0.359,"1","1",0.125,0,"1","1","4","2"
"154","FB",0,"17",0.182,0.359,"1","1",0.125,0,"1","1","4","2"
"154","FB",1,"17",0.182,0.359,"1","1",0.125,0,"1","1","4","2"
"154","LR",0,"17",0.182,0.359,"1","1",0.125,0,"1","1","4","2"
"154","LR",0,"17",0.182,0.359,"1","1",0.125,0,"1","1","4","2"
"154","LR",0,"17",0.182,0.359,"1","1",0.125,0,"1","1","4","2"
"154","LR",0,"17",0.182,0.359,"1","1",0.125,0,"1","1","4","2"
"154","LR",0,"17",0.182,0.359,"1","1",0.125,0,"1","1","4","2"
"154","LR",0,"17",0.182,0.359,"1","1",0.125,0,"1","1","4","2"
"154","LR",0,"17",0.182,0.359,"1","1",0.125,0,"1","1","4","2"
"154","LR",0,"17",0.182,0.359,"1","1",0.125,0,"1","1","4","2"
"155","FB",0,"17",0.35,0.238,"1","1",0.25,0.125,"1","1","6","2"
"155","FB",0,"17",0.35,0.238,"1","1",0.25,0.125,"1","1","6","2"
"155","FB",0,"17",0.35,0.238,"1","1",0.25,0.125,"1","1","6","2"
"155","FB",0,"17",0.35,0.238,"1","1",0.25,0.125,"1","1","6","2"
"155","FB",0,"17",0.35,0.238,"1","1",0.25,0.125,"1","1","6","2"
"155","FB",0,"17",0.35,0.238,"1","1",0.25,0.125,"1","1","6","2"
"155","FB",1,"17",0.35,0.238,"1","1",0.25,0.125,"1","1","6","2"
"155","FB",1,"17",0.35,0.238,"1","1",0.25,0.125,"1","1","6","2"
"155","LR",0,"17",0.35,0.238,"1","1",0.25,0.125,"1","1","6","2"
"155","LR",0,"17",0.35,0.238,"1","1",0.25,0.125,"1","1","6","2"
"155","LR",0,"17",0.35,0.238,"1","1",0.25,0.125,"1","1","6","2"
"155","LR",0,"17",0.35,0.238,"1","1",0.25,0.125,"1","1","6","2"
"155","LR",0,"17",0.35,0.238,"1","1",0.25,0.125,"1","1","6","2"
"155","LR",0,"17",0.35,0.238,"1","1",0.25,0.125,"1","1","6","2"
"155","LR",0,"17",0.35,0.238,"1","1",0.25,0.125,"1","1","6","2"
"155","LR",1,"17",0.35,0.238,"1","1",0.25,0.125,"1","1","6","2"
"156","FB",0,"9",0.67,0.666,"4","2",0.625,0.375,"2","2","1","1"
"156","FB",0,"9",0.67,0.666,"4","2",0.625,0.375,"2","2","1","1"
"156","FB",0,"9",0.67,0.666,"4","2",0.625,0.375,"2","2","1","1"
"156","FB",1,"9",0.67,0.666,"4","2",0.625,0.375,"2","2","1","1"
"156","FB",1,"9",0.67,0.666,"4","2",0.625,0.375,"2","2","1","1"
"156","FB",1,"9",0.67,0.666,"4","2",0.625,0.375,"2","2","1","1"
"156","FB",1,"9",0.67,0.666,"4","2",0.625,0.375,"2","2","1","1"
"156","FB",1,"9",0.67,0.666,"4","2",0.625,0.375,"2","2","1","1"
"156","LR",0,"9",0.67,0.666,"4","2",0.625,0.375,"2","2","1","1"
"156","LR",0,"9",0.67,0.666,"4","2",0.625,0.375,"2","2","1","1"
"156","LR",0,"9",0.67,0.666,"4","2",0.625,0.375,"2","2","1","1"
"156","LR",0,"9",0.67,0.666,"4","2",0.625,0.375,"2","2","1","1"
"156","LR",0,"9",0.67,0.666,"4","2",0.625,0.375,"2","2","1","1"
"156","LR",1,"9",0.67,0.666,"4","2",0.625,0.375,"2","2","1","1"
"156","LR",1,"9",0.67,0.666,"4","2",0.625,0.375,"2","2","1","1"
"156","LR",1,"9",0.67,0.666,"4","2",0.625,0.375,"2","2","1","1"
"157","FB",0,"17",0.263,0.253,"3","1",0.25,0.625,"1","1","5","2"
"157","FB",0,"17",0.263,0.253,"3","1",0.25,0.625,"1","1","5","2"
"157","FB",0,"17",0.263,0.253,"3","1",0.25,0.625,"1","1","5","2"
"157","FB",0,"17",0.263,0.253,"3","1",0.25,0.625,"1","1","5","2"
"157","FB",0,"17",0.263,0.253,"3","1",0.25,0.625,"1","1","5","2"
"157","FB",0,"17",0.263,0.253,"3","1",0.25,0.625,"1","1","5","2"
"157","FB",1,"17",0.263,0.253,"3","1",0.25,0.625,"1","1","5","2"
"157","FB",1,"17",0.263,0.253,"3","1",0.25,0.625,"1","1","5","2"
"157","LR",0,"17",0.263,0.253,"3","1",0.25,0.625,"1","1","5","2"
"157","LR",0,"17",0.263,0.253,"3","1",0.25,0.625,"1","1","5","2"
"157","LR",0,"17",0.263,0.253,"3","1",0.25,0.625,"1","1","5","2"
"157","LR",1,"17",0.263,0.253,"3","1",0.25,0.625,"1","1","5","2"
"157","LR",1,"17",0.263,0.253,"3","1",0.25,0.625,"1","1","5","2"
"157","LR",1,"17",0.263,0.253,"3","1",0.25,0.625,"1","1","5","2"
"157","LR",1,"17",0.263,0.253,"3","1",0.25,0.625,"1","1","5","2"
"157","LR",1,"17",0.263,0.253,"3","1",0.25,0.625,"1","1","5","2"
"158","FB",0,"9",0.745,0.75,"5","2",0.75,0.75,"2","2","2","1"
"158","FB",0,"9",0.745,0.75,"5","2",0.75,0.75,"2","2","2","1"
"158","FB",1,"9",0.745,0.75,"5","2",0.75,0.75,"2","2","2","1"
"158","FB",1,"9",0.745,0.75,"5","2",0.75,0.75,"2","2","2","1"
"158","FB",1,"9",0.745,0.75,"5","2",0.75,0.75,"2","2","2","1"
"158","FB",1,"9",0.745,0.75,"5","2",0.75,0.75,"2","2","2","1"
"158","FB",1,"9",0.745,0.75,"5","2",0.75,0.75,"2","2","2","1"
"158","FB",1,"9",0.745,0.75,"5","2",0.75,0.75,"2","2","2","1"
"158","LR",0,"9",0.745,0.75,"5","2",0.75,0.75,"2","2","2","1"
"158","LR",0,"9",0.745,0.75,"5","2",0.75,0.75,"2","2","2","1"
"158","LR",1,"9",0.745,0.75,"5","2",0.75,0.75,"2","2","2","1"
"158","LR",1,"9",0.745,0.75,"5","2",0.75,0.75,"2","2","2","1"
"158","LR",1,"9",0.745,0.75,"5","2",0.75,0.75,"2","2","2","1"
"158","LR",1,"9",0.745,0.75,"5","2",0.75,0.75,"2","2","2","1"
"158","LR",1,"9",0.745,0.75,"5","2",0.75,0.75,"2","2","2","1"
"158","LR",1,"9",0.745,0.75,"5","2",0.75,0.75,"2","2","2","1"
"159","FB",0,"17",0.187,0.242,"3","1",0,0.25,"1","1","4","2"
"159","FB",0,"17",0.187,0.242,"3","1",0,0.25,"1","1","4","2"
"159","FB",0,"17",0.187,0.242,"3","1",0,0.25,"1","1","4","2"
"159","FB",0,"17",0.187,0.242,"3","1",0,0.25,"1","1","4","2"
"159","FB",0,"17",0.187,0.242,"3","1",0,0.25,"1","1","4","2"
"159","FB",0,"17",0.187,0.242,"3","1",0,0.25,"1","1","4","2"
"159","FB",0,"17",0.187,0.242,"3","1",0,0.25,"1","1","4","2"
"159","FB",0,"17",0.187,0.242,"3","1",0,0.25,"1","1","4","2"
"159","LR",0,"17",0.187,0.242,"3","1",0,0.25,"1","1","4","2"
"159","LR",0,"17",0.187,0.242,"3","1",0,0.25,"1","1","4","2"
"159","LR",0,"17",0.187,0.242,"3","1",0,0.25,"1","1","4","2"
"159","LR",0,"17",0.187,0.242,"3","1",0,0.25,"1","1","4","2"
"159","LR",0,"17",0.187,0.242,"3","1",0,0.25,"1","1","4","2"
"159","LR",0,"17",0.187,0.242,"3","1",0,0.25,"1","1","4","2"
"159","LR",1,"17",0.187,0.242,"3","1",0,0.25,"1","1","4","2"
"159","LR",1,"17",0.187,0.242,"3","1",0,0.25,"1","1","4","2"
"160","FB",0,"17",0.24,0.292,"3","1",0.25,0.375,"1","1","5","2"
"160","FB",0,"17",0.24,0.292,"3","1",0.25,0.375,"1","1","5","2"
"160","FB",0,"17",0.24,0.292,"3","1",0.25,0.375,"1","1","5","2"
"160","FB",0,"17",0.24,0.292,"3","1",0.25,0.375,"1","1","5","2"
"160","FB",0,"17",0.24,0.292,"3","1",0.25,0.375,"1","1","5","2"
"160","FB",0,"17",0.24,0.292,"3","1",0.25,0.375,"1","1","5","2"
"160","FB",1,"17",0.24,0.292,"3","1",0.25,0.375,"1","1","5","2"
"160","FB",1,"17",0.24,0.292,"3","1",0.25,0.375,"1","1","5","2"
"160","LR",0,"17",0.24,0.292,"3","1",0.25,0.375,"1","1","5","2"
"160","LR",0,"17",0.24,0.292,"3","1",0.25,0.375,"1","1","5","2"
"160","LR",0,"17",0.24,0.292,"3","1",0.25,0.375,"1","1","5","2"
"160","LR",0,"17",0.24,0.292,"3","1",0.25,0.375,"1","1","5","2"
"160","LR",0,"17",0.24,0.292,"3","1",0.25,0.375,"1","1","5","2"
"160","LR",1,"17",0.24,0.292,"3","1",0.25,0.375,"1","1","5","2"
"160","LR",1,"17",0.24,0.292,"3","1",0.25,0.375,"1","1","5","2"
"160","LR",1,"17",0.24,0.292,"3","1",0.25,0.375,"1","1","5","2"
"161","FB",0,"17",0.278,0.268,"3","1",0.125,0.25,"1","1","6","2"
"161","FB",0,"17",0.278,0.268,"3","1",0.125,0.25,"1","1","6","2"
"161","FB",0,"17",0.278,0.268,"3","1",0.125,0.25,"1","1","6","2"
"161","FB",0,"17",0.278,0.268,"3","1",0.125,0.25,"1","1","6","2"
"161","FB",0,"17",0.278,0.268,"3","1",0.125,0.25,"1","1","6","2"
"161","FB",0,"17",0.278,0.268,"3","1",0.125,0.25,"1","1","6","2"
"161","FB",0,"17",0.278,0.268,"3","1",0.125,0.25,"1","1","6","2"
"161","FB",1,"17",0.278,0.268,"3","1",0.125,0.25,"1","1","6","2"
"161","LR",0,"17",0.278,0.268,"3","1",0.125,0.25,"1","1","6","2"
"161","LR",0,"17",0.278,0.268,"3","1",0.125,0.25,"1","1","6","2"
"161","LR",0,"17",0.278,0.268,"3","1",0.125,0.25,"1","1","6","2"
"161","LR",0,"17",0.278,0.268,"3","1",0.125,0.25,"1","1","6","2"
"161","LR",0,"17",0.278,0.268,"3","1",0.125,0.25,"1","1","6","2"
"161","LR",0,"17",0.278,0.268,"3","1",0.125,0.25,"1","1","6","2"
"161","LR",1,"17",0.278,0.268,"3","1",0.125,0.25,"1","1","6","2"
"161","LR",1,"17",0.278,0.268,"3","1",0.125,0.25,"1","1","6","2"
"162","FB",0,"9",0.748,0.726,"5","2",0.875,0.625,"2","2","2","1"
"162","FB",1,"9",0.748,0.726,"5","2",0.875,0.625,"2","2","2","1"
"162","FB",1,"9",0.748,0.726,"5","2",0.875,0.625,"2","2","2","1"
"162","FB",1,"9",0.748,0.726,"5","2",0.875,0.625,"2","2","2","1"
"162","FB",1,"9",0.748,0.726,"5","2",0.875,0.625,"2","2","2","1"
"162","FB",1,"9",0.748,0.726,"5","2",0.875,0.625,"2","2","2","1"
"162","FB",1,"9",0.748,0.726,"5","2",0.875,0.625,"2","2","2","1"
"162","FB",1,"9",0.748,0.726,"5","2",0.875,0.625,"2","2","2","1"
"162","LR",0,"9",0.748,0.726,"5","2",0.875,0.625,"2","2","2","1"
"162","LR",0,"9",0.748,0.726,"5","2",0.875,0.625,"2","2","2","1"
"162","LR",0,"9",0.748,0.726,"5","2",0.875,0.625,"2","2","2","1"
"162","LR",1,"9",0.748,0.726,"5","2",0.875,0.625,"2","2","2","1"
"162","LR",1,"9",0.748,0.726,"5","2",0.875,0.625,"2","2","2","1"
"162","LR",1,"9",0.748,0.726,"5","2",0.875,0.625,"2","2","2","1"
"162","LR",1,"9",0.748,0.726,"5","2",0.875,0.625,"2","2","2","1"
"162","LR",1,"9",0.748,0.726,"5","2",0.875,0.625,"2","2","2","1"
"163","FB",0,"17",0.239,0.247,"3","1",0.125,0.375,"1","1","6","2"
"163","FB",0,"17",0.239,0.247,"3","1",0.125,0.375,"1","1","6","2"
"163","FB",0,"17",0.239,0.247,"3","1",0.125,0.375,"1","1","6","2"
"163","FB",0,"17",0.239,0.247,"3","1",0.125,0.375,"1","1","6","2"
"163","FB",0,"17",0.239,0.247,"3","1",0.125,0.375,"1","1","6","2"
"163","FB",0,"17",0.239,0.247,"3","1",0.125,0.375,"1","1","6","2"
"163","FB",0,"17",0.239,0.247,"3","1",0.125,0.375,"1","1","6","2"
"163","FB",1,"17",0.239,0.247,"3","1",0.125,0.375,"1","1","6","2"
"163","LR",0,"17",0.239,0.247,"3","1",0.125,0.375,"1","1","6","2"
"163","LR",0,"17",0.239,0.247,"3","1",0.125,0.375,"1","1","6","2"
"163","LR",0,"17",0.239,0.247,"3","1",0.125,0.375,"1","1","6","2"
"163","LR",0,"17",0.239,0.247,"3","1",0.125,0.375,"1","1","6","2"
"163","LR",0,"17",0.239,0.247,"3","1",0.125,0.375,"1","1","6","2"
"163","LR",1,"17",0.239,0.247,"3","1",0.125,0.375,"1","1","6","2"
"163","LR",1,"17",0.239,0.247,"3","1",0.125,0.375,"1","1","6","2"
"163","LR",1,"17",0.239,0.247,"3","1",0.125,0.375,"1","1","6","2"
"164","FB",0,"9",0.738,0.753,"5","2",0.75,0.75,"2","2","2","1"
"164","FB",0,"9",0.738,0.753,"5","2",0.75,0.75,"2","2","2","1"
"164","FB",1,"9",0.738,0.753,"5","2",0.75,0.75,"2","2","2","1"
"164","FB",1,"9",0.738,0.753,"5","2",0.75,0.75,"2","2","2","1"
"164","FB",1,"9",0.738,0.753,"5","2",0.75,0.75,"2","2","2","1"
"164","FB",1,"9",0.738,0.753,"5","2",0.75,0.75,"2","2","2","1"
"164","FB",1,"9",0.738,0.753,"5","2",0.75,0.75,"2","2","2","1"
"164","FB",1,"9",0.738,0.753,"5","2",0.75,0.75,"2","2","2","1"
"164","LR",0,"9",0.738,0.753,"5","2",0.75,0.75,"2","2","2","1"
"164","LR",0,"9",0.738,0.753,"5","2",0.75,0.75,"2","2","2","1"
"164","LR",1,"9",0.738,0.753,"5","2",0.75,0.75,"2","2","2","1"
"164","LR",1,"9",0.738,0.753,"5","2",0.75,0.75,"2","2","2","1"
"164","LR",1,"9",0.738,0.753,"5","2",0.75,0.75,"2","2","2","1"
"164","LR",1,"9",0.738,0.753,"5","2",0.75,0.75,"2","2","2","1"
"164","LR",1,"9",0.738,0.753,"5","2",0.75,0.75,"2","2","2","1"
"164","LR",1,"9",0.738,0.753,"5","2",0.75,0.75,"2","2","2","1"
"165","FB",0,"9",0.749,0.784,"2","2",0.625,0.875,"2","2","2","1"
"165","FB",0,"9",0.749,0.784,"2","2",0.625,0.875,"2","2","2","1"
"165","FB",0,"9",0.749,0.784,"2","2",0.625,0.875,"2","2","2","1"
"165","FB",1,"9",0.749,0.784,"2","2",0.625,0.875,"2","2","2","1"
"165","FB",1,"9",0.749,0.784,"2","2",0.625,0.875,"2","2","2","1"
"165","FB",1,"9",0.749,0.784,"2","2",0.625,0.875,"2","2","2","1"
"165","FB",1,"9",0.749,0.784,"2","2",0.625,0.875,"2","2","2","1"
"165","FB",1,"9",0.749,0.784,"2","2",0.625,0.875,"2","2","2","1"
"165","LR",0,"9",0.749,0.784,"2","2",0.625,0.875,"2","2","2","1"
"165","LR",1,"9",0.749,0.784,"2","2",0.625,0.875,"2","2","2","1"
"165","LR",1,"9",0.749,0.784,"2","2",0.625,0.875,"2","2","2","1"
"165","LR",1,"9",0.749,0.784,"2","2",0.625,0.875,"2","2","2","1"
"165","LR",1,"9",0.749,0.784,"2","2",0.625,0.875,"2","2","2","1"
"165","LR",1,"9",0.749,0.784,"2","2",0.625,0.875,"2","2","2","1"
"165","LR",1,"9",0.749,0.784,"2","2",0.625,0.875,"2","2","2","1"
"165","LR",1,"9",0.749,0.784,"2","2",0.625,0.875,"2","2","2","1"
"166","FB",1,"9",0.775,0.785,"5","2",1,0.75,"2","2","3","1"
"166","FB",1,"9",0.775,0.785,"5","2",1,0.75,"2","2","3","1"
"166","FB",1,"9",0.775,0.785,"5","2",1,0.75,"2","2","3","1"
"166","FB",1,"9",0.775,0.785,"5","2",1,0.75,"2","2","3","1"
"166","FB",1,"9",0.775,0.785,"5","2",1,0.75,"2","2","3","1"
"166","FB",1,"9",0.775,0.785,"5","2",1,0.75,"2","2","3","1"
"166","FB",1,"9",0.775,0.785,"5","2",1,0.75,"2","2","3","1"
"166","FB",1,"9",0.775,0.785,"5","2",1,0.75,"2","2","3","1"
"166","LR",0,"9",0.775,0.785,"5","2",1,0.75,"2","2","3","1"
"166","LR",0,"9",0.775,0.785,"5","2",1,0.75,"2","2","3","1"
"166","LR",1,"9",0.775,0.785,"5","2",1,0.75,"2","2","3","1"
"166","LR",1,"9",0.775,0.785,"5","2",1,0.75,"2","2","3","1"
"166","LR",1,"9",0.775,0.785,"5","2",1,0.75,"2","2","3","1"
"166","LR",1,"9",0.775,0.785,"5","2",1,0.75,"2","2","3","1"
"166","LR",1,"9",0.775,0.785,"5","2",1,0.75,"2","2","3","1"
"166","LR",1,"9",0.775,0.785,"5","2",1,0.75,"2","2","3","1"
"167","FB",0,"9",0.841,0.833,"5","2",0.875,0.875,"2","2","3","1"
"167","FB",1,"9",0.841,0.833,"5","2",0.875,0.875,"2","2","3","1"
"167","FB",1,"9",0.841,0.833,"5","2",0.875,0.875,"2","2","3","1"
"167","FB",1,"9",0.841,0.833,"5","2",0.875,0.875,"2","2","3","1"
"167","FB",1,"9",0.841,0.833,"5","2",0.875,0.875,"2","2","3","1"
"167","FB",1,"9",0.841,0.833,"5","2",0.875,0.875,"2","2","3","1"
"167","FB",1,"9",0.841,0.833,"5","2",0.875,0.875,"2","2","3","1"
"167","FB",1,"9",0.841,0.833,"5","2",0.875,0.875,"2","2","3","1"
"167","LR",0,"9",0.841,0.833,"5","2",0.875,0.875,"2","2","3","1"
"167","LR",1,"9",0.841,0.833,"5","2",0.875,0.875,"2","2","3","1"
"167","LR",1,"9",0.841,0.833,"5","2",0.875,0.875,"2","2","3","1"
"167","LR",1,"9",0.841,0.833,"5","2",0.875,0.875,"2","2","3","1"
"167","LR",1,"9",0.841,0.833,"5","2",0.875,0.875,"2","2","3","1"
"167","LR",1,"9",0.841,0.833,"5","2",0.875,0.875,"2","2","3","1"
"167","LR",1,"9",0.841,0.833,"5","2",0.875,0.875,"2","2","3","1"
"167","LR",1,"9",0.841,0.833,"5","2",0.875,0.875,"2","2","3","1"
"168","FB",0,"17",0.286,0.195,"3","1",0.125,0.375,"1","1","6","2"
"168","FB",0,"17",0.286,0.195,"3","1",0.125,0.375,"1","1","6","2"
"168","FB",0,"17",0.286,0.195,"3","1",0.125,0.375,"1","1","6","2"
"168","FB",0,"17",0.286,0.195,"3","1",0.125,0.375,"1","1","6","2"
"168","FB",0,"17",0.286,0.195,"3","1",0.125,0.375,"1","1","6","2"
"168","FB",0,"17",0.286,0.195,"3","1",0.125,0.375,"1","1","6","2"
"168","FB",0,"17",0.286,0.195,"3","1",0.125,0.375,"1","1","6","2"
"168","FB",1,"17",0.286,0.195,"3","1",0.125,0.375,"1","1","6","2"
"168","LR",0,"17",0.286,0.195,"3","1",0.125,0.375,"1","1","6","2"
"168","LR",0,"17",0.286,0.195,"3","1",0.125,0.375,"1","1","6","2"
"168","LR",0,"17",0.286,0.195,"3","1",0.125,0.375,"1","1","6","2"
"168","LR",0,"17",0.286,0.195,"3","1",0.125,0.375,"1","1","6","2"
"168","LR",0,"17",0.286,0.195,"3","1",0.125,0.375,"1","1","6","2"
"168","LR",1,"17",0.286,0.195,"3","1",0.125,0.375,"1","1","6","2"
"168","LR",1,"17",0.286,0.195,"3","1",0.125,0.375,"1","1","6","2"
"168","LR",1,"17",0.286,0.195,"3","1",0.125,0.375,"1","1","6","2"
"169","FB",0,"17",0.34,0.201,"4","1",0.5,0.375,"1","1","5","2"
"169","FB",0,"17",0.34,0.201,"4","1",0.5,0.375,"1","1","5","2"
"169","FB",0,"17",0.34,0.201,"4","1",0.5,0.375,"1","1","5","2"
"169","FB",0,"17",0.34,0.201,"4","1",0.5,0.375,"1","1","5","2"
"169","FB",1,"17",0.34,0.201,"4","1",0.5,0.375,"1","1","5","2"
"169","FB",1,"17",0.34,0.201,"4","1",0.5,0.375,"1","1","5","2"
"169","FB",1,"17",0.34,0.201,"4","1",0.5,0.375,"1","1","5","2"
"169","FB",1,"17",0.34,0.201,"4","1",0.5,0.375,"1","1","5","2"
"169","LR",0,"17",0.34,0.201,"4","1",0.5,0.375,"1","1","5","2"
"169","LR",0,"17",0.34,0.201,"4","1",0.5,0.375,"1","1","5","2"
"169","LR",0,"17",0.34,0.201,"4","1",0.5,0.375,"1","1","5","2"
"169","LR",0,"17",0.34,0.201,"4","1",0.5,0.375,"1","1","5","2"
"169","LR",0,"17",0.34,0.201,"4","1",0.5,0.375,"1","1","5","2"
"169","LR",1,"17",0.34,0.201,"4","1",0.5,0.375,"1","1","5","2"
"169","LR",1,"17",0.34,0.201,"4","1",0.5,0.375,"1","1","5","2"
"169","LR",1,"17",0.34,0.201,"4","1",0.5,0.375,"1","1","5","2"
"170","FB",0,"17",0.237,0.274,"3","1",0,0.25,"1","1","4","2"
"170","FB",0,"17",0.237,0.274,"3","1",0,0.25,"1","1","4","2"
"170","FB",0,"17",0.237,0.274,"3","1",0,0.25,"1","1","4","2"
"170","FB",0,"17",0.237,0.274,"3","1",0,0.25,"1","1","4","2"
"170","FB",0,"17",0.237,0.274,"3","1",0,0.25,"1","1","4","2"
"170","FB",0,"17",0.237,0.274,"3","1",0,0.25,"1","1","4","2"
"170","FB",0,"17",0.237,0.274,"3","1",0,0.25,"1","1","4","2"
"170","FB",0,"17",0.237,0.274,"3","1",0,0.25,"1","1","4","2"
"170","LR",0,"17",0.237,0.274,"3","1",0,0.25,"1","1","4","2"
"170","LR",0,"17",0.237,0.274,"3","1",0,0.25,"1","1","4","2"
"170","LR",0,"17",0.237,0.274,"3","1",0,0.25,"1","1","4","2"
"170","LR",0,"17",0.237,0.274,"3","1",0,0.25,"1","1","4","2"
"170","LR",0,"17",0.237,0.274,"3","1",0,0.25,"1","1","4","2"
"170","LR",0,"17",0.237,0.274,"3","1",0,0.25,"1","1","4","2"
"170","LR",1,"17",0.237,0.274,"3","1",0,0.25,"1","1","4","2"
"170","LR",1,"17",0.237,0.274,"3","1",0,0.25,"1","1","4","2"
"171","FB",0,"9",0.588,0.699,"2","2",0.625,0.625,"2","2","1","1"
"171","FB",0,"9",0.588,0.699,"2","2",0.625,0.625,"2","2","1","1"
"171","FB",0,"9",0.588,0.699,"2","2",0.625,0.625,"2","2","1","1"
"171","FB",1,"9",0.588,0.699,"2","2",0.625,0.625,"2","2","1","1"
"171","FB",1,"9",0.588,0.699,"2","2",0.625,0.625,"2","2","1","1"
"171","FB",1,"9",0.588,0.699,"2","2",0.625,0.625,"2","2","1","1"
"171","FB",1,"9",0.588,0.699,"2","2",0.625,0.625,"2","2","1","1"
"171","FB",1,"9",0.588,0.699,"2","2",0.625,0.625,"2","2","1","1"
"171","LR",0,"9",0.588,0.699,"2","2",0.625,0.625,"2","2","1","1"
"171","LR",0,"9",0.588,0.699,"2","2",0.625,0.625,"2","2","1","1"
"171","LR",0,"9",0.588,0.699,"2","2",0.625,0.625,"2","2","1","1"
"171","LR",1,"9",0.588,0.699,"2","2",0.625,0.625,"2","2","1","1"
"171","LR",1,"9",0.588,0.699,"2","2",0.625,0.625,"2","2","1","1"
"171","LR",1,"9",0.588,0.699,"2","2",0.625,0.625,"2","2","1","1"
"171","LR",1,"9",0.588,0.699,"2","2",0.625,0.625,"2","2","1","1"
"171","LR",1,"9",0.588,0.699,"2","2",0.625,0.625,"2","2","1","1"
"172","FB",0,"9",0.718,0.696,"5","2",0.875,0.75,"2","2","2","1"
"172","FB",1,"9",0.718,0.696,"5","2",0.875,0.75,"2","2","2","1"
"172","FB",1,"9",0.718,0.696,"5","2",0.875,0.75,"2","2","2","1"
"172","FB",1,"9",0.718,0.696,"5","2",0.875,0.75,"2","2","2","1"
"172","FB",1,"9",0.718,0.696,"5","2",0.875,0.75,"2","2","2","1"
"172","FB",1,"9",0.718,0.696,"5","2",0.875,0.75,"2","2","2","1"
"172","FB",1,"9",0.718,0.696,"5","2",0.875,0.75,"2","2","2","1"
"172","FB",1,"9",0.718,0.696,"5","2",0.875,0.75,"2","2","2","1"
"172","LR",0,"9",0.718,0.696,"5","2",0.875,0.75,"2","2","2","1"
"172","LR",0,"9",0.718,0.696,"5","2",0.875,0.75,"2","2","2","1"
"172","LR",1,"9",0.718,0.696,"5","2",0.875,0.75,"2","2","2","1"
"172","LR",1,"9",0.718,0.696,"5","2",0.875,0.75,"2","2","2","1"
"172","LR",1,"9",0.718,0.696,"5","2",0.875,0.75,"2","2","2","1"
"172","LR",1,"9",0.718,0.696,"5","2",0.875,0.75,"2","2","2","1"
"172","LR",1,"9",0.718,0.696,"5","2",0.875,0.75,"2","2","2","1"
"172","LR",1,"9",0.718,0.696,"5","2",0.875,0.75,"2","2","2","1"
"173","FB",0,"17",0.326,0.346,"3","1",0.125,0.5,"1","1","5","2"
"173","FB",0,"17",0.326,0.346,"3","1",0.125,0.5,"1","1","5","2"
"173","FB",0,"17",0.326,0.346,"3","1",0.125,0.5,"1","1","5","2"
"173","FB",0,"17",0.326,0.346,"3","1",0.125,0.5,"1","1","5","2"
"173","FB",0,"17",0.326,0.346,"3","1",0.125,0.5,"1","1","5","2"
"173","FB",0,"17",0.326,0.346,"3","1",0.125,0.5,"1","1","5","2"
"173","FB",0,"17",0.326,0.346,"3","1",0.125,0.5,"1","1","5","2"
"173","FB",1,"17",0.326,0.346,"3","1",0.125,0.5,"1","1","5","2"
"173","LR",0,"17",0.326,0.346,"3","1",0.125,0.5,"1","1","5","2"
"173","LR",0,"17",0.326,0.346,"3","1",0.125,0.5,"1","1","5","2"
"173","LR",0,"17",0.326,0.346,"3","1",0.125,0.5,"1","1","5","2"
"173","LR",0,"17",0.326,0.346,"3","1",0.125,0.5,"1","1","5","2"
"173","LR",1,"17",0.326,0.346,"3","1",0.125,0.5,"1","1","5","2"
"173","LR",1,"17",0.326,0.346,"3","1",0.125,0.5,"1","1","5","2"
"173","LR",1,"17",0.326,0.346,"3","1",0.125,0.5,"1","1","5","2"
"173","LR",1,"17",0.326,0.346,"3","1",0.125,0.5,"1","1","5","2"
"174","FB",0,"17",0.344,0.253,"3","1",0.125,0.25,"1","1","6","2"
"174","FB",0,"17",0.344,0.253,"3","1",0.125,0.25,"1","1","6","2"
"174","FB",0,"17",0.344,0.253,"3","1",0.125,0.25,"1","1","6","2"
"174","FB",0,"17",0.344,0.253,"3","1",0.125,0.25,"1","1","6","2"
"174","FB",0,"17",0.344,0.253,"3","1",0.125,0.25,"1","1","6","2"
"174","FB",0,"17",0.344,0.253,"3","1",0.125,0.25,"1","1","6","2"
"174","FB",0,"17",0.344,0.253,"3","1",0.125,0.25,"1","1","6","2"
"174","FB",1,"17",0.344,0.253,"3","1",0.125,0.25,"1","1","6","2"
"174","LR",0,"17",0.344,0.253,"3","1",0.125,0.25,"1","1","6","2"
"174","LR",0,"17",0.344,0.253,"3","1",0.125,0.25,"1","1","6","2"
"174","LR",0,"17",0.344,0.253,"3","1",0.125,0.25,"1","1","6","2"
"174","LR",0,"17",0.344,0.253,"3","1",0.125,0.25,"1","1","6","2"
"174","LR",0,"17",0.344,0.253,"3","1",0.125,0.25,"1","1","6","2"
"174","LR",0,"17",0.344,0.253,"3","1",0.125,0.25,"1","1","6","2"
"174","LR",1,"17",0.344,0.253,"3","1",0.125,0.25,"1","1","6","2"
"174","LR",1,"17",0.344,0.253,"3","1",0.125,0.25,"1","1","6","2"
"175","FB",1,"9",0.758,0.757,"5","2",1,0.875,"2","2","3","1"
"175","FB",1,"9",0.758,0.757,"5","2",1,0.875,"2","2","3","1"
"175","FB",1,"9",0.758,0.757,"5","2",1,0.875,"2","2","3","1"
"175","FB",1,"9",0.758,0.757,"5","2",1,0.875,"2","2","3","1"
"175","FB",1,"9",0.758,0.757,"5","2",1,0.875,"2","2","3","1"
"175","FB",1,"9",0.758,0.757,"5","2",1,0.875,"2","2","3","1"
"175","FB",1,"9",0.758,0.757,"5","2",1,0.875,"2","2","3","1"
"175","FB",1,"9",0.758,0.757,"5","2",1,0.875,"2","2","3","1"
"175","LR",0,"9",0.758,0.757,"5","2",1,0.875,"2","2","3","1"
"175","LR",1,"9",0.758,0.757,"5","2",1,0.875,"2","2","3","1"
"175","LR",1,"9",0.758,0.757,"5","2",1,0.875,"2","2","3","1"
"175","LR",1,"9",0.758,0.757,"5","2",1,0.875,"2","2","3","1"
"175","LR",1,"9",0.758,0.757,"5","2",1,0.875,"2","2","3","1"
"175","LR",1,"9",0.758,0.757,"5","2",1,0.875,"2","2","3","1"
"175","LR",1,"9",0.758,0.757,"5","2",1,0.875,"2","2","3","1"
"175","LR",1,"9",0.758,0.757,"5","2",1,0.875,"2","2","3","1"
"176","FB",0,"9",0.741,0.762,"5","2",0.75,0.75,"2","2","2","1"
"176","FB",0,"9",0.741,0.762,"5","2",0.75,0.75,"2","2","2","1"
"176","FB",1,"9",0.741,0.762,"5","2",0.75,0.75,"2","2","2","1"
"176","FB",1,"9",0.741,0.762,"5","2",0.75,0.75,"2","2","2","1"
"176","FB",1,"9",0.741,0.762,"5","2",0.75,0.75,"2","2","2","1"
"176","FB",1,"9",0.741,0.762,"5","2",0.75,0.75,"2","2","2","1"
"176","FB",1,"9",0.741,0.762,"5","2",0.75,0.75,"2","2","2","1"
"176","FB",1,"9",0.741,0.762,"5","2",0.75,0.75,"2","2","2","1"
"176","LR",0,"9",0.741,0.762,"5","2",0.75,0.75,"2","2","2","1"
"176","LR",0,"9",0.741,0.762,"5","2",0.75,0.75,"2","2","2","1"
"176","LR",1,"9",0.741,0.762,"5","2",0.75,0.75,"2","2","2","1"
"176","LR",1,"9",0.741,0.762,"5","2",0.75,0.75,"2","2","2","1"
"176","LR",1,"9",0.741,0.762,"5","2",0.75,0.75,"2","2","2","1"
"176","LR",1,"9",0.741,0.762,"5","2",0.75,0.75,"2","2","2","1"
"176","LR",1,"9",0.741,0.762,"5","2",0.75,0.75,"2","2","2","1"
"176","LR",1,"9",0.741,0.762,"5","2",0.75,0.75,"2","2","2","1"
"177","FB",0,"17",0.159,0.079,"1","1",0.25,0,"1","1","4","2"
"177","FB",0,"17",0.159,0.079,"1","1",0.25,0,"1","1","4","2"
"177","FB",0,"17",0.159,0.079,"1","1",0.25,0,"1","1","4","2"
"177","FB",0,"17",0.159,0.079,"1","1",0.25,0,"1","1","4","2"
"177","FB",0,"17",0.159,0.079,"1","1",0.25,0,"1","1","4","2"
"177","FB",0,"17",0.159,0.079,"1","1",0.25,0,"1","1","4","2"
"177","FB",1,"17",0.159,0.079,"1","1",0.25,0,"1","1","4","2"
"177","FB",1,"17",0.159,0.079,"1","1",0.25,0,"1","1","4","2"
"177","LR",0,"17",0.159,0.079,"1","1",0.25,0,"1","1","4","2"
"177","LR",0,"17",0.159,0.079,"1","1",0.25,0,"1","1","4","2"
"177","LR",0,"17",0.159,0.079,"1","1",0.25,0,"1","1","4","2"
"177","LR",0,"17",0.159,0.079,"1","1",0.25,0,"1","1","4","2"
"177","LR",0,"17",0.159,0.079,"1","1",0.25,0,"1","1","4","2"
"177","LR",0,"17",0.159,0.079,"1","1",0.25,0,"1","1","4","2"
"177","LR",0,"17",0.159,0.079,"1","1",0.25,0,"1","1","4","2"
"177","LR",0,"17",0.159,0.079,"1","1",0.25,0,"1","1","4","2"
"178","FB",0,"9",0.7,0.784,"2","2",0.625,0.875,"2","2","2","1"
"178","FB",0,"9",0.7,0.784,"2","2",0.625,0.875,"2","2","2","1"
"178","FB",0,"9",0.7,0.784,"2","2",0.625,0.875,"2","2","2","1"
"178","FB",1,"9",0.7,0.784,"2","2",0.625,0.875,"2","2","2","1"
"178","FB",1,"9",0.7,0.784,"2","2",0.625,0.875,"2","2","2","1"
"178","FB",1,"9",0.7,0.784,"2","2",0.625,0.875,"2","2","2","1"
"178","FB",1,"9",0.7,0.784,"2","2",0.625,0.875,"2","2","2","1"
"178","FB",1,"9",0.7,0.784,"2","2",0.625,0.875,"2","2","2","1"
"178","LR",0,"9",0.7,0.784,"2","2",0.625,0.875,"2","2","2","1"
"178","LR",1,"9",0.7,0.784,"2","2",0.625,0.875,"2","2","2","1"
"178","LR",1,"9",0.7,0.784,"2","2",0.625,0.875,"2","2","2","1"
"178","LR",1,"9",0.7,0.784,"2","2",0.625,0.875,"2","2","2","1"
"178","LR",1,"9",0.7,0.784,"2","2",0.625,0.875,"2","2","2","1"
"178","LR",1,"9",0.7,0.784,"2","2",0.625,0.875,"2","2","2","1"
"178","LR",1,"9",0.7,0.784,"2","2",0.625,0.875,"2","2","2","1"
"178","LR",1,"9",0.7,0.784,"2","2",0.625,0.875,"2","2","2","1"
"179","FB",0,"9",0.718,0.723,"5","2",0.875,1,"2","2","3","1"
"179","FB",1,"9",0.718,0.723,"5","2",0.875,1,"2","2","3","1"
"179","FB",1,"9",0.718,0.723,"5","2",0.875,1,"2","2","3","1"
"179","FB",1,"9",0.718,0.723,"5","2",0.875,1,"2","2","3","1"
"179","FB",1,"9",0.718,0.723,"5","2",0.875,1,"2","2","3","1"
"179","FB",1,"9",0.718,0.723,"5","2",0.875,1,"2","2","3","1"
"179","FB",1,"9",0.718,0.723,"5","2",0.875,1,"2","2","3","1"
"179","FB",1,"9",0.718,0.723,"5","2",0.875,1,"2","2","3","1"
"179","LR",1,"9",0.718,0.723,"5","2",0.875,1,"2","2","3","1"
"179","LR",1,"9",0.718,0.723,"5","2",0.875,1,"2","2","3","1"
"179","LR",1,"9",0.718,0.723,"5","2",0.875,1,"2","2","3","1"
"179","LR",1,"9",0.718,0.723,"5","2",0.875,1,"2","2","3","1"
"179","LR",1,"9",0.718,0.723,"5","2",0.875,1,"2","2","3","1"
"179","LR",1,"9",0.718,0.723,"5","2",0.875,1,"2","2","3","1"
"179","LR",1,"9",0.718,0.723,"5","2",0.875,1,"2","2","3","1"
"179","LR",1,"9",0.718,0.723,"5","2",0.875,1,"2","2","3","1"
"180","FB",0,"9",0.7,0.783,"2","2",0.5,1,"2","2","2","1"
"180","FB",0,"9",0.7,0.783,"2","2",0.5,1,"2","2","2","1"
"180","FB",0,"9",0.7,0.783,"2","2",0.5,1,"2","2","2","1"
"180","FB",0,"9",0.7,0.783,"2","2",0.5,1,"2","2","2","1"
"180","FB",1,"9",0.7,0.783,"2","2",0.5,1,"2","2","2","1"
"180","FB",1,"9",0.7,0.783,"2","2",0.5,1,"2","2","2","1"
"180","FB",1,"9",0.7,0.783,"2","2",0.5,1,"2","2","2","1"
"180","FB",1,"9",0.7,0.783,"2","2",0.5,1,"2","2","2","1"
"180","LR",1,"9",0.7,0.783,"2","2",0.5,1,"2","2","2","1"
"180","LR",1,"9",0.7,0.783,"2","2",0.5,1,"2","2","2","1"
"180","LR",1,"9",0.7,0.783,"2","2",0.5,1,"2","2","2","1"
"180","LR",1,"9",0.7,0.783,"2","2",0.5,1,"2","2","2","1"
"180","LR",1,"9",0.7,0.783,"2","2",0.5,1,"2","2","2","1"
"180","LR",1,"9",0.7,0.783,"2","2",0.5,1,"2","2","2","1"
"180","LR",1,"9",0.7,0.783,"2","2",0.5,1,"2","2","2","1"
"180","LR",1,"9",0.7,0.783,"2","2",0.5,1,"2","2","2","1"
"181","FB",0,"9",0.756,0.73,"5","2",0.75,0.75,"2","2","2","1"
"181","FB",0,"9",0.756,0.73,"5","2",0.75,0.75,"2","2","2","1"
"181","FB",1,"9",0.756,0.73,"5","2",0.75,0.75,"2","2","2","1"
"181","FB",1,"9",0.756,0.73,"5","2",0.75,0.75,"2","2","2","1"
"181","FB",1,"9",0.756,0.73,"5","2",0.75,0.75,"2","2","2","1"
"181","FB",1,"9",0.756,0.73,"5","2",0.75,0.75,"2","2","2","1"
"181","FB",1,"9",0.756,0.73,"5","2",0.75,0.75,"2","2","2","1"
"181","FB",1,"9",0.756,0.73,"5","2",0.75,0.75,"2","2","2","1"
"181","LR",0,"9",0.756,0.73,"5","2",0.75,0.75,"2","2","2","1"
"181","LR",0,"9",0.756,0.73,"5","2",0.75,0.75,"2","2","2","1"
"181","LR",1,"9",0.756,0.73,"5","2",0.75,0.75,"2","2","2","1"
"181","LR",1,"9",0.756,0.73,"5","2",0.75,0.75,"2","2","2","1"
"181","LR",1,"9",0.756,0.73,"5","2",0.75,0.75,"2","2","2","1"
"181","LR",1,"9",0.756,0.73,"5","2",0.75,0.75,"2","2","2","1"
"181","LR",1,"9",0.756,0.73,"5","2",0.75,0.75,"2","2","2","1"
"181","LR",1,"9",0.756,0.73,"5","2",0.75,0.75,"2","2","2","1"
"182","FB",0,"17",0.276,0.243,"3","1",0,0.25,"1","1","4","2"
"182","FB",0,"17",0.276,0.243,"3","1",0,0.25,"1","1","4","2"
"182","FB",0,"17",0.276,0.243,"3","1",0,0.25,"1","1","4","2"
"182","FB",0,"17",0.276,0.243,"3","1",0,0.25,"1","1","4","2"
"182","FB",0,"17",0.276,0.243,"3","1",0,0.25,"1","1","4","2"
"182","FB",0,"17",0.276,0.243,"3","1",0,0.25,"1","1","4","2"
"182","FB",0,"17",0.276,0.243,"3","1",0,0.25,"1","1","4","2"
"182","FB",0,"17",0.276,0.243,"3","1",0,0.25,"1","1","4","2"
"182","LR",0,"17",0.276,0.243,"3","1",0,0.25,"1","1","4","2"
"182","LR",0,"17",0.276,0.243,"3","1",0,0.25,"1","1","4","2"
"182","LR",0,"17",0.276,0.243,"3","1",0,0.25,"1","1","4","2"
"182","LR",0,"17",0.276,0.243,"3","1",0,0.25,"1","1","4","2"
"182","LR",0,"17",0.276,0.243,"3","1",0,0.25,"1","1","4","2"
"182","LR",0,"17",0.276,0.243,"3","1",0,0.25,"1","1","4","2"
"182","LR",1,"17",0.276,0.243,"3","1",0,0.25,"1","1","4","2"
"182","LR",1,"17",0.276,0.243,"3","1",0,0.25,"1","1","4","2"
"183","FB",0,"9",0.757,0.816,"2","2",0.5,0.75,"2","2","1","1"
"183","FB",0,"9",0.757,0.816,"2","2",0.5,0.75,"2","2","1","1"
"183","FB",0,"9",0.757,0.816,"2","2",0.5,0.75,"2","2","1","1"
"183","FB",0,"9",0.757,0.816,"2","2",0.5,0.75,"2","2","1","1"
"183","FB",1,"9",0.757,0.816,"2","2",0.5,0.75,"2","2","1","1"
"183","FB",1,"9",0.757,0.816,"2","2",0.5,0.75,"2","2","1","1"
"183","FB",1,"9",0.757,0.816,"2","2",0.5,0.75,"2","2","1","1"
"183","FB",1,"9",0.757,0.816,"2","2",0.5,0.75,"2","2","1","1"
"183","LR",0,"9",0.757,0.816,"2","2",0.5,0.75,"2","2","1","1"
"183","LR",0,"9",0.757,0.816,"2","2",0.5,0.75,"2","2","1","1"
"183","LR",1,"9",0.757,0.816,"2","2",0.5,0.75,"2","2","1","1"
"183","LR",1,"9",0.757,0.816,"2","2",0.5,0.75,"2","2","1","1"
"183","LR",1,"9",0.757,0.816,"2","2",0.5,0.75,"2","2","1","1"
"183","LR",1,"9",0.757,0.816,"2","2",0.5,0.75,"2","2","1","1"
"183","LR",1,"9",0.757,0.816,"2","2",0.5,0.75,"2","2","1","1"
"183","LR",1,"9",0.757,0.816,"2","2",0.5,0.75,"2","2","1","1"
"184","FB",0,"17",0.307,0.337,"3","1",0.125,0.5,"1","1","5","2"
"184","FB",0,"17",0.307,0.337,"3","1",0.125,0.5,"1","1","5","2"
"184","FB",0,"17",0.307,0.337,"3","1",0.125,0.5,"1","1","5","2"
"184","FB",0,"17",0.307,0.337,"3","1",0.125,0.5,"1","1","5","2"
"184","FB",0,"17",0.307,0.337,"3","1",0.125,0.5,"1","1","5","2"
"184","FB",0,"17",0.307,0.337,"3","1",0.125,0.5,"1","1","5","2"
"184","FB",0,"17",0.307,0.337,"3","1",0.125,0.5,"1","1","5","2"
"184","FB",1,"17",0.307,0.337,"3","1",0.125,0.5,"1","1","5","2"
"184","LR",0,"17",0.307,0.337,"3","1",0.125,0.5,"1","1","5","2"
"184","LR",0,"17",0.307,0.337,"3","1",0.125,0.5,"1","1","5","2"
"184","LR",0,"17",0.307,0.337,"3","1",0.125,0.5,"1","1","5","2"
"184","LR",0,"17",0.307,0.337,"3","1",0.125,0.5,"1","1","5","2"
"184","LR",1,"17",0.307,0.337,"3","1",0.125,0.5,"1","1","5","2"
"184","LR",1,"17",0.307,0.337,"3","1",0.125,0.5,"1","1","5","2"
"184","LR",1,"17",0.307,0.337,"3","1",0.125,0.5,"1","1","5","2"
"184","LR",1,"17",0.307,0.337,"3","1",0.125,0.5,"1","1","5","2"
"185","FB",0,"17",0.152,0.289,"3","1",0.125,0.25,"1","1","6","2"
"185","FB",0,"17",0.152,0.289,"3","1",0.125,0.25,"1","1","6","2"
"185","FB",0,"17",0.152,0.289,"3","1",0.125,0.25,"1","1","6","2"
"185","FB",0,"17",0.152,0.289,"3","1",0.125,0.25,"1","1","6","2"
"185","FB",0,"17",0.152,0.289,"3","1",0.125,0.25,"1","1","6","2"
"185","FB",0,"17",0.152,0.289,"3","1",0.125,0.25,"1","1","6","2"
"185","FB",0,"17",0.152,0.289,"3","1",0.125,0.25,"1","1","6","2"
"185","FB",1,"17",0.152,0.289,"3","1",0.125,0.25,"1","1","6","2"
"185","LR",0,"17",0.152,0.289,"3","1",0.125,0.25,"1","1","6","2"
"185","LR",0,"17",0.152,0.289,"3","1",0.125,0.25,"1","1","6","2"
"185","LR",0,"17",0.152,0.289,"3","1",0.125,0.25,"1","1","6","2"
"185","LR",0,"17",0.152,0.289,"3","1",0.125,0.25,"1","1","6","2"
"185","LR",0,"17",0.152,0.289,"3","1",0.125,0.25,"1","1","6","2"
"185","LR",0,"17",0.152,0.289,"3","1",0.125,0.25,"1","1","6","2"
"185","LR",1,"17",0.152,0.289,"3","1",0.125,0.25,"1","1","6","2"
"185","LR",1,"17",0.152,0.289,"3","1",0.125,0.25,"1","1","6","2"
"186","FB",0,"9",0.741,0.868,"5","2",0.75,0.625,"2","2","1","1"
"186","FB",0,"9",0.741,0.868,"5","2",0.75,0.625,"2","2","1","1"
"186","FB",1,"9",0.741,0.868,"5","2",0.75,0.625,"2","2","1","1"
"186","FB",1,"9",0.741,0.868,"5","2",0.75,0.625,"2","2","1","1"
"186","FB",1,"9",0.741,0.868,"5","2",0.75,0.625,"2","2","1","1"
"186","FB",1,"9",0.741,0.868,"5","2",0.75,0.625,"2","2","1","1"
"186","FB",1,"9",0.741,0.868,"5","2",0.75,0.625,"2","2","1","1"
"186","FB",1,"9",0.741,0.868,"5","2",0.75,0.625,"2","2","1","1"
"186","LR",0,"9",0.741,0.868,"5","2",0.75,0.625,"2","2","1","1"
"186","LR",0,"9",0.741,0.868,"5","2",0.75,0.625,"2","2","1","1"
"186","LR",0,"9",0.741,0.868,"5","2",0.75,0.625,"2","2","1","1"
"186","LR",1,"9",0.741,0.868,"5","2",0.75,0.625,"2","2","1","1"
"186","LR",1,"9",0.741,0.868,"5","2",0.75,0.625,"2","2","1","1"
"186","LR",1,"9",0.741,0.868,"5","2",0.75,0.625,"2","2","1","1"
"186","LR",1,"9",0.741,0.868,"5","2",0.75,0.625,"2","2","1","1"
"186","LR",1,"9",0.741,0.868,"5","2",0.75,0.625,"2","2","1","1"
"187","FB",0,"17",0.255,0.226,"3","1",0.25,0.25,"1","1","6","2"
"187","FB",0,"17",0.255,0.226,"3","1",0.25,0.25,"1","1","6","2"
"187","FB",0,"17",0.255,0.226,"3","1",0.25,0.25,"1","1","6","2"
"187","FB",0,"17",0.255,0.226,"3","1",0.25,0.25,"1","1","6","2"
"187","FB",0,"17",0.255,0.226,"3","1",0.25,0.25,"1","1","6","2"
"187","FB",0,"17",0.255,0.226,"3","1",0.25,0.25,"1","1","6","2"
"187","FB",1,"17",0.255,0.226,"3","1",0.25,0.25,"1","1","6","2"
"187","FB",1,"17",0.255,0.226,"3","1",0.25,0.25,"1","1","6","2"
"187","LR",0,"17",0.255,0.226,"3","1",0.25,0.25,"1","1","6","2"
"187","LR",0,"17",0.255,0.226,"3","1",0.25,0.25,"1","1","6","2"
"187","LR",0,"17",0.255,0.226,"3","1",0.25,0.25,"1","1","6","2"
"187","LR",0,"17",0.255,0.226,"3","1",0.25,0.25,"1","1","6","2"
"187","LR",0,"17",0.255,0.226,"3","1",0.25,0.25,"1","1","6","2"
"187","LR",0,"17",0.255,0.226,"3","1",0.25,0.25,"1","1","6","2"
"187","LR",1,"17",0.255,0.226,"3","1",0.25,0.25,"1","1","6","2"
"187","LR",1,"17",0.255,0.226,"3","1",0.25,0.25,"1","1","6","2"
"188","FB",0,"17",0.179,0.276,"3","1",0.25,0.25,"1","1","6","2"
"188","FB",0,"17",0.179,0.276,"3","1",0.25,0.25,"1","1","6","2"
"188","FB",0,"17",0.179,0.276,"3","1",0.25,0.25,"1","1","6","2"
"188","FB",0,"17",0.179,0.276,"3","1",0.25,0.25,"1","1","6","2"
"188","FB",0,"17",0.179,0.276,"3","1",0.25,0.25,"1","1","6","2"
"188","FB",0,"17",0.179,0.276,"3","1",0.25,0.25,"1","1","6","2"
"188","FB",1,"17",0.179,0.276,"3","1",0.25,0.25,"1","1","6","2"
"188","FB",1,"17",0.179,0.276,"3","1",0.25,0.25,"1","1","6","2"
"188","LR",0,"17",0.179,0.276,"3","1",0.25,0.25,"1","1","6","2"
"188","LR",0,"17",0.179,0.276,"3","1",0.25,0.25,"1","1","6","2"
"188","LR",0,"17",0.179,0.276,"3","1",0.25,0.25,"1","1","6","2"
"188","LR",0,"17",0.179,0.276,"3","1",0.25,0.25,"1","1","6","2"
"188","LR",0,"17",0.179,0.276,"3","1",0.25,0.25,"1","1","6","2"
"188","LR",0,"17",0.179,0.276,"3","1",0.25,0.25,"1","1","6","2"
"188","LR",1,"17",0.179,0.276,"3","1",0.25,0.25,"1","1","6","2"
"188","LR",1,"17",0.179,0.276,"3","1",0.25,0.25,"1","1","6","2"
"189","FB",0,"17",0.17,0.319,"1","1",0.125,0.125,"1","1","4","2"
"189","FB",0,"17",0.17,0.319,"1","1",0.125,0.125,"1","1","4","2"
"189","FB",0,"17",0.17,0.319,"1","1",0.125,0.125,"1","1","4","2"
"189","FB",0,"17",0.17,0.319,"1","1",0.125,0.125,"1","1","4","2"
"189","FB",0,"17",0.17,0.319,"1","1",0.125,0.125,"1","1","4","2"
"189","FB",0,"17",0.17,0.319,"1","1",0.125,0.125,"1","1","4","2"
"189","FB",0,"17",0.17,0.319,"1","1",0.125,0.125,"1","1","4","2"
"189","FB",1,"17",0.17,0.319,"1","1",0.125,0.125,"1","1","4","2"
"189","LR",0,"17",0.17,0.319,"1","1",0.125,0.125,"1","1","4","2"
"189","LR",0,"17",0.17,0.319,"1","1",0.125,0.125,"1","1","4","2"
"189","LR",0,"17",0.17,0.319,"1","1",0.125,0.125,"1","1","4","2"
"189","LR",0,"17",0.17,0.319,"1","1",0.125,0.125,"1","1","4","2"
"189","LR",0,"17",0.17,0.319,"1","1",0.125,0.125,"1","1","4","2"
"189","LR",0,"17",0.17,0.319,"1","1",0.125,0.125,"1","1","4","2"
"189","LR",0,"17",0.17,0.319,"1","1",0.125,0.125,"1","1","4","2"
"189","LR",1,"17",0.17,0.319,"1","1",0.125,0.125,"1","1","4","2"
"190","FB",0,"17",0.295,0.264,"4","1",0.5,0,"1","1","6","2"
"190","FB",0,"17",0.295,0.264,"4","1",0.5,0,"1","1","6","2"
"190","FB",0,"17",0.295,0.264,"4","1",0.5,0,"1","1","6","2"
"190","FB",0,"17",0.295,0.264,"4","1",0.5,0,"1","1","6","2"
"190","FB",1,"17",0.295,0.264,"4","1",0.5,0,"1","1","6","2"
"190","FB",1,"17",0.295,0.264,"4","1",0.5,0,"1","1","6","2"
"190","FB",1,"17",0.295,0.264,"4","1",0.5,0,"1","1","6","2"
"190","FB",1,"17",0.295,0.264,"4","1",0.5,0,"1","1","6","2"
"190","LR",0,"17",0.295,0.264,"4","1",0.5,0,"1","1","6","2"
"190","LR",0,"17",0.295,0.264,"4","1",0.5,0,"1","1","6","2"
"190","LR",0,"17",0.295,0.264,"4","1",0.5,0,"1","1","6","2"
"190","LR",0,"17",0.295,0.264,"4","1",0.5,0,"1","1","6","2"
"190","LR",0,"17",0.295,0.264,"4","1",0.5,0,"1","1","6","2"
"190","LR",0,"17",0.295,0.264,"4","1",0.5,0,"1","1","6","2"
"190","LR",0,"17",0.295,0.264,"4","1",0.5,0,"1","1","6","2"
"190","LR",0,"17",0.295,0.264,"4","1",0.5,0,"1","1","6","2"
"191","FB",1,"9",0.818,0.756,"5","2",1,0.625,"2","2","2","1"
"191","FB",1,"9",0.818,0.756,"5","2",1,0.625,"2","2","2","1"
"191","FB",1,"9",0.818,0.756,"5","2",1,0.625,"2","2","2","1"
"191","FB",1,"9",0.818,0.756,"5","2",1,0.625,"2","2","2","1"
"191","FB",1,"9",0.818,0.756,"5","2",1,0.625,"2","2","2","1"
"191","FB",1,"9",0.818,0.756,"5","2",1,0.625,"2","2","2","1"
"191","FB",1,"9",0.818,0.756,"5","2",1,0.625,"2","2","2","1"
"191","FB",1,"9",0.818,0.756,"5","2",1,0.625,"2","2","2","1"
"191","LR",0,"9",0.818,0.756,"5","2",1,0.625,"2","2","2","1"
"191","LR",0,"9",0.818,0.756,"5","2",1,0.625,"2","2","2","1"
"191","LR",0,"9",0.818,0.756,"5","2",1,0.625,"2","2","2","1"
"191","LR",1,"9",0.818,0.756,"5","2",1,0.625,"2","2","2","1"
"191","LR",1,"9",0.818,0.756,"5","2",1,0.625,"2","2","2","1"
"191","LR",1,"9",0.818,0.756,"5","2",1,0.625,"2","2","2","1"
"191","LR",1,"9",0.818,0.756,"5","2",1,0.625,"2","2","2","1"
"191","LR",1,"9",0.818,0.756,"5","2",1,0.625,"2","2","2","1"
"192","FB",0,"17",0.24,0.232,"3","1",0.125,0.375,"1","1","6","2"
"192","FB",0,"17",0.24,0.232,"3","1",0.125,0.375,"1","1","6","2"
"192","FB",0,"17",0.24,0.232,"3","1",0.125,0.375,"1","1","6","2"
"192","FB",0,"17",0.24,0.232,"3","1",0.125,0.375,"1","1","6","2"
"192","FB",0,"17",0.24,0.232,"3","1",0.125,0.375,"1","1","6","2"
"192","FB",0,"17",0.24,0.232,"3","1",0.125,0.375,"1","1","6","2"
"192","FB",0,"17",0.24,0.232,"3","1",0.125,0.375,"1","1","6","2"
"192","FB",1,"17",0.24,0.232,"3","1",0.125,0.375,"1","1","6","2"
"192","LR",0,"17",0.24,0.232,"3","1",0.125,0.375,"1","1","6","2"
"192","LR",0,"17",0.24,0.232,"3","1",0.125,0.375,"1","1","6","2"
"192","LR",0,"17",0.24,0.232,"3","1",0.125,0.375,"1","1","6","2"
"192","LR",0,"17",0.24,0.232,"3","1",0.125,0.375,"1","1","6","2"
"192","LR",0,"17",0.24,0.232,"3","1",0.125,0.375,"1","1","6","2"
"192","LR",1,"17",0.24,0.232,"3","1",0.125,0.375,"1","1","6","2"
"192","LR",1,"17",0.24,0.232,"3","1",0.125,0.375,"1","1","6","2"
"192","LR",1,"17",0.24,0.232,"3","1",0.125,0.375,"1","1","6","2"
"193","FB",0,"9",0.821,0.778,"2","2",0.5,0.875,"2","2","1","1"
"193","FB",0,"9",0.821,0.778,"2","2",0.5,0.875,"2","2","1","1"
"193","FB",0,"9",0.821,0.778,"2","2",0.5,0.875,"2","2","1","1"
"193","FB",0,"9",0.821,0.778,"2","2",0.5,0.875,"2","2","1","1"
"193","FB",1,"9",0.821,0.778,"2","2",0.5,0.875,"2","2","1","1"
"193","FB",1,"9",0.821,0.778,"2","2",0.5,0.875,"2","2","1","1"
"193","FB",1,"9",0.821,0.778,"2","2",0.5,0.875,"2","2","1","1"
"193","FB",1,"9",0.821,0.778,"2","2",0.5,0.875,"2","2","1","1"
"193","LR",0,"9",0.821,0.778,"2","2",0.5,0.875,"2","2","1","1"
"193","LR",1,"9",0.821,0.778,"2","2",0.5,0.875,"2","2","1","1"
"193","LR",1,"9",0.821,0.778,"2","2",0.5,0.875,"2","2","1","1"
"193","LR",1,"9",0.821,0.778,"2","2",0.5,0.875,"2","2","1","1"
"193","LR",1,"9",0.821,0.778,"2","2",0.5,0.875,"2","2","1","1"
"193","LR",1,"9",0.821,0.778,"2","2",0.5,0.875,"2","2","1","1"
"193","LR",1,"9",0.821,0.778,"2","2",0.5,0.875,"2","2","1","1"
"193","LR",1,"9",0.821,0.778,"2","2",0.5,0.875,"2","2","1","1"
"194","FB",0,"17",0.292,0.314,"4","1",0.375,0.375,"1","1","5","2"
"194","FB",0,"17",0.292,0.314,"4","1",0.375,0.375,"1","1","5","2"
"194","FB",0,"17",0.292,0.314,"4","1",0.375,0.375,"1","1","5","2"
"194","FB",0,"17",0.292,0.314,"4","1",0.375,0.375,"1","1","5","2"
"194","FB",0,"17",0.292,0.314,"4","1",0.375,0.375,"1","1","5","2"
"194","FB",1,"17",0.292,0.314,"4","1",0.375,0.375,"1","1","5","2"
"194","FB",1,"17",0.292,0.314,"4","1",0.375,0.375,"1","1","5","2"
"194","FB",1,"17",0.292,0.314,"4","1",0.375,0.375,"1","1","5","2"
"194","LR",0,"17",0.292,0.314,"4","1",0.375,0.375,"1","1","5","2"
"194","LR",0,"17",0.292,0.314,"4","1",0.375,0.375,"1","1","5","2"
"194","LR",0,"17",0.292,0.314,"4","1",0.375,0.375,"1","1","5","2"
"194","LR",0,"17",0.292,0.314,"4","1",0.375,0.375,"1","1","5","2"
"194","LR",0,"17",0.292,0.314,"4","1",0.375,0.375,"1","1","5","2"
"194","LR",1,"17",0.292,0.314,"4","1",0.375,0.375,"1","1","5","2"
"194","LR",1,"17",0.292,0.314,"4","1",0.375,0.375,"1","1","5","2"
"194","LR",1,"17",0.292,0.314,"4","1",0.375,0.375,"1","1","5","2"
"195","FB",0,"17",0.259,0.256,"3","1",0.125,0.25,"1","1","6","2"
"195","FB",0,"17",0.259,0.256,"3","1",0.125,0.25,"1","1","6","2"
"195","FB",0,"17",0.259,0.256,"3","1",0.125,0.25,"1","1","6","2"
"195","FB",0,"17",0.259,0.256,"3","1",0.125,0.25,"1","1","6","2"
"195","FB",0,"17",0.259,0.256,"3","1",0.125,0.25,"1","1","6","2"
"195","FB",0,"17",0.259,0.256,"3","1",0.125,0.25,"1","1","6","2"
"195","FB",0,"17",0.259,0.256,"3","1",0.125,0.25,"1","1","6","2"
"195","FB",1,"17",0.259,0.256,"3","1",0.125,0.25,"1","1","6","2"
"195","LR",0,"17",0.259,0.256,"3","1",0.125,0.25,"1","1","6","2"
"195","LR",0,"17",0.259,0.256,"3","1",0.125,0.25,"1","1","6","2"
"195","LR",0,"17",0.259,0.256,"3","1",0.125,0.25,"1","1","6","2"
"195","LR",0,"17",0.259,0.256,"3","1",0.125,0.25,"1","1","6","2"
"195","LR",0,"17",0.259,0.256,"3","1",0.125,0.25,"1","1","6","2"
"195","LR",0,"17",0.259,0.256,"3","1",0.125,0.25,"1","1","6","2"
"195","LR",1,"17",0.259,0.256,"3","1",0.125,0.25,"1","1","6","2"
"195","LR",1,"17",0.259,0.256,"3","1",0.125,0.25,"1","1","6","2"
"196","FB",0,"9",0.734,0.726,"5","2",0.875,0.875,"2","2","3","1"
"196","FB",1,"9",0.734,0.726,"5","2",0.875,0.875,"2","2","3","1"
"196","FB",1,"9",0.734,0.726,"5","2",0.875,0.875,"2","2","3","1"
"196","FB",1,"9",0.734,0.726,"5","2",0.875,0.875,"2","2","3","1"
"196","FB",1,"9",0.734,0.726,"5","2",0.875,0.875,"2","2","3","1"
"196","FB",1,"9",0.734,0.726,"5","2",0.875,0.875,"2","2","3","1"
"196","FB",1,"9",0.734,0.726,"5","2",0.875,0.875,"2","2","3","1"
"196","FB",1,"9",0.734,0.726,"5","2",0.875,0.875,"2","2","3","1"
"196","LR",0,"9",0.734,0.726,"5","2",0.875,0.875,"2","2","3","1"
"196","LR",1,"9",0.734,0.726,"5","2",0.875,0.875,"2","2","3","1"
"196","LR",1,"9",0.734,0.726,"5","2",0.875,0.875,"2","2","3","1"
"196","LR",1,"9",0.734,0.726,"5","2",0.875,0.875,"2","2","3","1"
"196","LR",1,"9",0.734,0.726,"5","2",0.875,0.875,"2","2","3","1"
"196","LR",1,"9",0.734,0.726,"5","2",0.875,0.875,"2","2","3","1"
"196","LR",1,"9",0.734,0.726,"5","2",0.875,0.875,"2","2","3","1"
"196","LR",1,"9",0.734,0.726,"5","2",0.875,0.875,"2","2","3","1"
"197","FB",1,"9",0.714,0.759,"5","2",1,0.75,"2","2","3","1"
"197","FB",1,"9",0.714,0.759,"5","2",1,0.75,"2","2","3","1"
"197","FB",1,"9",0.714,0.759,"5","2",1,0.75,"2","2","3","1"
"197","FB",1,"9",0.714,0.759,"5","2",1,0.75,"2","2","3","1"
"197","FB",1,"9",0.714,0.759,"5","2",1,0.75,"2","2","3","1"
"197","FB",1,"9",0.714,0.759,"5","2",1,0.75,"2","2","3","1"
"197","FB",1,"9",0.714,0.759,"5","2",1,0.75,"2","2","3","1"
"197","FB",1,"9",0.714,0.759,"5","2",1,0.75,"2","2","3","1"
"197","LR",0,"9",0.714,0.759,"5","2",1,0.75,"2","2","3","1"
"197","LR",0,"9",0.714,0.759,"5","2",1,0.75,"2","2","3","1"
"197","LR",1,"9",0.714,0.759,"5","2",1,0.75,"2","2","3","1"
"197","LR",1,"9",0.714,0.759,"5","2",1,0.75,"2","2","3","1"
"197","LR",1,"9",0.714,0.759,"5","2",1,0.75,"2","2","3","1"
"197","LR",1,"9",0.714,0.759,"5","2",1,0.75,"2","2","3","1"
"197","LR",1,"9",0.714,0.759,"5","2",1,0.75,"2","2","3","1"
"197","LR",1,"9",0.714,0.759,"5","2",1,0.75,"2","2","3","1"
"198","FB",0,"9",0.74,0.758,"5","2",0.875,0.625,"2","2","2","1"
"198","FB",1,"9",0.74,0.758,"5","2",0.875,0.625,"2","2","2","1"
"198","FB",1,"9",0.74,0.758,"5","2",0.875,0.625,"2","2","2","1"
"198","FB",1,"9",0.74,0.758,"5","2",0.875,0.625,"2","2","2","1"
"198","FB",1,"9",0.74,0.758,"5","2",0.875,0.625,"2","2","2","1"
"198","FB",1,"9",0.74,0.758,"5","2",0.875,0.625,"2","2","2","1"
"198","FB",1,"9",0.74,0.758,"5","2",0.875,0.625,"2","2","2","1"
"198","FB",1,"9",0.74,0.758,"5","2",0.875,0.625,"2","2","2","1"
"198","LR",0,"9",0.74,0.758,"5","2",0.875,0.625,"2","2","2","1"
"198","LR",0,"9",0.74,0.758,"5","2",0.875,0.625,"2","2","2","1"
"198","LR",0,"9",0.74,0.758,"5","2",0.875,0.625,"2","2","2","1"
"198","LR",1,"9",0.74,0.758,"5","2",0.875,0.625,"2","2","2","1"
"198","LR",1,"9",0.74,0.758,"5","2",0.875,0.625,"2","2","2","1"
"198","LR",1,"9",0.74,0.758,"5","2",0.875,0.625,"2","2","2","1"
"198","LR",1,"9",0.74,0.758,"5","2",0.875,0.625,"2","2","2","1"
"198","LR",1,"9",0.74,0.758,"5","2",0.875,0.625,"2","2","2","1"
"199","FB",0,"9",0.745,0.713,"2","2",0.625,0.5,"2","2","1","1"
"199","FB",0,"9",0.745,0.713,"2","2",0.625,0.5,"2","2","1","1"
"199","FB",0,"9",0.745,0.713,"2","2",0.625,0.5,"2","2","1","1"
"199","FB",1,"9",0.745,0.713,"2","2",0.625,0.5,"2","2","1","1"
"199","FB",1,"9",0.745,0.713,"2","2",0.625,0.5,"2","2","1","1"
"199","FB",1,"9",0.745,0.713,"2","2",0.625,0.5,"2","2","1","1"
"199","FB",1,"9",0.745,0.713,"2","2",0.625,0.5,"2","2","1","1"
"199","FB",1,"9",0.745,0.713,"2","2",0.625,0.5,"2","2","1","1"
"199","LR",0,"9",0.745,0.713,"2","2",0.625,0.5,"2","2","1","1"
"199","LR",0,"9",0.745,0.713,"2","2",0.625,0.5,"2","2","1","1"
"199","LR",0,"9",0.745,0.713,"2","2",0.625,0.5,"2","2","1","1"
"199","LR",0,"9",0.745,0.713,"2","2",0.625,0.5,"2","2","1","1"
"199","LR",1,"9",0.745,0.713,"2","2",0.625,0.5,"2","2","1","1"
"199","LR",1,"9",0.745,0.713,"2","2",0.625,0.5,"2","2","1","1"
"199","LR",1,"9",0.745,0.713,"2","2",0.625,0.5,"2","2","1","1"
"199","LR",1,"9",0.745,0.713,"2","2",0.625,0.5,"2","2","1","1"
"200","FB",0,"17",0.27,0.281,"1","1",0.125,0,"1","1","4","2"
"200","FB",0,"17",0.27,0.281,"1","1",0.125,0,"1","1","4","2"
"200","FB",0,"17",0.27,0.281,"1","1",0.125,0,"1","1","4","2"
"200","FB",0,"17",0.27,0.281,"1","1",0.125,0,"1","1","4","2"
"200","FB",0,"17",0.27,0.281,"1","1",0.125,0,"1","1","4","2"
"200","FB",0,"17",0.27,0.281,"1","1",0.125,0,"1","1","4","2"
"200","FB",0,"17",0.27,0.281,"1","1",0.125,0,"1","1","4","2"
"200","FB",1,"17",0.27,0.281,"1","1",0.125,0,"1","1","4","2"
"200","LR",0,"17",0.27,0.281,"1","1",0.125,0,"1","1","4","2"
"200","LR",0,"17",0.27,0.281,"1","1",0.125,0,"1","1","4","2"
"200","LR",0,"17",0.27,0.281,"1","1",0.125,0,"1","1","4","2"
"200","LR",0,"17",0.27,0.281,"1","1",0.125,0,"1","1","4","2"
"200","LR",0,"17",0.27,0.281,"1","1",0.125,0,"1","1","4","2"
"200","LR",0,"17",0.27,0.281,"1","1",0.125,0,"1","1","4","2"
"200","LR",0,"17",0.27,0.281,"1","1",0.125,0,"1","1","4","2"
"200","LR",0,"17",0.27,0.281,"1","1",0.125,0,"1","1","4","2"
"201","FB",0,"17",0.199,0.222,"1","1",0.125,0,"1","1","4","2"
"201","FB",0,"17",0.199,0.222,"1","1",0.125,0,"1","1","4","2"
"201","FB",0,"17",0.199,0.222,"1","1",0.125,0,"1","1","4","2"
"201","FB",0,"17",0.199,0.222,"1","1",0.125,0,"1","1","4","2"
"201","FB",0,"17",0.199,0.222,"1","1",0.125,0,"1","1","4","2"
"201","FB",0,"17",0.199,0.222,"1","1",0.125,0,"1","1","4","2"
"201","FB",0,"17",0.199,0.222,"1","1",0.125,0,"1","1","4","2"
"201","FB",1,"17",0.199,0.222,"1","1",0.125,0,"1","1","4","2"
"201","LR",0,"17",0.199,0.222,"1","1",0.125,0,"1","1","4","2"
"201","LR",0,"17",0.199,0.222,"1","1",0.125,0,"1","1","4","2"
"201","LR",0,"17",0.199,0.222,"1","1",0.125,0,"1","1","4","2"
"201","LR",0,"17",0.199,0.222,"1","1",0.125,0,"1","1","4","2"
"201","LR",0,"17",0.199,0.222,"1","1",0.125,0,"1","1","4","2"
"201","LR",0,"17",0.199,0.222,"1","1",0.125,0,"1","1","4","2"
"201","LR",0,"17",0.199,0.222,"1","1",0.125,0,"1","1","4","2"
"201","LR",0,"17",0.199,0.222,"1","1",0.125,0,"1","1","4","2"
"202","FB",0,"17",0.278,0.227,"3","1",0.25,0.375,"1","1","5","2"
"202","FB",0,"17",0.278,0.227,"3","1",0.25,0.375,"1","1","5","2"
"202","FB",0,"17",0.278,0.227,"3","1",0.25,0.375,"1","1","5","2"
"202","FB",0,"17",0.278,0.227,"3","1",0.25,0.375,"1","1","5","2"
"202","FB",0,"17",0.278,0.227,"3","1",0.25,0.375,"1","1","5","2"
"202","FB",0,"17",0.278,0.227,"3","1",0.25,0.375,"1","1","5","2"
"202","FB",1,"17",0.278,0.227,"3","1",0.25,0.375,"1","1","5","2"
"202","FB",1,"17",0.278,0.227,"3","1",0.25,0.375,"1","1","5","2"
"202","LR",0,"17",0.278,0.227,"3","1",0.25,0.375,"1","1","5","2"
"202","LR",0,"17",0.278,0.227,"3","1",0.25,0.375,"1","1","5","2"
"202","LR",0,"17",0.278,0.227,"3","1",0.25,0.375,"1","1","5","2"
"202","LR",0,"17",0.278,0.227,"3","1",0.25,0.375,"1","1","5","2"
"202","LR",0,"17",0.278,0.227,"3","1",0.25,0.375,"1","1","5","2"
"202","LR",1,"17",0.278,0.227,"3","1",0.25,0.375,"1","1","5","2"
"202","LR",1,"17",0.278,0.227,"3","1",0.25,0.375,"1","1","5","2"
"202","LR",1,"17",0.278,0.227,"3","1",0.25,0.375,"1","1","5","2"
"203","FB",1,"9",0.829,0.791,"5","2",1,0.875,"2","2","3","1"
"203","FB",1,"9",0.829,0.791,"5","2",1,0.875,"2","2","3","1"
"203","FB",1,"9",0.829,0.791,"5","2",1,0.875,"2","2","3","1"
"203","FB",1,"9",0.829,0.791,"5","2",1,0.875,"2","2","3","1"
"203","FB",1,"9",0.829,0.791,"5","2",1,0.875,"2","2","3","1"
"203","FB",1,"9",0.829,0.791,"5","2",1,0.875,"2","2","3","1"
"203","FB",1,"9",0.829,0.791,"5","2",1,0.875,"2","2","3","1"
"203","FB",1,"9",0.829,0.791,"5","2",1,0.875,"2","2","3","1"
"203","LR",0,"9",0.829,0.791,"5","2",1,0.875,"2","2","3","1"
"203","LR",1,"9",0.829,0.791,"5","2",1,0.875,"2","2","3","1"
"203","LR",1,"9",0.829,0.791,"5","2",1,0.875,"2","2","3","1"
"203","LR",1,"9",0.829,0.791,"5","2",1,0.875,"2","2","3","1"
"203","LR",1,"9",0.829,0.791,"5","2",1,0.875,"2","2","3","1"
"203","LR",1,"9",0.829,0.791,"5","2",1,0.875,"2","2","3","1"
"203","LR",1,"9",0.829,0.791,"5","2",1,0.875,"2","2","3","1"
"203","LR",1,"9",0.829,0.791,"5","2",1,0.875,"2","2","3","1"
"204","FB",0,"9",0.725,0.728,"5","2",0.75,0.5,"2","2","1","1"
"204","FB",0,"9",0.725,0.728,"5","2",0.75,0.5,"2","2","1","1"
"204","FB",1,"9",0.725,0.728,"5","2",0.75,0.5,"2","2","1","1"
"204","FB",1,"9",0.725,0.728,"5","2",0.75,0.5,"2","2","1","1"
"204","FB",1,"9",0.725,0.728,"5","2",0.75,0.5,"2","2","1","1"
"204","FB",1,"9",0.725,0.728,"5","2",0.75,0.5,"2","2","1","1"
"204","FB",1,"9",0.725,0.728,"5","2",0.75,0.5,"2","2","1","1"
"204","FB",1,"9",0.725,0.728,"5","2",0.75,0.5,"2","2","1","1"
"204","LR",0,"9",0.725,0.728,"5","2",0.75,0.5,"2","2","1","1"
"204","LR",0,"9",0.725,0.728,"5","2",0.75,0.5,"2","2","1","1"
"204","LR",0,"9",0.725,0.728,"5","2",0.75,0.5,"2","2","1","1"
"204","LR",0,"9",0.725,0.728,"5","2",0.75,0.5,"2","2","1","1"
"204","LR",1,"9",0.725,0.728,"5","2",0.75,0.5,"2","2","1","1"
"204","LR",1,"9",0.725,0.728,"5","2",0.75,0.5,"2","2","1","1"
"204","LR",1,"9",0.725,0.728,"5","2",0.75,0.5,"2","2","1","1"
"204","LR",1,"9",0.725,0.728,"5","2",0.75,0.5,"2","2","1","1"
"205","FB",0,"17",0.226,0.277,"3","1",0.125,0.25,"1","1","6","2"
"205","FB",0,"17",0.226,0.277,"3","1",0.125,0.25,"1","1","6","2"
"205","FB",0,"17",0.226,0.277,"3","1",0.125,0.25,"1","1","6","2"
"205","FB",0,"17",0.226,0.277,"3","1",0.125,0.25,"1","1","6","2"
"205","FB",0,"17",0.226,0.277,"3","1",0.125,0.25,"1","1","6","2"
"205","FB",0,"17",0.226,0.277,"3","1",0.125,0.25,"1","1","6","2"
"205","FB",0,"17",0.226,0.277,"3","1",0.125,0.25,"1","1","6","2"
"205","FB",1,"17",0.226,0.277,"3","1",0.125,0.25,"1","1","6","2"
"205","LR",0,"17",0.226,0.277,"3","1",0.125,0.25,"1","1","6","2"
"205","LR",0,"17",0.226,0.277,"3","1",0.125,0.25,"1","1","6","2"
"205","LR",0,"17",0.226,0.277,"3","1",0.125,0.25,"1","1","6","2"
"205","LR",0,"17",0.226,0.277,"3","1",0.125,0.25,"1","1","6","2"
"205","LR",0,"17",0.226,0.277,"3","1",0.125,0.25,"1","1","6","2"
"205","LR",0,"17",0.226,0.277,"3","1",0.125,0.25,"1","1","6","2"
"205","LR",1,"17",0.226,0.277,"3","1",0.125,0.25,"1","1","6","2"
"205","LR",1,"17",0.226,0.277,"3","1",0.125,0.25,"1","1","6","2"
"206","FB",0,"9",0.739,0.813,"5","2",0.75,0.875,"2","2","2","1"
"206","FB",0,"9",0.739,0.813,"5","2",0.75,0.875,"2","2","2","1"
"206","FB",1,"9",0.739,0.813,"5","2",0.75,0.875,"2","2","2","1"
"206","FB",1,"9",0.739,0.813,"5","2",0.75,0.875,"2","2","2","1"
"206","FB",1,"9",0.739,0.813,"5","2",0.75,0.875,"2","2","2","1"
"206","FB",1,"9",0.739,0.813,"5","2",0.75,0.875,"2","2","2","1"
"206","FB",1,"9",0.739,0.813,"5","2",0.75,0.875,"2","2","2","1"
"206","FB",1,"9",0.739,0.813,"5","2",0.75,0.875,"2","2","2","1"
"206","LR",0,"9",0.739,0.813,"5","2",0.75,0.875,"2","2","2","1"
"206","LR",1,"9",0.739,0.813,"5","2",0.75,0.875,"2","2","2","1"
"206","LR",1,"9",0.739,0.813,"5","2",0.75,0.875,"2","2","2","1"
"206","LR",1,"9",0.739,0.813,"5","2",0.75,0.875,"2","2","2","1"
"206","LR",1,"9",0.739,0.813,"5","2",0.75,0.875,"2","2","2","1"
"206","LR",1,"9",0.739,0.813,"5","2",0.75,0.875,"2","2","2","1"
"206","LR",1,"9",0.739,0.813,"5","2",0.75,0.875,"2","2","2","1"
"206","LR",1,"9",0.739,0.813,"5","2",0.75,0.875,"2","2","2","1"
"207","FB",0,"9",0.692,0.777,"2","2",0.5,0.875,"2","2","1","1"
"207","FB",0,"9",0.692,0.777,"2","2",0.5,0.875,"2","2","1","1"
"207","FB",0,"9",0.692,0.777,"2","2",0.5,0.875,"2","2","1","1"
"207","FB",0,"9",0.692,0.777,"2","2",0.5,0.875,"2","2","1","1"
"207","FB",1,"9",0.692,0.777,"2","2",0.5,0.875,"2","2","1","1"
"207","FB",1,"9",0.692,0.777,"2","2",0.5,0.875,"2","2","1","1"
"207","FB",1,"9",0.692,0.777,"2","2",0.5,0.875,"2","2","1","1"
"207","FB",1,"9",0.692,0.777,"2","2",0.5,0.875,"2","2","1","1"
"207","LR",0,"9",0.692,0.777,"2","2",0.5,0.875,"2","2","1","1"
"207","LR",1,"9",0.692,0.777,"2","2",0.5,0.875,"2","2","1","1"
"207","LR",1,"9",0.692,0.777,"2","2",0.5,0.875,"2","2","1","1"
"207","LR",1,"9",0.692,0.777,"2","2",0.5,0.875,"2","2","1","1"
"207","LR",1,"9",0.692,0.777,"2","2",0.5,0.875,"2","2","1","1"
"207","LR",1,"9",0.692,0.777,"2","2",0.5,0.875,"2","2","1","1"
"207","LR",1,"9",0.692,0.777,"2","2",0.5,0.875,"2","2","1","1"
"207","LR",1,"9",0.692,0.777,"2","2",0.5,0.875,"2","2","1","1"
"208","FB",0,"9",0.781,0.754,"2","2",0.625,0.875,"2","2","2","1"
"208","FB",0,"9",0.781,0.754,"2","2",0.625,0.875,"2","2","2","1"
"208","FB",0,"9",0.781,0.754,"2","2",0.625,0.875,"2","2","2","1"
"208","FB",1,"9",0.781,0.754,"2","2",0.625,0.875,"2","2","2","1"
"208","FB",1,"9",0.781,0.754,"2","2",0.625,0.875,"2","2","2","1"
"208","FB",1,"9",0.781,0.754,"2","2",0.625,0.875,"2","2","2","1"
"208","FB",1,"9",0.781,0.754,"2","2",0.625,0.875,"2","2","2","1"
"208","FB",1,"9",0.781,0.754,"2","2",0.625,0.875,"2","2","2","1"
"208","LR",0,"9",0.781,0.754,"2","2",0.625,0.875,"2","2","2","1"
"208","LR",1,"9",0.781,0.754,"2","2",0.625,0.875,"2","2","2","1"
"208","LR",1,"9",0.781,0.754,"2","2",0.625,0.875,"2","2","2","1"
"208","LR",1,"9",0.781,0.754,"2","2",0.625,0.875,"2","2","2","1"
"208","LR",1,"9",0.781,0.754,"2","2",0.625,0.875,"2","2","2","1"
"208","LR",1,"9",0.781,0.754,"2","2",0.625,0.875,"2","2","2","1"
"208","LR",1,"9",0.781,0.754,"2","2",0.625,0.875,"2","2","2","1"
"208","LR",1,"9",0.781,0.754,"2","2",0.625,0.875,"2","2","2","1"
"209","FB",0,"17",0.261,0.246,"4","1",0.375,0.25,"1","1","5","2"
"209","FB",0,"17",0.261,0.246,"4","1",0.375,0.25,"1","1","5","2"
"209","FB",0,"17",0.261,0.246,"4","1",0.375,0.25,"1","1","5","2"
"209","FB",0,"17",0.261,0.246,"4","1",0.375,0.25,"1","1","5","2"
"209","FB",0,"17",0.261,0.246,"4","1",0.375,0.25,"1","1","5","2"
"209","FB",1,"17",0.261,0.246,"4","1",0.375,0.25,"1","1","5","2"
"209","FB",1,"17",0.261,0.246,"4","1",0.375,0.25,"1","1","5","2"
"209","FB",1,"17",0.261,0.246,"4","1",0.375,0.25,"1","1","5","2"
"209","LR",0,"17",0.261,0.246,"4","1",0.375,0.25,"1","1","5","2"
"209","LR",0,"17",0.261,0.246,"4","1",0.375,0.25,"1","1","5","2"
"209","LR",0,"17",0.261,0.246,"4","1",0.375,0.25,"1","1","5","2"
"209","LR",0,"17",0.261,0.246,"4","1",0.375,0.25,"1","1","5","2"
"209","LR",0,"17",0.261,0.246,"4","1",0.375,0.25,"1","1","5","2"
"209","LR",0,"17",0.261,0.246,"4","1",0.375,0.25,"1","1","5","2"
"209","LR",1,"17",0.261,0.246,"4","1",0.375,0.25,"1","1","5","2"
"209","LR",1,"17",0.261,0.246,"4","1",0.375,0.25,"1","1","5","2"
"210","FB",0,"17",0.258,0.278,"4","1",0.375,0.25,"1","1","5","2"
"210","FB",0,"17",0.258,0.278,"4","1",0.375,0.25,"1","1","5","2"
"210","FB",0,"17",0.258,0.278,"4","1",0.375,0.25,"1","1","5","2"
"210","FB",0,"17",0.258,0.278,"4","1",0.375,0.25,"1","1","5","2"
"210","FB",0,"17",0.258,0.278,"4","1",0.375,0.25,"1","1","5","2"
"210","FB",1,"17",0.258,0.278,"4","1",0.375,0.25,"1","1","5","2"
"210","FB",1,"17",0.258,0.278,"4","1",0.375,0.25,"1","1","5","2"
"210","FB",1,"17",0.258,0.278,"4","1",0.375,0.25,"1","1","5","2"
"210","LR",0,"17",0.258,0.278,"4","1",0.375,0.25,"1","1","5","2"
"210","LR",0,"17",0.258,0.278,"4","1",0.375,0.25,"1","1","5","2"
"210","LR",0,"17",0.258,0.278,"4","1",0.375,0.25,"1","1","5","2"
"210","LR",0,"17",0.258,0.278,"4","1",0.375,0.25,"1","1","5","2"
"210","LR",0,"17",0.258,0.278,"4","1",0.375,0.25,"1","1","5","2"
"210","LR",0,"17",0.258,0.278,"4","1",0.375,0.25,"1","1","5","2"
"210","LR",1,"17",0.258,0.278,"4","1",0.375,0.25,"1","1","5","2"
"210","LR",1,"17",0.258,0.278,"4","1",0.375,0.25,"1","1","5","2"
"211","FB",0,"17",0.202,0.255,"3","1",0,0.25,"1","1","4","2"
"211","FB",0,"17",0.202,0.255,"3","1",0,0.25,"1","1","4","2"
"211","FB",0,"17",0.202,0.255,"3","1",0,0.25,"1","1","4","2"
"211","FB",0,"17",0.202,0.255,"3","1",0,0.25,"1","1","4","2"
"211","FB",0,"17",0.202,0.255,"3","1",0,0.25,"1","1","4","2"
"211","FB",0,"17",0.202,0.255,"3","1",0,0.25,"1","1","4","2"
"211","FB",0,"17",0.202,0.255,"3","1",0,0.25,"1","1","4","2"
"211","FB",0,"17",0.202,0.255,"3","1",0,0.25,"1","1","4","2"
"211","LR",0,"17",0.202,0.255,"3","1",0,0.25,"1","1","4","2"
"211","LR",0,"17",0.202,0.255,"3","1",0,0.25,"1","1","4","2"
"211","LR",0,"17",0.202,0.255,"3","1",0,0.25,"1","1","4","2"
"211","LR",0,"17",0.202,0.255,"3","1",0,0.25,"1","1","4","2"
"211","LR",0,"17",0.202,0.255,"3","1",0,0.25,"1","1","4","2"
"211","LR",0,"17",0.202,0.255,"3","1",0,0.25,"1","1","4","2"
"211","LR",1,"17",0.202,0.255,"3","1",0,0.25,"1","1","4","2"
"211","LR",1,"17",0.202,0.255,"3","1",0,0.25,"1","1","4","2"
"212","FB",1,"9",0.767,0.744,"5","2",1,0.625,"2","2","2","1"
"212","FB",1,"9",0.767,0.744,"5","2",1,0.625,"2","2","2","1"
"212","FB",1,"9",0.767,0.744,"5","2",1,0.625,"2","2","2","1"
"212","FB",1,"9",0.767,0.744,"5","2",1,0.625,"2","2","2","1"
"212","FB",1,"9",0.767,0.744,"5","2",1,0.625,"2","2","2","1"
"212","FB",1,"9",0.767,0.744,"5","2",1,0.625,"2","2","2","1"
"212","FB",1,"9",0.767,0.744,"5","2",1,0.625,"2","2","2","1"
"212","FB",1,"9",0.767,0.744,"5","2",1,0.625,"2","2","2","1"
"212","LR",0,"9",0.767,0.744,"5","2",1,0.625,"2","2","2","1"
"212","LR",0,"9",0.767,0.744,"5","2",1,0.625,"2","2","2","1"
"212","LR",0,"9",0.767,0.744,"5","2",1,0.625,"2","2","2","1"
"212","LR",1,"9",0.767,0.744,"5","2",1,0.625,"2","2","2","1"
"212","LR",1,"9",0.767,0.744,"5","2",1,0.625,"2","2","2","1"
"212","LR",1,"9",0.767,0.744,"5","2",1,0.625,"2","2","2","1"
"212","LR",1,"9",0.767,0.744,"5","2",1,0.625,"2","2","2","1"
"212","LR",1,"9",0.767,0.744,"5","2",1,0.625,"2","2","2","1"
"213","FB",0,"9",0.681,0.75,"2","2",0.625,0.75,"2","2","1","1"
"213","FB",0,"9",0.681,0.75,"2","2",0.625,0.75,"2","2","1","1"
"213","FB",0,"9",0.681,0.75,"2","2",0.625,0.75,"2","2","1","1"
"213","FB",1,"9",0.681,0.75,"2","2",0.625,0.75,"2","2","1","1"
"213","FB",1,"9",0.681,0.75,"2","2",0.625,0.75,"2","2","1","1"
"213","FB",1,"9",0.681,0.75,"2","2",0.625,0.75,"2","2","1","1"
"213","FB",1,"9",0.681,0.75,"2","2",0.625,0.75,"2","2","1","1"
"213","FB",1,"9",0.681,0.75,"2","2",0.625,0.75,"2","2","1","1"
"213","LR",0,"9",0.681,0.75,"2","2",0.625,0.75,"2","2","1","1"
"213","LR",0,"9",0.681,0.75,"2","2",0.625,0.75,"2","2","1","1"
"213","LR",1,"9",0.681,0.75,"2","2",0.625,0.75,"2","2","1","1"
"213","LR",1,"9",0.681,0.75,"2","2",0.625,0.75,"2","2","1","1"
"213","LR",1,"9",0.681,0.75,"2","2",0.625,0.75,"2","2","1","1"
"213","LR",1,"9",0.681,0.75,"2","2",0.625,0.75,"2","2","1","1"
"213","LR",1,"9",0.681,0.75,"2","2",0.625,0.75,"2","2","1","1"
"213","LR",1,"9",0.681,0.75,"2","2",0.625,0.75,"2","2","1","1"
"214","FB",1,"9",0.686,0.823,"5","2",1,0.625,"2","2","2","1"
"214","FB",1,"9",0.686,0.823,"5","2",1,0.625,"2","2","2","1"
"214","FB",1,"9",0.686,0.823,"5","2",1,0.625,"2","2","2","1"
"214","FB",1,"9",0.686,0.823,"5","2",1,0.625,"2","2","2","1"
"214","FB",1,"9",0.686,0.823,"5","2",1,0.625,"2","2","2","1"
"214","FB",1,"9",0.686,0.823,"5","2",1,0.625,"2","2","2","1"
"214","FB",1,"9",0.686,0.823,"5","2",1,0.625,"2","2","2","1"
"214","FB",1,"9",0.686,0.823,"5","2",1,0.625,"2","2","2","1"
"214","LR",0,"9",0.686,0.823,"5","2",1,0.625,"2","2","2","1"
"214","LR",0,"9",0.686,0.823,"5","2",1,0.625,"2","2","2","1"
"214","LR",0,"9",0.686,0.823,"5","2",1,0.625,"2","2","2","1"
"214","LR",1,"9",0.686,0.823,"5","2",1,0.625,"2","2","2","1"
"214","LR",1,"9",0.686,0.823,"5","2",1,0.625,"2","2","2","1"
"214","LR",1,"9",0.686,0.823,"5","2",1,0.625,"2","2","2","1"
"214","LR",1,"9",0.686,0.823,"5","2",1,0.625,"2","2","2","1"
"214","LR",1,"9",0.686,0.823,"5","2",1,0.625,"2","2","2","1"
"215","FB",0,"17",0.22,0.201,"3","1",0.25,0.25,"1","1","6","2"
"215","FB",0,"17",0.22,0.201,"3","1",0.25,0.25,"1","1","6","2"
"215","FB",0,"17",0.22,0.201,"3","1",0.25,0.25,"1","1","6","2"
"215","FB",0,"17",0.22,0.201,"3","1",0.25,0.25,"1","1","6","2"
"215","FB",0,"17",0.22,0.201,"3","1",0.25,0.25,"1","1","6","2"
"215","FB",0,"17",0.22,0.201,"3","1",0.25,0.25,"1","1","6","2"
"215","FB",1,"17",0.22,0.201,"3","1",0.25,0.25,"1","1","6","2"
"215","FB",1,"17",0.22,0.201,"3","1",0.25,0.25,"1","1","6","2"
"215","LR",0,"17",0.22,0.201,"3","1",0.25,0.25,"1","1","6","2"
"215","LR",0,"17",0.22,0.201,"3","1",0.25,0.25,"1","1","6","2"
"215","LR",0,"17",0.22,0.201,"3","1",0.25,0.25,"1","1","6","2"
"215","LR",0,"17",0.22,0.201,"3","1",0.25,0.25,"1","1","6","2"
"215","LR",0,"17",0.22,0.201,"3","1",0.25,0.25,"1","1","6","2"
"215","LR",0,"17",0.22,0.201,"3","1",0.25,0.25,"1","1","6","2"
"215","LR",1,"17",0.22,0.201,"3","1",0.25,0.25,"1","1","6","2"
"215","LR",1,"17",0.22,0.201,"3","1",0.25,0.25,"1","1","6","2"
"216","FB",0,"17",0.234,0.149,"1","1",0,0.125,"1","1","4","2"
"216","FB",0,"17",0.234,0.149,"1","1",0,0.125,"1","1","4","2"
"216","FB",0,"17",0.234,0.149,"1","1",0,0.125,"1","1","4","2"
"216","FB",0,"17",0.234,0.149,"1","1",0,0.125,"1","1","4","2"
"216","FB",0,"17",0.234,0.149,"1","1",0,0.125,"1","1","4","2"
"216","FB",0,"17",0.234,0.149,"1","1",0,0.125,"1","1","4","2"
"216","FB",0,"17",0.234,0.149,"1","1",0,0.125,"1","1","4","2"
"216","FB",0,"17",0.234,0.149,"1","1",0,0.125,"1","1","4","2"
"216","LR",0,"17",0.234,0.149,"1","1",0,0.125,"1","1","4","2"
"216","LR",0,"17",0.234,0.149,"1","1",0,0.125,"1","1","4","2"
"216","LR",0,"17",0.234,0.149,"1","1",0,0.125,"1","1","4","2"
"216","LR",0,"17",0.234,0.149,"1","1",0,0.125,"1","1","4","2"
"216","LR",0,"17",0.234,0.149,"1","1",0,0.125,"1","1","4","2"
"216","LR",0,"17",0.234,0.149,"1","1",0,0.125,"1","1","4","2"
"216","LR",0,"17",0.234,0.149,"1","1",0,0.125,"1","1","4","2"
"216","LR",1,"17",0.234,0.149,"1","1",0,0.125,"1","1","4","2"
"217","FB",0,"17",0.287,0.197,"3","1",0.125,0.25,"1","1","6","2"
"217","FB",0,"17",0.287,0.197,"3","1",0.125,0.25,"1","1","6","2"
"217","FB",0,"17",0.287,0.197,"3","1",0.125,0.25,"1","1","6","2"
"217","FB",0,"17",0.287,0.197,"3","1",0.125,0.25,"1","1","6","2"
"217","FB",0,"17",0.287,0.197,"3","1",0.125,0.25,"1","1","6","2"
"217","FB",0,"17",0.287,0.197,"3","1",0.125,0.25,"1","1","6","2"
"217","FB",0,"17",0.287,0.197,"3","1",0.125,0.25,"1","1","6","2"
"217","FB",1,"17",0.287,0.197,"3","1",0.125,0.25,"1","1","6","2"
"217","LR",0,"17",0.287,0.197,"3","1",0.125,0.25,"1","1","6","2"
"217","LR",0,"17",0.287,0.197,"3","1",0.125,0.25,"1","1","6","2"
"217","LR",0,"17",0.287,0.197,"3","1",0.125,0.25,"1","1","6","2"
"217","LR",0,"17",0.287,0.197,"3","1",0.125,0.25,"1","1","6","2"
"217","LR",0,"17",0.287,0.197,"3","1",0.125,0.25,"1","1","6","2"
"217","LR",0,"17",0.287,0.197,"3","1",0.125,0.25,"1","1","6","2"
"217","LR",1,"17",0.287,0.197,"3","1",0.125,0.25,"1","1","6","2"
"217","LR",1,"17",0.287,0.197,"3","1",0.125,0.25,"1","1","6","2"
"218","FB",0,"17",0.274,0.283,"4","1",0.5,0.125,"1","1","5","2"
"218","FB",0,"17",0.274,0.283,"4","1",0.5,0.125,"1","1","5","2"
"218","FB",0,"17",0.274,0.283,"4","1",0.5,0.125,"1","1","5","2"
"218","FB",0,"17",0.274,0.283,"4","1",0.5,0.125,"1","1","5","2"
"218","FB",1,"17",0.274,0.283,"4","1",0.5,0.125,"1","1","5","2"
"218","FB",1,"17",0.274,0.283,"4","1",0.5,0.125,"1","1","5","2"
"218","FB",1,"17",0.274,0.283,"4","1",0.5,0.125,"1","1","5","2"
"218","FB",1,"17",0.274,0.283,"4","1",0.5,0.125,"1","1","5","2"
"218","LR",0,"17",0.274,0.283,"4","1",0.5,0.125,"1","1","5","2"
"218","LR",0,"17",0.274,0.283,"4","1",0.5,0.125,"1","1","5","2"
"218","LR",0,"17",0.274,0.283,"4","1",0.5,0.125,"1","1","5","2"
"218","LR",0,"17",0.274,0.283,"4","1",0.5,0.125,"1","1","5","2"
"218","LR",0,"17",0.274,0.283,"4","1",0.5,0.125,"1","1","5","2"
"218","LR",0,"17",0.274,0.283,"4","1",0.5,0.125,"1","1","5","2"
"218","LR",0,"17",0.274,0.283,"4","1",0.5,0.125,"1","1","5","2"
"218","LR",1,"17",0.274,0.283,"4","1",0.5,0.125,"1","1","5","2"
"219","FB",0,"17",0.25,0.239,"4","1",0.375,0.375,"1","1","5","2"
"219","FB",0,"17",0.25,0.239,"4","1",0.375,0.375,"1","1","5","2"
"219","FB",0,"17",0.25,0.239,"4","1",0.375,0.375,"1","1","5","2"
"219","FB",0,"17",0.25,0.239,"4","1",0.375,0.375,"1","1","5","2"
"219","FB",0,"17",0.25,0.239,"4","1",0.375,0.375,"1","1","5","2"
"219","FB",1,"17",0.25,0.239,"4","1",0.375,0.375,"1","1","5","2"
"219","FB",1,"17",0.25,0.239,"4","1",0.375,0.375,"1","1","5","2"
"219","FB",1,"17",0.25,0.239,"4","1",0.375,0.375,"1","1","5","2"
"219","LR",0,"17",0.25,0.239,"4","1",0.375,0.375,"1","1","5","2"
"219","LR",0,"17",0.25,0.239,"4","1",0.375,0.375,"1","1","5","2"
"219","LR",0,"17",0.25,0.239,"4","1",0.375,0.375,"1","1","5","2"
"219","LR",0,"17",0.25,0.239,"4","1",0.375,0.375,"1","1","5","2"
"219","LR",0,"17",0.25,0.239,"4","1",0.375,0.375,"1","1","5","2"
"219","LR",1,"17",0.25,0.239,"4","1",0.375,0.375,"1","1","5","2"
"219","LR",1,"17",0.25,0.239,"4","1",0.375,0.375,"1","1","5","2"
"219","LR",1,"17",0.25,0.239,"4","1",0.375,0.375,"1","1","5","2"
"220","FB",0,"17",0.317,0.22,"3","1",0.25,0.5,"1","1","5","2"
"220","FB",0,"17",0.317,0.22,"3","1",0.25,0.5,"1","1","5","2"
"220","FB",0,"17",0.317,0.22,"3","1",0.25,0.5,"1","1","5","2"
"220","FB",0,"17",0.317,0.22,"3","1",0.25,0.5,"1","1","5","2"
"220","FB",0,"17",0.317,0.22,"3","1",0.25,0.5,"1","1","5","2"
"220","FB",0,"17",0.317,0.22,"3","1",0.25,0.5,"1","1","5","2"
"220","FB",1,"17",0.317,0.22,"3","1",0.25,0.5,"1","1","5","2"
"220","FB",1,"17",0.317,0.22,"3","1",0.25,0.5,"1","1","5","2"
"220","LR",0,"17",0.317,0.22,"3","1",0.25,0.5,"1","1","5","2"
"220","LR",0,"17",0.317,0.22,"3","1",0.25,0.5,"1","1","5","2"
"220","LR",0,"17",0.317,0.22,"3","1",0.25,0.5,"1","1","5","2"
"220","LR",0,"17",0.317,0.22,"3","1",0.25,0.5,"1","1","5","2"
"220","LR",1,"17",0.317,0.22,"3","1",0.25,0.5,"1","1","5","2"
"220","LR",1,"17",0.317,0.22,"3","1",0.25,0.5,"1","1","5","2"
"220","LR",1,"17",0.317,0.22,"3","1",0.25,0.5,"1","1","5","2"
"220","LR",1,"17",0.317,0.22,"3","1",0.25,0.5,"1","1","5","2"
"221","FB",0,"17",0.171,0.308,"3","1",0,0.25,"1","1","4","2"
"221","FB",0,"17",0.171,0.308,"3","1",0,0.25,"1","1","4","2"
"221","FB",0,"17",0.171,0.308,"3","1",0,0.25,"1","1","4","2"
"221","FB",0,"17",0.171,0.308,"3","1",0,0.25,"1","1","4","2"
"221","FB",0,"17",0.171,0.308,"3","1",0,0.25,"1","1","4","2"
"221","FB",0,"17",0.171,0.308,"3","1",0,0.25,"1","1","4","2"
"221","FB",0,"17",0.171,0.308,"3","1",0,0.25,"1","1","4","2"
"221","FB",0,"17",0.171,0.308,"3","1",0,0.25,"1","1","4","2"
"221","LR",0,"17",0.171,0.308,"3","1",0,0.25,"1","1","4","2"
"221","LR",0,"17",0.171,0.308,"3","1",0,0.25,"1","1","4","2"
"221","LR",0,"17",0.171,0.308,"3","1",0,0.25,"1","1","4","2"
"221","LR",0,"17",0.171,0.308,"3","1",0,0.25,"1","1","4","2"
"221","LR",0,"17",0.171,0.308,"3","1",0,0.25,"1","1","4","2"
"221","LR",0,"17",0.171,0.308,"3","1",0,0.25,"1","1","4","2"
"221","LR",1,"17",0.171,0.308,"3","1",0,0.25,"1","1","4","2"
"221","LR",1,"17",0.171,0.308,"3","1",0,0.25,"1","1","4","2"
"222","FB",0,"9",0.782,0.835,"5","2",0.75,0.75,"2","2","2","1"
"222","FB",0,"9",0.782,0.835,"5","2",0.75,0.75,"2","2","2","1"
"222","FB",1,"9",0.782,0.835,"5","2",0.75,0.75,"2","2","2","1"
"222","FB",1,"9",0.782,0.835,"5","2",0.75,0.75,"2","2","2","1"
"222","FB",1,"9",0.782,0.835,"5","2",0.75,0.75,"2","2","2","1"
"222","FB",1,"9",0.782,0.835,"5","2",0.75,0.75,"2","2","2","1"
"222","FB",1,"9",0.782,0.835,"5","2",0.75,0.75,"2","2","2","1"
"222","FB",1,"9",0.782,0.835,"5","2",0.75,0.75,"2","2","2","1"
"222","LR",0,"9",0.782,0.835,"5","2",0.75,0.75,"2","2","2","1"
"222","LR",0,"9",0.782,0.835,"5","2",0.75,0.75,"2","2","2","1"
"222","LR",1,"9",0.782,0.835,"5","2",0.75,0.75,"2","2","2","1"
"222","LR",1,"9",0.782,0.835,"5","2",0.75,0.75,"2","2","2","1"
"222","LR",1,"9",0.782,0.835,"5","2",0.75,0.75,"2","2","2","1"
"222","LR",1,"9",0.782,0.835,"5","2",0.75,0.75,"2","2","2","1"
"222","LR",1,"9",0.782,0.835,"5","2",0.75,0.75,"2","2","2","1"
"222","LR",1,"9",0.782,0.835,"5","2",0.75,0.75,"2","2","2","1"
"223","FB",0,"17",0.258,0.236,"3","1",0.25,0.375,"1","1","5","2"
"223","FB",0,"17",0.258,0.236,"3","1",0.25,0.375,"1","1","5","2"
"223","FB",0,"17",0.258,0.236,"3","1",0.25,0.375,"1","1","5","2"
"223","FB",0,"17",0.258,0.236,"3","1",0.25,0.375,"1","1","5","2"
"223","FB",0,"17",0.258,0.236,"3","1",0.25,0.375,"1","1","5","2"
"223","FB",0,"17",0.258,0.236,"3","1",0.25,0.375,"1","1","5","2"
"223","FB",1,"17",0.258,0.236,"3","1",0.25,0.375,"1","1","5","2"
"223","FB",1,"17",0.258,0.236,"3","1",0.25,0.375,"1","1","5","2"
"223","LR",0,"17",0.258,0.236,"3","1",0.25,0.375,"1","1","5","2"
"223","LR",0,"17",0.258,0.236,"3","1",0.25,0.375,"1","1","5","2"
"223","LR",0,"17",0.258,0.236,"3","1",0.25,0.375,"1","1","5","2"
"223","LR",0,"17",0.258,0.236,"3","1",0.25,0.375,"1","1","5","2"
"223","LR",0,"17",0.258,0.236,"3","1",0.25,0.375,"1","1","5","2"
"223","LR",1,"17",0.258,0.236,"3","1",0.25,0.375,"1","1","5","2"
"223","LR",1,"17",0.258,0.236,"3","1",0.25,0.375,"1","1","5","2"
"223","LR",1,"17",0.258,0.236,"3","1",0.25,0.375,"1","1","5","2"
"224","FB",0,"9",0.639,0.725,"5","2",0.75,0.75,"2","2","2","1"
"224","FB",0,"9",0.639,0.725,"5","2",0.75,0.75,"2","2","2","1"
"224","FB",1,"9",0.639,0.725,"5","2",0.75,0.75,"2","2","2","1"
"224","FB",1,"9",0.639,0.725,"5","2",0.75,0.75,"2","2","2","1"
"224","FB",1,"9",0.639,0.725,"5","2",0.75,0.75,"2","2","2","1"
"224","FB",1,"9",0.639,0.725,"5","2",0.75,0.75,"2","2","2","1"
"224","FB",1,"9",0.639,0.725,"5","2",0.75,0.75,"2","2","2","1"
"224","FB",1,"9",0.639,0.725,"5","2",0.75,0.75,"2","2","2","1"
"224","LR",0,"9",0.639,0.725,"5","2",0.75,0.75,"2","2","2","1"
"224","LR",0,"9",0.639,0.725,"5","2",0.75,0.75,"2","2","2","1"
"224","LR",1,"9",0.639,0.725,"5","2",0.75,0.75,"2","2","2","1"
"224","LR",1,"9",0.639,0.725,"5","2",0.75,0.75,"2","2","2","1"
"224","LR",1,"9",0.639,0.725,"5","2",0.75,0.75,"2","2","2","1"
"224","LR",1,"9",0.639,0.725,"5","2",0.75,0.75,"2","2","2","1"
"224","LR",1,"9",0.639,0.725,"5","2",0.75,0.75,"2","2","2","1"
"224","LR",1,"9",0.639,0.725,"5","2",0.75,0.75,"2","2","2","1"
"225","FB",0,"9",0.742,0.711,"5","2",0.75,0.625,"2","2","1","1"
"225","FB",0,"9",0.742,0.711,"5","2",0.75,0.625,"2","2","1","1"
"225","FB",1,"9",0.742,0.711,"5","2",0.75,0.625,"2","2","1","1"
"225","FB",1,"9",0.742,0.711,"5","2",0.75,0.625,"2","2","1","1"
"225","FB",1,"9",0.742,0.711,"5","2",0.75,0.625,"2","2","1","1"
"225","FB",1,"9",0.742,0.711,"5","2",0.75,0.625,"2","2","1","1"
"225","FB",1,"9",0.742,0.711,"5","2",0.75,0.625,"2","2","1","1"
"225","FB",1,"9",0.742,0.711,"5","2",0.75,0.625,"2","2","1","1"
"225","LR",0,"9",0.742,0.711,"5","2",0.75,0.625,"2","2","1","1"
"225","LR",0,"9",0.742,0.711,"5","2",0.75,0.625,"2","2","1","1"
"225","LR",0,"9",0.742,0.711,"5","2",0.75,0.625,"2","2","1","1"
"225","LR",1,"9",0.742,0.711,"5","2",0.75,0.625,"2","2","1","1"
"225","LR",1,"9",0.742,0.711,"5","2",0.75,0.625,"2","2","1","1"
"225","LR",1,"9",0.742,0.711,"5","2",0.75,0.625,"2","2","1","1"
"225","LR",1,"9",0.742,0.711,"5","2",0.75,0.625,"2","2","1","1"
"225","LR",1,"9",0.742,0.711,"5","2",0.75,0.625,"2","2","1","1"
"226","FB",0,"9",0.652,0.775,"5","2",0.75,0.875,"2","2","2","1"
"226","FB",0,"9",0.652,0.775,"5","2",0.75,0.875,"2","2","2","1"
"226","FB",1,"9",0.652,0.775,"5","2",0.75,0.875,"2","2","2","1"
"226","FB",1,"9",0.652,0.775,"5","2",0.75,0.875,"2","2","2","1"
"226","FB",1,"9",0.652,0.775,"5","2",0.75,0.875,"2","2","2","1"
"226","FB",1,"9",0.652,0.775,"5","2",0.75,0.875,"2","2","2","1"
"226","FB",1,"9",0.652,0.775,"5","2",0.75,0.875,"2","2","2","1"
"226","FB",1,"9",0.652,0.775,"5","2",0.75,0.875,"2","2","2","1"
"226","LR",0,"9",0.652,0.775,"5","2",0.75,0.875,"2","2","2","1"
"226","LR",1,"9",0.652,0.775,"5","2",0.75,0.875,"2","2","2","1"
"226","LR",1,"9",0.652,0.775,"5","2",0.75,0.875,"2","2","2","1"
"226","LR",1,"9",0.652,0.775,"5","2",0.75,0.875,"2","2","2","1"
"226","LR",1,"9",0.652,0.775,"5","2",0.75,0.875,"2","2","2","1"
"226","LR",1,"9",0.652,0.775,"5","2",0.75,0.875,"2","2","2","1"
"226","LR",1,"9",0.652,0.775,"5","2",0.75,0.875,"2","2","2","1"
"226","LR",1,"9",0.652,0.775,"5","2",0.75,0.875,"2","2","2","1"
"227","FB",0,"17",0.182,0.217,"1","1",0.25,0.125,"1","1","6","2"
"227","FB",0,"17",0.182,0.217,"1","1",0.25,0.125,"1","1","6","2"
"227","FB",0,"17",0.182,0.217,"1","1",0.25,0.125,"1","1","6","2"
"227","FB",0,"17",0.182,0.217,"1","1",0.25,0.125,"1","1","6","2"
"227","FB",0,"17",0.182,0.217,"1","1",0.25,0.125,"1","1","6","2"
"227","FB",0,"17",0.182,0.217,"1","1",0.25,0.125,"1","1","6","2"
"227","FB",1,"17",0.182,0.217,"1","1",0.25,0.125,"1","1","6","2"
"227","FB",1,"17",0.182,0.217,"1","1",0.25,0.125,"1","1","6","2"
"227","LR",0,"17",0.182,0.217,"1","1",0.25,0.125,"1","1","6","2"
"227","LR",0,"17",0.182,0.217,"1","1",0.25,0.125,"1","1","6","2"
"227","LR",0,"17",0.182,0.217,"1","1",0.25,0.125,"1","1","6","2"
"227","LR",0,"17",0.182,0.217,"1","1",0.25,0.125,"1","1","6","2"
"227","LR",0,"17",0.182,0.217,"1","1",0.25,0.125,"1","1","6","2"
"227","LR",0,"17",0.182,0.217,"1","1",0.25,0.125,"1","1","6","2"
"227","LR",0,"17",0.182,0.217,"1","1",0.25,0.125,"1","1","6","2"
"227","LR",1,"17",0.182,0.217,"1","1",0.25,0.125,"1","1","6","2"
"228","FB",0,"17",0.224,0.278,"1","1",0.125,0,"1","1","4","2"
"228","FB",0,"17",0.224,0.278,"1","1",0.125,0,"1","1","4","2"
"228","FB",0,"17",0.224,0.278,"1","1",0.125,0,"1","1","4","2"
"228","FB",0,"17",0.224,0.278,"1","1",0.125,0,"1","1","4","2"
"228","FB",0,"17",0.224,0.278,"1","1",0.125,0,"1","1","4","2"
"228","FB",0,"17",0.224,0.278,"1","1",0.125,0,"1","1","4","2"
"228","FB",0,"17",0.224,0.278,"1","1",0.125,0,"1","1","4","2"
"228","FB",1,"17",0.224,0.278,"1","1",0.125,0,"1","1","4","2"
"228","LR",0,"17",0.224,0.278,"1","1",0.125,0,"1","1","4","2"
"228","LR",0,"17",0.224,0.278,"1","1",0.125,0,"1","1","4","2"
"228","LR",0,"17",0.224,0.278,"1","1",0.125,0,"1","1","4","2"
"228","LR",0,"17",0.224,0.278,"1","1",0.125,0,"1","1","4","2"
"228","LR",0,"17",0.224,0.278,"1","1",0.125,0,"1","1","4","2"
"228","LR",0,"17",0.224,0.278,"1","1",0.125,0,"1","1","4","2"
"228","LR",0,"17",0.224,0.278,"1","1",0.125,0,"1","1","4","2"
"228","LR",0,"17",0.224,0.278,"1","1",0.125,0,"1","1","4","2"
"229","FB",0,"9",0.763,0.721,"5","2",0.875,0.75,"2","2","2","1"
"229","FB",1,"9",0.763,0.721,"5","2",0.875,0.75,"2","2","2","1"
"229","FB",1,"9",0.763,0.721,"5","2",0.875,0.75,"2","2","2","1"
"229","FB",1,"9",0.763,0.721,"5","2",0.875,0.75,"2","2","2","1"
"229","FB",1,"9",0.763,0.721,"5","2",0.875,0.75,"2","2","2","1"
"229","FB",1,"9",0.763,0.721,"5","2",0.875,0.75,"2","2","2","1"
"229","FB",1,"9",0.763,0.721,"5","2",0.875,0.75,"2","2","2","1"
"229","FB",1,"9",0.763,0.721,"5","2",0.875,0.75,"2","2","2","1"
"229","LR",0,"9",0.763,0.721,"5","2",0.875,0.75,"2","2","2","1"
"229","LR",0,"9",0.763,0.721,"5","2",0.875,0.75,"2","2","2","1"
"229","LR",1,"9",0.763,0.721,"5","2",0.875,0.75,"2","2","2","1"
"229","LR",1,"9",0.763,0.721,"5","2",0.875,0.75,"2","2","2","1"
"229","LR",1,"9",0.763,0.721,"5","2",0.875,0.75,"2","2","2","1"
"229","LR",1,"9",0.763,0.721,"5","2",0.875,0.75,"2","2","2","1"
"229","LR",1,"9",0.763,0.721,"5","2",0.875,0.75,"2","2","2","1"
"229","LR",1,"9",0.763,0.721,"5","2",0.875,0.75,"2","2","2","1"
"230","FB",0,"17",0.282,0.337,"3","1",0.125,0.5,"1","1","5","2"
"230","FB",0,"17",0.282,0.337,"3","1",0.125,0.5,"1","1","5","2"
"230","FB",0,"17",0.282,0.337,"3","1",0.125,0.5,"1","1","5","2"
"230","FB",0,"17",0.282,0.337,"3","1",0.125,0.5,"1","1","5","2"
"230","FB",0,"17",0.282,0.337,"3","1",0.125,0.5,"1","1","5","2"
"230","FB",0,"17",0.282,0.337,"3","1",0.125,0.5,"1","1","5","2"
"230","FB",0,"17",0.282,0.337,"3","1",0.125,0.5,"1","1","5","2"
"230","FB",1,"17",0.282,0.337,"3","1",0.125,0.5,"1","1","5","2"
"230","LR",0,"17",0.282,0.337,"3","1",0.125,0.5,"1","1","5","2"
"230","LR",0,"17",0.282,0.337,"3","1",0.125,0.5,"1","1","5","2"
"230","LR",0,"17",0.282,0.337,"3","1",0.125,0.5,"1","1","5","2"
"230","LR",0,"17",0.282,0.337,"3","1",0.125,0.5,"1","1","5","2"
"230","LR",1,"17",0.282,0.337,"3","1",0.125,0.5,"1","1","5","2"
"230","LR",1,"17",0.282,0.337,"3","1",0.125,0.5,"1","1","5","2"
"230","LR",1,"17",0.282,0.337,"3","1",0.125,0.5,"1","1","5","2"
"230","LR",1,"17",0.282,0.337,"3","1",0.125,0.5,"1","1","5","2"
"231","FB",1,"9",0.758,0.768,"5","2",1,1,"2","2","3","1"
"231","FB",1,"9",0.758,0.768,"5","2",1,1,"2","2","3","1"
"231","FB",1,"9",0.758,0.768,"5","2",1,1,"2","2","3","1"
"231","FB",1,"9",0.758,0.768,"5","2",1,1,"2","2","3","1"
"231","FB",1,"9",0.758,0.768,"5","2",1,1,"2","2","3","1"
"231","FB",1,"9",0.758,0.768,"5","2",1,1,"2","2","3","1"
"231","FB",1,"9",0.758,0.768,"5","2",1,1,"2","2","3","1"
"231","FB",1,"9",0.758,0.768,"5","2",1,1,"2","2","3","1"
"231","LR",1,"9",0.758,0.768,"5","2",1,1,"2","2","3","1"
"231","LR",1,"9",0.758,0.768,"5","2",1,1,"2","2","3","1"
"231","LR",1,"9",0.758,0.768,"5","2",1,1,"2","2","3","1"
"231","LR",1,"9",0.758,0.768,"5","2",1,1,"2","2","3","1"
"231","LR",1,"9",0.758,0.768,"5","2",1,1,"2","2","3","1"
"231","LR",1,"9",0.758,0.768,"5","2",1,1,"2","2","3","1"
"231","LR",1,"9",0.758,0.768,"5","2",1,1,"2","2","3","1"
"231","LR",1,"9",0.758,0.768,"5","2",1,1,"2","2","3","1"
"232","FB",0,"17",0.203,0.316,"3","1",0.125,0.375,"1","1","6","2"
"232","FB",0,"17",0.203,0.316,"3","1",0.125,0.375,"1","1","6","2"
"232","FB",0,"17",0.203,0.316,"3","1",0.125,0.375,"1","1","6","2"
"232","FB",0,"17",0.203,0.316,"3","1",0.125,0.375,"1","1","6","2"
"232","FB",0,"17",0.203,0.316,"3","1",0.125,0.375,"1","1","6","2"
"232","FB",0,"17",0.203,0.316,"3","1",0.125,0.375,"1","1","6","2"
"232","FB",0,"17",0.203,0.316,"3","1",0.125,0.375,"1","1","6","2"
"232","FB",1,"17",0.203,0.316,"3","1",0.125,0.375,"1","1","6","2"
"232","LR",0,"17",0.203,0.316,"3","1",0.125,0.375,"1","1","6","2"
"232","LR",0,"17",0.203,0.316,"3","1",0.125,0.375,"1","1","6","2"
"232","LR",0,"17",0.203,0.316,"3","1",0.125,0.375,"1","1","6","2"
"232","LR",0,"17",0.203,0.316,"3","1",0.125,0.375,"1","1","6","2"
"232","LR",0,"17",0.203,0.316,"3","1",0.125,0.375,"1","1","6","2"
"232","LR",1,"17",0.203,0.316,"3","1",0.125,0.375,"1","1","6","2"
"232","LR",1,"17",0.203,0.316,"3","1",0.125,0.375,"1","1","6","2"
"232","LR",1,"17",0.203,0.316,"3","1",0.125,0.375,"1","1","6","2"
"233","FB",0,"9",0.755,0.737,"2","2",0.625,0.5,"2","2","1","1"
"233","FB",0,"9",0.755,0.737,"2","2",0.625,0.5,"2","2","1","1"
"233","FB",0,"9",0.755,0.737,"2","2",0.625,0.5,"2","2","1","1"
"233","FB",1,"9",0.755,0.737,"2","2",0.625,0.5,"2","2","1","1"
"233","FB",1,"9",0.755,0.737,"2","2",0.625,0.5,"2","2","1","1"
"233","FB",1,"9",0.755,0.737,"2","2",0.625,0.5,"2","2","1","1"
"233","FB",1,"9",0.755,0.737,"2","2",0.625,0.5,"2","2","1","1"
"233","FB",1,"9",0.755,0.737,"2","2",0.625,0.5,"2","2","1","1"
"233","LR",0,"9",0.755,0.737,"2","2",0.625,0.5,"2","2","1","1"
"233","LR",0,"9",0.755,0.737,"2","2",0.625,0.5,"2","2","1","1"
"233","LR",0,"9",0.755,0.737,"2","2",0.625,0.5,"2","2","1","1"
"233","LR",0,"9",0.755,0.737,"2","2",0.625,0.5,"2","2","1","1"
"233","LR",1,"9",0.755,0.737,"2","2",0.625,0.5,"2","2","1","1"
"233","LR",1,"9",0.755,0.737,"2","2",0.625,0.5,"2","2","1","1"
"233","LR",1,"9",0.755,0.737,"2","2",0.625,0.5,"2","2","1","1"
"233","LR",1,"9",0.755,0.737,"2","2",0.625,0.5,"2","2","1","1"
"234","FB",0,"9",0.796,0.86,"2","2",0.625,0.625,"2","2","1","1"
"234","FB",0,"9",0.796,0.86,"2","2",0.625,0.625,"2","2","1","1"
"234","FB",0,"9",0.796,0.86,"2","2",0.625,0.625,"2","2","1","1"
"234","FB",1,"9",0.796,0.86,"2","2",0.625,0.625,"2","2","1","1"
"234","FB",1,"9",0.796,0.86,"2","2",0.625,0.625,"2","2","1","1"
"234","FB",1,"9",0.796,0.86,"2","2",0.625,0.625,"2","2","1","1"
"234","FB",1,"9",0.796,0.86,"2","2",0.625,0.625,"2","2","1","1"
"234","FB",1,"9",0.796,0.86,"2","2",0.625,0.625,"2","2","1","1"
"234","LR",0,"9",0.796,0.86,"2","2",0.625,0.625,"2","2","1","1"
"234","LR",0,"9",0.796,0.86,"2","2",0.625,0.625,"2","2","1","1"
"234","LR",0,"9",0.796,0.86,"2","2",0.625,0.625,"2","2","1","1"
"234","LR",1,"9",0.796,0.86,"2","2",0.625,0.625,"2","2","1","1"
"234","LR",1,"9",0.796,0.86,"2","2",0.625,0.625,"2","2","1","1"
"234","LR",1,"9",0.796,0.86,"2","2",0.625,0.625,"2","2","1","1"
"234","LR",1,"9",0.796,0.86,"2","2",0.625,0.625,"2","2","1","1"
"234","LR",1,"9",0.796,0.86,"2","2",0.625,0.625,"2","2","1","1"
"235","FB",0,"17",0.216,0.207,"1","1",0.25,0.125,"1","1","6","2"
"235","FB",0,"17",0.216,0.207,"1","1",0.25,0.125,"1","1","6","2"
"235","FB",0,"17",0.216,0.207,"1","1",0.25,0.125,"1","1","6","2"
"235","FB",0,"17",0.216,0.207,"1","1",0.25,0.125,"1","1","6","2"
"235","FB",0,"17",0.216,0.207,"1","1",0.25,0.125,"1","1","6","2"
"235","FB",0,"17",0.216,0.207,"1","1",0.25,0.125,"1","1","6","2"
"235","FB",1,"17",0.216,0.207,"1","1",0.25,0.125,"1","1","6","2"
"235","FB",1,"17",0.216,0.207,"1","1",0.25,0.125,"1","1","6","2"
"235","LR",0,"17",0.216,0.207,"1","1",0.25,0.125,"1","1","6","2"
"235","LR",0,"17",0.216,0.207,"1","1",0.25,0.125,"1","1","6","2"
"235","LR",0,"17",0.216,0.207,"1","1",0.25,0.125,"1","1","6","2"
"235","LR",0,"17",0.216,0.207,"1","1",0.25,0.125,"1","1","6","2"
"235","LR",0,"17",0.216,0.207,"1","1",0.25,0.125,"1","1","6","2"
"235","LR",0,"17",0.216,0.207,"1","1",0.25,0.125,"1","1","6","2"
"235","LR",0,"17",0.216,0.207,"1","1",0.25,0.125,"1","1","6","2"
"235","LR",1,"17",0.216,0.207,"1","1",0.25,0.125,"1","1","6","2"
"236","FB",0,"9",0.709,0.761,"5","2",0.75,0.75,"2","2","2","1"
"236","FB",0,"9",0.709,0.761,"5","2",0.75,0.75,"2","2","2","1"
"236","FB",1,"9",0.709,0.761,"5","2",0.75,0.75,"2","2","2","1"
"236","FB",1,"9",0.709,0.761,"5","2",0.75,0.75,"2","2","2","1"
"236","FB",1,"9",0.709,0.761,"5","2",0.75,0.75,"2","2","2","1"
"236","FB",1,"9",0.709,0.761,"5","2",0.75,0.75,"2","2","2","1"
"236","FB",1,"9",0.709,0.761,"5","2",0.75,0.75,"2","2","2","1"
"236","FB",1,"9",0.709,0.761,"5","2",0.75,0.75,"2","2","2","1"
"236","LR",0,"9",0.709,0.761,"5","2",0.75,0.75,"2","2","2","1"
"236","LR",0,"9",0.709,0.761,"5","2",0.75,0.75,"2","2","2","1"
"236","LR",1,"9",0.709,0.761,"5","2",0.75,0.75,"2","2","2","1"
"236","LR",1,"9",0.709,0.761,"5","2",0.75,0.75,"2","2","2","1"
"236","LR",1,"9",0.709,0.761,"5","2",0.75,0.75,"2","2","2","1"
"236","LR",1,"9",0.709,0.761,"5","2",0.75,0.75,"2","2","2","1"
"236","LR",1,"9",0.709,0.761,"5","2",0.75,0.75,"2","2","2","1"
"236","LR",1,"9",0.709,0.761,"5","2",0.75,0.75,"2","2","2","1"
"237","FB",0,"17",0.231,0.235,"1","1",0.125,0.125,"1","1","4","2"
"237","FB",0,"17",0.231,0.235,"1","1",0.125,0.125,"1","1","4","2"
"237","FB",0,"17",0.231,0.235,"1","1",0.125,0.125,"1","1","4","2"
"237","FB",0,"17",0.231,0.235,"1","1",0.125,0.125,"1","1","4","2"
"237","FB",0,"17",0.231,0.235,"1","1",0.125,0.125,"1","1","4","2"
"237","FB",0,"17",0.231,0.235,"1","1",0.125,0.125,"1","1","4","2"
"237","FB",0,"17",0.231,0.235,"1","1",0.125,0.125,"1","1","4","2"
"237","FB",1,"17",0.231,0.235,"1","1",0.125,0.125,"1","1","4","2"
"237","LR",0,"17",0.231,0.235,"1","1",0.125,0.125,"1","1","4","2"
"237","LR",0,"17",0.231,0.235,"1","1",0.125,0.125,"1","1","4","2"
"237","LR",0,"17",0.231,0.235,"1","1",0.125,0.125,"1","1","4","2"
"237","LR",0,"17",0.231,0.235,"1","1",0.125,0.125,"1","1","4","2"
"237","LR",0,"17",0.231,0.235,"1","1",0.125,0.125,"1","1","4","2"
"237","LR",0,"17",0.231,0.235,"1","1",0.125,0.125,"1","1","4","2"
"237","LR",0,"17",0.231,0.235,"1","1",0.125,0.125,"1","1","4","2"
"237","LR",1,"17",0.231,0.235,"1","1",0.125,0.125,"1","1","4","2"
"238","FB",0,"17",0.225,0.228,"3","1",0,0.625,"1","1","5","2"
"238","FB",0,"17",0.225,0.228,"3","1",0,0.625,"1","1","5","2"
"238","FB",0,"17",0.225,0.228,"3","1",0,0.625,"1","1","5","2"
"238","FB",0,"17",0.225,0.228,"3","1",0,0.625,"1","1","5","2"
"238","FB",0,"17",0.225,0.228,"3","1",0,0.625,"1","1","5","2"
"238","FB",0,"17",0.225,0.228,"3","1",0,0.625,"1","1","5","2"
"238","FB",0,"17",0.225,0.228,"3","1",0,0.625,"1","1","5","2"
"238","FB",0,"17",0.225,0.228,"3","1",0,0.625,"1","1","5","2"
"238","LR",0,"17",0.225,0.228,"3","1",0,0.625,"1","1","5","2"
"238","LR",0,"17",0.225,0.228,"3","1",0,0.625,"1","1","5","2"
"238","LR",0,"17",0.225,0.228,"3","1",0,0.625,"1","1","5","2"
"238","LR",1,"17",0.225,0.228,"3","1",0,0.625,"1","1","5","2"
"238","LR",1,"17",0.225,0.228,"3","1",0,0.625,"1","1","5","2"
"238","LR",1,"17",0.225,0.228,"3","1",0,0.625,"1","1","5","2"
"238","LR",1,"17",0.225,0.228,"3","1",0,0.625,"1","1","5","2"
"238","LR",1,"17",0.225,0.228,"3","1",0,0.625,"1","1","5","2"
"239","FB",0,"9",0.749,0.749,"5","2",0.875,0.75,"2","2","2","1"
"239","FB",1,"9",0.749,0.749,"5","2",0.875,0.75,"2","2","2","1"
"239","FB",1,"9",0.749,0.749,"5","2",0.875,0.75,"2","2","2","1"
"239","FB",1,"9",0.749,0.749,"5","2",0.875,0.75,"2","2","2","1"
"239","FB",1,"9",0.749,0.749,"5","2",0.875,0.75,"2","2","2","1"
"239","FB",1,"9",0.749,0.749,"5","2",0.875,0.75,"2","2","2","1"
"239","FB",1,"9",0.749,0.749,"5","2",0.875,0.75,"2","2","2","1"
"239","FB",1,"9",0.749,0.749,"5","2",0.875,0.75,"2","2","2","1"
"239","LR",0,"9",0.749,0.749,"5","2",0.875,0.75,"2","2","2","1"
"239","LR",0,"9",0.749,0.749,"5","2",0.875,0.75,"2","2","2","1"
"239","LR",1,"9",0.749,0.749,"5","2",0.875,0.75,"2","2","2","1"
"239","LR",1,"9",0.749,0.749,"5","2",0.875,0.75,"2","2","2","1"
"239","LR",1,"9",0.749,0.749,"5","2",0.875,0.75,"2","2","2","1"
"239","LR",1,"9",0.749,0.749,"5","2",0.875,0.75,"2","2","2","1"
"239","LR",1,"9",0.749,0.749,"5","2",0.875,0.75,"2","2","2","1"
"239","LR",1,"9",0.749,0.749,"5","2",0.875,0.75,"2","2","2","1"
"240","FB",0,"9",0.782,0.712,"5","2",0.875,0.625,"2","2","2","1"
"240","FB",1,"9",0.782,0.712,"5","2",0.875,0.625,"2","2","2","1"
"240","FB",1,"9",0.782,0.712,"5","2",0.875,0.625,"2","2","2","1"
"240","FB",1,"9",0.782,0.712,"5","2",0.875,0.625,"2","2","2","1"
"240","FB",1,"9",0.782,0.712,"5","2",0.875,0.625,"2","2","2","1"
"240","FB",1,"9",0.782,0.712,"5","2",0.875,0.625,"2","2","2","1"
"240","FB",1,"9",0.782,0.712,"5","2",0.875,0.625,"2","2","2","1"
"240","FB",1,"9",0.782,0.712,"5","2",0.875,0.625,"2","2","2","1"
"240","LR",0,"9",0.782,0.712,"5","2",0.875,0.625,"2","2","2","1"
"240","LR",0,"9",0.782,0.712,"5","2",0.875,0.625,"2","2","2","1"
"240","LR",0,"9",0.782,0.712,"5","2",0.875,0.625,"2","2","2","1"
"240","LR",1,"9",0.782,0.712,"5","2",0.875,0.625,"2","2","2","1"
"240","LR",1,"9",0.782,0.712,"5","2",0.875,0.625,"2","2","2","1"
"240","LR",1,"9",0.782,0.712,"5","2",0.875,0.625,"2","2","2","1"
"240","LR",1,"9",0.782,0.712,"5","2",0.875,0.625,"2","2","2","1"
"240","LR",1,"9",0.782,0.712,"5","2",0.875,0.625,"2","2","2","1"
"241","FB",0,"17",0.285,0.246,"3","1",0.25,0.5,"1","1","5","2"
"241","FB",0,"17",0.285,0.246,"3","1",0.25,0.5,"1","1","5","2"
"241","FB",0,"17",0.285,0.246,"3","1",0.25,0.5,"1","1","5","2"
"241","FB",0,"17",0.285,0.246,"3","1",0.25,0.5,"1","1","5","2"
"241","FB",0,"17",0.285,0.246,"3","1",0.25,0.5,"1","1","5","2"
"241","FB",0,"17",0.285,0.246,"3","1",0.25,0.5,"1","1","5","2"
"241","FB",1,"17",0.285,0.246,"3","1",0.25,0.5,"1","1","5","2"
"241","FB",1,"17",0.285,0.246,"3","1",0.25,0.5,"1","1","5","2"
"241","LR",0,"17",0.285,0.246,"3","1",0.25,0.5,"1","1","5","2"
"241","LR",0,"17",0.285,0.246,"3","1",0.25,0.5,"1","1","5","2"
"241","LR",0,"17",0.285,0.246,"3","1",0.25,0.5,"1","1","5","2"
"241","LR",0,"17",0.285,0.246,"3","1",0.25,0.5,"1","1","5","2"
"241","LR",1,"17",0.285,0.246,"3","1",0.25,0.5,"1","1","5","2"
"241","LR",1,"17",0.285,0.246,"3","1",0.25,0.5,"1","1","5","2"
"241","LR",1,"17",0.285,0.246,"3","1",0.25,0.5,"1","1","5","2"
"241","LR",1,"17",0.285,0.246,"3","1",0.25,0.5,"1","1","5","2"
"242","FB",1,"9",0.756,0.7,"5","2",1,0.5,"2","2","2","1"
"242","FB",1,"9",0.756,0.7,"5","2",1,0.5,"2","2","2","1"
"242","FB",1,"9",0.756,0.7,"5","2",1,0.5,"2","2","2","1"
"242","FB",1,"9",0.756,0.7,"5","2",1,0.5,"2","2","2","1"
"242","FB",1,"9",0.756,0.7,"5","2",1,0.5,"2","2","2","1"
"242","FB",1,"9",0.756,0.7,"5","2",1,0.5,"2","2","2","1"
"242","FB",1,"9",0.756,0.7,"5","2",1,0.5,"2","2","2","1"
"242","FB",1,"9",0.756,0.7,"5","2",1,0.5,"2","2","2","1"
"242","LR",0,"9",0.756,0.7,"5","2",1,0.5,"2","2","2","1"
"242","LR",0,"9",0.756,0.7,"5","2",1,0.5,"2","2","2","1"
"242","LR",0,"9",0.756,0.7,"5","2",1,0.5,"2","2","2","1"
"242","LR",0,"9",0.756,0.7,"5","2",1,0.5,"2","2","2","1"
"242","LR",1,"9",0.756,0.7,"5","2",1,0.5,"2","2","2","1"
"242","LR",1,"9",0.756,0.7,"5","2",1,0.5,"2","2","2","1"
"242","LR",1,"9",0.756,0.7,"5","2",1,0.5,"2","2","2","1"
"242","LR",1,"9",0.756,0.7,"5","2",1,0.5,"2","2","2","1"
"243","FB",0,"17",0.264,0.27,"4","1",0.5,0,"1","1","6","2"
"243","FB",0,"17",0.264,0.27,"4","1",0.5,0,"1","1","6","2"
"243","FB",0,"17",0.264,0.27,"4","1",0.5,0,"1","1","6","2"
"243","FB",0,"17",0.264,0.27,"4","1",0.5,0,"1","1","6","2"
"243","FB",1,"17",0.264,0.27,"4","1",0.5,0,"1","1","6","2"
"243","FB",1,"17",0.264,0.27,"4","1",0.5,0,"1","1","6","2"
"243","FB",1,"17",0.264,0.27,"4","1",0.5,0,"1","1","6","2"
"243","FB",1,"17",0.264,0.27,"4","1",0.5,0,"1","1","6","2"
"243","LR",0,"17",0.264,0.27,"4","1",0.5,0,"1","1","6","2"
"243","LR",0,"17",0.264,0.27,"4","1",0.5,0,"1","1","6","2"
"243","LR",0,"17",0.264,0.27,"4","1",0.5,0,"1","1","6","2"
"243","LR",0,"17",0.264,0.27,"4","1",0.5,0,"1","1","6","2"
"243","LR",0,"17",0.264,0.27,"4","1",0.5,0,"1","1","6","2"
"243","LR",0,"17",0.264,0.27,"4","1",0.5,0,"1","1","6","2"
"243","LR",0,"17",0.264,0.27,"4","1",0.5,0,"1","1","6","2"
"243","LR",0,"17",0.264,0.27,"4","1",0.5,0,"1","1","6","2"
"244","FB",0,"9",0.752,0.716,"5","2",0.75,0.75,"2","2","2","1"
"244","FB",0,"9",0.752,0.716,"5","2",0.75,0.75,"2","2","2","1"
"244","FB",1,"9",0.752,0.716,"5","2",0.75,0.75,"2","2","2","1"
"244","FB",1,"9",0.752,0.716,"5","2",0.75,0.75,"2","2","2","1"
"244","FB",1,"9",0.752,0.716,"5","2",0.75,0.75,"2","2","2","1"
"244","FB",1,"9",0.752,0.716,"5","2",0.75,0.75,"2","2","2","1"
"244","FB",1,"9",0.752,0.716,"5","2",0.75,0.75,"2","2","2","1"
"244","FB",1,"9",0.752,0.716,"5","2",0.75,0.75,"2","2","2","1"
"244","LR",0,"9",0.752,0.716,"5","2",0.75,0.75,"2","2","2","1"
"244","LR",0,"9",0.752,0.716,"5","2",0.75,0.75,"2","2","2","1"
"244","LR",1,"9",0.752,0.716,"5","2",0.75,0.75,"2","2","2","1"
"244","LR",1,"9",0.752,0.716,"5","2",0.75,0.75,"2","2","2","1"
"244","LR",1,"9",0.752,0.716,"5","2",0.75,0.75,"2","2","2","1"
"244","LR",1,"9",0.752,0.716,"5","2",0.75,0.75,"2","2","2","1"
"244","LR",1,"9",0.752,0.716,"5","2",0.75,0.75,"2","2","2","1"
"244","LR",1,"9",0.752,0.716,"5","2",0.75,0.75,"2","2","2","1"
"245","FB",0,"17",0.306,0.239,"1","1",0,0,"1","1","4","2"
"245","FB",0,"17",0.306,0.239,"1","1",0,0,"1","1","4","2"
"245","FB",0,"17",0.306,0.239,"1","1",0,0,"1","1","4","2"
"245","FB",0,"17",0.306,0.239,"1","1",0,0,"1","1","4","2"
"245","FB",0,"17",0.306,0.239,"1","1",0,0,"1","1","4","2"
"245","FB",0,"17",0.306,0.239,"1","1",0,0,"1","1","4","2"
"245","FB",0,"17",0.306,0.239,"1","1",0,0,"1","1","4","2"
"245","FB",0,"17",0.306,0.239,"1","1",0,0,"1","1","4","2"
"245","LR",0,"17",0.306,0.239,"1","1",0,0,"1","1","4","2"
"245","LR",0,"17",0.306,0.239,"1","1",0,0,"1","1","4","2"
"245","LR",0,"17",0.306,0.239,"1","1",0,0,"1","1","4","2"
"245","LR",0,"17",0.306,0.239,"1","1",0,0,"1","1","4","2"
"245","LR",0,"17",0.306,0.239,"1","1",0,0,"1","1","4","2"
"245","LR",0,"17",0.306,0.239,"1","1",0,0,"1","1","4","2"
"245","LR",0,"17",0.306,0.239,"1","1",0,0,"1","1","4","2"
"245","LR",0,"17",0.306,0.239,"1","1",0,0,"1","1","4","2"
"246","FB",0,"17",0.176,0.257,"1","1",0.25,0,"1","1","4","2"
"246","FB",0,"17",0.176,0.257,"1","1",0.25,0,"1","1","4","2"
"246","FB",0,"17",0.176,0.257,"1","1",0.25,0,"1","1","4","2"
"246","FB",0,"17",0.176,0.257,"1","1",0.25,0,"1","1","4","2"
"246","FB",0,"17",0.176,0.257,"1","1",0.25,0,"1","1","4","2"
"246","FB",0,"17",0.176,0.257,"1","1",0.25,0,"1","1","4","2"
"246","FB",1,"17",0.176,0.257,"1","1",0.25,0,"1","1","4","2"
"246","FB",1,"17",0.176,0.257,"1","1",0.25,0,"1","1","4","2"
"246","LR",0,"17",0.176,0.257,"1","1",0.25,0,"1","1","4","2"
"246","LR",0,"17",0.176,0.257,"1","1",0.25,0,"1","1","4","2"
"246","LR",0,"17",0.176,0.257,"1","1",0.25,0,"1","1","4","2"
"246","LR",0,"17",0.176,0.257,"1","1",0.25,0,"1","1","4","2"
"246","LR",0,"17",0.176,0.257,"1","1",0.25,0,"1","1","4","2"
"246","LR",0,"17",0.176,0.257,"1","1",0.25,0,"1","1","4","2"
"246","LR",0,"17",0.176,0.257,"1","1",0.25,0,"1","1","4","2"
"246","LR",0,"17",0.176,0.257,"1","1",0.25,0,"1","1","4","2"
"247","FB",0,"9",0.775,0.791,"2","2",0.5,0.875,"2","2","1","1"
"247","FB",0,"9",0.775,0.791,"2","2",0.5,0.875,"2","2","1","1"
"247","FB",0,"9",0.775,0.791,"2","2",0.5,0.875,"2","2","1","1"
"247","FB",0,"9",0.775,0.791,"2","2",0.5,0.875,"2","2","1","1"
"247","FB",1,"9",0.775,0.791,"2","2",0.5,0.875,"2","2","1","1"
"247","FB",1,"9",0.775,0.791,"2","2",0.5,0.875,"2","2","1","1"
"247","FB",1,"9",0.775,0.791,"2","2",0.5,0.875,"2","2","1","1"
"247","FB",1,"9",0.775,0.791,"2","2",0.5,0.875,"2","2","1","1"
"247","LR",0,"9",0.775,0.791,"2","2",0.5,0.875,"2","2","1","1"
"247","LR",1,"9",0.775,0.791,"2","2",0.5,0.875,"2","2","1","1"
"247","LR",1,"9",0.775,0.791,"2","2",0.5,0.875,"2","2","1","1"
"247","LR",1,"9",0.775,0.791,"2","2",0.5,0.875,"2","2","1","1"
"247","LR",1,"9",0.775,0.791,"2","2",0.5,0.875,"2","2","1","1"
"247","LR",1,"9",0.775,0.791,"2","2",0.5,0.875,"2","2","1","1"
"247","LR",1,"9",0.775,0.791,"2","2",0.5,0.875,"2","2","1","1"
"247","LR",1,"9",0.775,0.791,"2","2",0.5,0.875,"2","2","1","1"
"248","FB",0,"17",0.184,0.233,"4","1",0.375,0.375,"1","1","5","2"
"248","FB",0,"17",0.184,0.233,"4","1",0.375,0.375,"1","1","5","2"
"248","FB",0,"17",0.184,0.233,"4","1",0.375,0.375,"1","1","5","2"
"248","FB",0,"17",0.184,0.233,"4","1",0.375,0.375,"1","1","5","2"
"248","FB",0,"17",0.184,0.233,"4","1",0.375,0.375,"1","1","5","2"
"248","FB",1,"17",0.184,0.233,"4","1",0.375,0.375,"1","1","5","2"
"248","FB",1,"17",0.184,0.233,"4","1",0.375,0.375,"1","1","5","2"
"248","FB",1,"17",0.184,0.233,"4","1",0.375,0.375,"1","1","5","2"
"248","LR",0,"17",0.184,0.233,"4","1",0.375,0.375,"1","1","5","2"
"248","LR",0,"17",0.184,0.233,"4","1",0.375,0.375,"1","1","5","2"
"248","LR",0,"17",0.184,0.233,"4","1",0.375,0.375,"1","1","5","2"
"248","LR",0,"17",0.184,0.233,"4","1",0.375,0.375,"1","1","5","2"
"248","LR",0,"17",0.184,0.233,"4","1",0.375,0.375,"1","1","5","2"
"248","LR",1,"17",0.184,0.233,"4","1",0.375,0.375,"1","1","5","2"
"248","LR",1,"17",0.184,0.233,"4","1",0.375,0.375,"1","1","5","2"
"248","LR",1,"17",0.184,0.233,"4","1",0.375,0.375,"1","1","5","2"
"249","FB",0,"9",0.712,0.702,"2","2",0.625,0.875,"2","2","2","1"
"249","FB",0,"9",0.712,0.702,"2","2",0.625,0.875,"2","2","2","1"
"249","FB",0,"9",0.712,0.702,"2","2",0.625,0.875,"2","2","2","1"
"249","FB",1,"9",0.712,0.702,"2","2",0.625,0.875,"2","2","2","1"
"249","FB",1,"9",0.712,0.702,"2","2",0.625,0.875,"2","2","2","1"
"249","FB",1,"9",0.712,0.702,"2","2",0.625,0.875,"2","2","2","1"
"249","FB",1,"9",0.712,0.702,"2","2",0.625,0.875,"2","2","2","1"
"249","FB",1,"9",0.712,0.702,"2","2",0.625,0.875,"2","2","2","1"
"249","LR",0,"9",0.712,0.702,"2","2",0.625,0.875,"2","2","2","1"
"249","LR",1,"9",0.712,0.702,"2","2",0.625,0.875,"2","2","2","1"
"249","LR",1,"9",0.712,0.702,"2","2",0.625,0.875,"2","2","2","1"
"249","LR",1,"9",0.712,0.702,"2","2",0.625,0.875,"2","2","2","1"
"249","LR",1,"9",0.712,0.702,"2","2",0.625,0.875,"2","2","2","1"
"249","LR",1,"9",0.712,0.702,"2","2",0.625,0.875,"2","2","2","1"
"249","LR",1,"9",0.712,0.702,"2","2",0.625,0.875,"2","2","2","1"
"249","LR",1,"9",0.712,0.702,"2","2",0.625,0.875,"2","2","2","1"
"250","FB",0,"9",0.707,0.734,"5","2",0.75,0.75,"2","2","2","1"
"250","FB",0,"9",0.707,0.734,"5","2",0.75,0.75,"2","2","2","1"
"250","FB",1,"9",0.707,0.734,"5","2",0.75,0.75,"2","2","2","1"
"250","FB",1,"9",0.707,0.734,"5","2",0.75,0.75,"2","2","2","1"
"250","FB",1,"9",0.707,0.734,"5","2",0.75,0.75,"2","2","2","1"
"250","FB",1,"9",0.707,0.734,"5","2",0.75,0.75,"2","2","2","1"
"250","FB",1,"9",0.707,0.734,"5","2",0.75,0.75,"2","2","2","1"
"250","FB",1,"9",0.707,0.734,"5","2",0.75,0.75,"2","2","2","1"
"250","LR",0,"9",0.707,0.734,"5","2",0.75,0.75,"2","2","2","1"
"250","LR",0,"9",0.707,0.734,"5","2",0.75,0.75,"2","2","2","1"
"250","LR",1,"9",0.707,0.734,"5","2",0.75,0.75,"2","2","2","1"
"250","LR",1,"9",0.707,0.734,"5","2",0.75,0.75,"2","2","2","1"
"250","LR",1,"9",0.707,0.734,"5","2",0.75,0.75,"2","2","2","1"
"250","LR",1,"9",0.707,0.734,"5","2",0.75,0.75,"2","2","2","1"
"250","LR",1,"9",0.707,0.734,"5","2",0.75,0.75,"2","2","2","1"
"250","LR",1,"9",0.707,0.734,"5","2",0.75,0.75,"2","2","2","1"
"251","FB",0,"17",0.249,0.258,"1","1",0.125,0.125,"1","1","4","2"
"251","FB",0,"17",0.249,0.258,"1","1",0.125,0.125,"1","1","4","2"
"251","FB",0,"17",0.249,0.258,"1","1",0.125,0.125,"1","1","4","2"
"251","FB",0,"17",0.249,0.258,"1","1",0.125,0.125,"1","1","4","2"
"251","FB",0,"17",0.249,0.258,"1","1",0.125,0.125,"1","1","4","2"
"251","FB",0,"17",0.249,0.258,"1","1",0.125,0.125,"1","1","4","2"
"251","FB",0,"17",0.249,0.258,"1","1",0.125,0.125,"1","1","4","2"
"251","FB",1,"17",0.249,0.258,"1","1",0.125,0.125,"1","1","4","2"
"251","LR",0,"17",0.249,0.258,"1","1",0.125,0.125,"1","1","4","2"
"251","LR",0,"17",0.249,0.258,"1","1",0.125,0.125,"1","1","4","2"
"251","LR",0,"17",0.249,0.258,"1","1",0.125,0.125,"1","1","4","2"
"251","LR",0,"17",0.249,0.258,"1","1",0.125,0.125,"1","1","4","2"
"251","LR",0,"17",0.249,0.258,"1","1",0.125,0.125,"1","1","4","2"
"251","LR",0,"17",0.249,0.258,"1","1",0.125,0.125,"1","1","4","2"
"251","LR",0,"17",0.249,0.258,"1","1",0.125,0.125,"1","1","4","2"
"251","LR",1,"17",0.249,0.258,"1","1",0.125,0.125,"1","1","4","2"
"252","FB",0,"17",0.264,0.352,"3","1",0.125,0.375,"1","1","6","2"
"252","FB",0,"17",0.264,0.352,"3","1",0.125,0.375,"1","1","6","2"
"252","FB",0,"17",0.264,0.352,"3","1",0.125,0.375,"1","1","6","2"
"252","FB",0,"17",0.264,0.352,"3","1",0.125,0.375,"1","1","6","2"
"252","FB",0,"17",0.264,0.352,"3","1",0.125,0.375,"1","1","6","2"
"252","FB",0,"17",0.264,0.352,"3","1",0.125,0.375,"1","1","6","2"
"252","FB",0,"17",0.264,0.352,"3","1",0.125,0.375,"1","1","6","2"
"252","FB",1,"17",0.264,0.352,"3","1",0.125,0.375,"1","1","6","2"
"252","LR",0,"17",0.264,0.352,"3","1",0.125,0.375,"1","1","6","2"
"252","LR",0,"17",0.264,0.352,"3","1",0.125,0.375,"1","1","6","2"
"252","LR",0,"17",0.264,0.352,"3","1",0.125,0.375,"1","1","6","2"
"252","LR",0,"17",0.264,0.352,"3","1",0.125,0.375,"1","1","6","2"
"252","LR",0,"17",0.264,0.352,"3","1",0.125,0.375,"1","1","6","2"
"252","LR",1,"17",0.264,0.352,"3","1",0.125,0.375,"1","1","6","2"
"252","LR",1,"17",0.264,0.352,"3","1",0.125,0.375,"1","1","6","2"
"252","LR",1,"17",0.264,0.352,"3","1",0.125,0.375,"1","1","6","2"
"253","FB",0,"9",0.692,0.68,"5","2",0.875,0.625,"2","2","2","1"
"253","FB",1,"9",0.692,0.68,"5","2",0.875,0.625,"2","2","2","1"
"253","FB",1,"9",0.692,0.68,"5","2",0.875,0.625,"2","2","2","1"
"253","FB",1,"9",0.692,0.68,"5","2",0.875,0.625,"2","2","2","1"
"253","FB",1,"9",0.692,0.68,"5","2",0.875,0.625,"2","2","2","1"
"253","FB",1,"9",0.692,0.68,"5","2",0.875,0.625,"2","2","2","1"
"253","FB",1,"9",0.692,0.68,"5","2",0.875,0.625,"2","2","2","1"
"253","FB",1,"9",0.692,0.68,"5","2",0.875,0.625,"2","2","2","1"
"253","LR",0,"9",0.692,0.68,"5","2",0.875,0.625,"2","2","2","1"
"253","LR",0,"9",0.692,0.68,"5","2",0.875,0.625,"2","2","2","1"
"253","LR",0,"9",0.692,0.68,"5","2",0.875,0.625,"2","2","2","1"
"253","LR",1,"9",0.692,0.68,"5","2",0.875,0.625,"2","2","2","1"
"253","LR",1,"9",0.692,0.68,"5","2",0.875,0.625,"2","2","2","1"
"253","LR",1,"9",0.692,0.68,"5","2",0.875,0.625,"2","2","2","1"
"253","LR",1,"9",0.692,0.68,"5","2",0.875,0.625,"2","2","2","1"
"253","LR",1,"9",0.692,0.68,"5","2",0.875,0.625,"2","2","2","1"
"254","FB",0,"17",0.409,0.263,"4","1",0.5,0.125,"1","1","5","2"
"254","FB",0,"17",0.409,0.263,"4","1",0.5,0.125,"1","1","5","2"
"254","FB",0,"17",0.409,0.263,"4","1",0.5,0.125,"1","1","5","2"
"254","FB",0,"17",0.409,0.263,"4","1",0.5,0.125,"1","1","5","2"
"254","FB",1,"17",0.409,0.263,"4","1",0.5,0.125,"1","1","5","2"
"254","FB",1,"17",0.409,0.263,"4","1",0.5,0.125,"1","1","5","2"
"254","FB",1,"17",0.409,0.263,"4","1",0.5,0.125,"1","1","5","2"
"254","FB",1,"17",0.409,0.263,"4","1",0.5,0.125,"1","1","5","2"
"254","LR",0,"17",0.409,0.263,"4","1",0.5,0.125,"1","1","5","2"
"254","LR",0,"17",0.409,0.263,"4","1",0.5,0.125,"1","1","5","2"
"254","LR",0,"17",0.409,0.263,"4","1",0.5,0.125,"1","1","5","2"
"254","LR",0,"17",0.409,0.263,"4","1",0.5,0.125,"1","1","5","2"
"254","LR",0,"17",0.409,0.263,"4","1",0.5,0.125,"1","1","5","2"
"254","LR",0,"17",0.409,0.263,"4","1",0.5,0.125,"1","1","5","2"
"254","LR",0,"17",0.409,0.263,"4","1",0.5,0.125,"1","1","5","2"
"254","LR",1,"17",0.409,0.263,"4","1",0.5,0.125,"1","1","5","2"
"255","FB",0,"17",0.241,0.278,"3","1",0.125,0.375,"1","1","6","2"
"255","FB",0,"17",0.241,0.278,"3","1",0.125,0.375,"1","1","6","2"
"255","FB",0,"17",0.241,0.278,"3","1",0.125,0.375,"1","1","6","2"
"255","FB",0,"17",0.241,0.278,"3","1",0.125,0.375,"1","1","6","2"
"255","FB",0,"17",0.241,0.278,"3","1",0.125,0.375,"1","1","6","2"
"255","FB",0,"17",0.241,0.278,"3","1",0.125,0.375,"1","1","6","2"
"255","FB",0,"17",0.241,0.278,"3","1",0.125,0.375,"1","1","6","2"
"255","FB",1,"17",0.241,0.278,"3","1",0.125,0.375,"1","1","6","2"
"255","LR",0,"17",0.241,0.278,"3","1",0.125,0.375,"1","1","6","2"
"255","LR",0,"17",0.241,0.278,"3","1",0.125,0.375,"1","1","6","2"
"255","LR",0,"17",0.241,0.278,"3","1",0.125,0.375,"1","1","6","2"
"255","LR",0,"17",0.241,0.278,"3","1",0.125,0.375,"1","1","6","2"
"255","LR",0,"17",0.241,0.278,"3","1",0.125,0.375,"1","1","6","2"
"255","LR",1,"17",0.241,0.278,"3","1",0.125,0.375,"1","1","6","2"
"255","LR",1,"17",0.241,0.278,"3","1",0.125,0.375,"1","1","6","2"
"255","LR",1,"17",0.241,0.278,"3","1",0.125,0.375,"1","1","6","2"
"256","FB",0,"17",0.241,0.177,"3","1",0.125,0.25,"1","1","6","2"
"256","FB",0,"17",0.241,0.177,"3","1",0.125,0.25,"1","1","6","2"
"256","FB",0,"17",0.241,0.177,"3","1",0.125,0.25,"1","1","6","2"
"256","FB",0,"17",0.241,0.177,"3","1",0.125,0.25,"1","1","6","2"
"256","FB",0,"17",0.241,0.177,"3","1",0.125,0.25,"1","1","6","2"
"256","FB",0,"17",0.241,0.177,"3","1",0.125,0.25,"1","1","6","2"
"256","FB",0,"17",0.241,0.177,"3","1",0.125,0.25,"1","1","6","2"
"256","FB",1,"17",0.241,0.177,"3","1",0.125,0.25,"1","1","6","2"
"256","LR",0,"17",0.241,0.177,"3","1",0.125,0.25,"1","1","6","2"
"256","LR",0,"17",0.241,0.177,"3","1",0.125,0.25,"1","1","6","2"
"256","LR",0,"17",0.241,0.177,"3","1",0.125,0.25,"1","1","6","2"
"256","LR",0,"17",0.241,0.177,"3","1",0.125,0.25,"1","1","6","2"
"256","LR",0,"17",0.241,0.177,"3","1",0.125,0.25,"1","1","6","2"
"256","LR",0,"17",0.241,0.177,"3","1",0.125,0.25,"1","1","6","2"
"256","LR",1,"17",0.241,0.177,"3","1",0.125,0.25,"1","1","6","2"
"256","LR",1,"17",0.241,0.177,"3","1",0.125,0.25,"1","1","6","2"
"257","FB",0,"9",0.697,0.745,"2","2",0.5,0.5,"2","2","1","1"
"257","FB",0,"9",0.697,0.745,"2","2",0.5,0.5,"2","2","1","1"
"257","FB",0,"9",0.697,0.745,"2","2",0.5,0.5,"2","2","1","1"
"257","FB",0,"9",0.697,0.745,"2","2",0.5,0.5,"2","2","1","1"
"257","FB",1,"9",0.697,0.745,"2","2",0.5,0.5,"2","2","1","1"
"257","FB",1,"9",0.697,0.745,"2","2",0.5,0.5,"2","2","1","1"
"257","FB",1,"9",0.697,0.745,"2","2",0.5,0.5,"2","2","1","1"
"257","FB",1,"9",0.697,0.745,"2","2",0.5,0.5,"2","2","1","1"
"257","LR",0,"9",0.697,0.745,"2","2",0.5,0.5,"2","2","1","1"
"257","LR",0,"9",0.697,0.745,"2","2",0.5,0.5,"2","2","1","1"
"257","LR",0,"9",0.697,0.745,"2","2",0.5,0.5,"2","2","1","1"
"257","LR",0,"9",0.697,0.745,"2","2",0.5,0.5,"2","2","1","1"
"257","LR",1,"9",0.697,0.745,"2","2",0.5,0.5,"2","2","1","1"
"257","LR",1,"9",0.697,0.745,"2","2",0.5,0.5,"2","2","1","1"
"257","LR",1,"9",0.697,0.745,"2","2",0.5,0.5,"2","2","1","1"
"257","LR",1,"9",0.697,0.745,"2","2",0.5,0.5,"2","2","1","1"
"258","FB",0,"17",0.231,0.263,"1","1",0.125,0.125,"1","1","4","2"
"258","FB",0,"17",0.231,0.263,"1","1",0.125,0.125,"1","1","4","2"
"258","FB",0,"17",0.231,0.263,"1","1",0.125,0.125,"1","1","4","2"
"258","FB",0,"17",0.231,0.263,"1","1",0.125,0.125,"1","1","4","2"
"258","FB",0,"17",0.231,0.263,"1","1",0.125,0.125,"1","1","4","2"
"258","FB",0,"17",0.231,0.263,"1","1",0.125,0.125,"1","1","4","2"
"258","FB",0,"17",0.231,0.263,"1","1",0.125,0.125,"1","1","4","2"
"258","FB",1,"17",0.231,0.263,"1","1",0.125,0.125,"1","1","4","2"
"258","LR",0,"17",0.231,0.263,"1","1",0.125,0.125,"1","1","4","2"
"258","LR",0,"17",0.231,0.263,"1","1",0.125,0.125,"1","1","4","2"
"258","LR",0,"17",0.231,0.263,"1","1",0.125,0.125,"1","1","4","2"
"258","LR",0,"17",0.231,0.263,"1","1",0.125,0.125,"1","1","4","2"
"258","LR",0,"17",0.231,0.263,"1","1",0.125,0.125,"1","1","4","2"
"258","LR",0,"17",0.231,0.263,"1","1",0.125,0.125,"1","1","4","2"
"258","LR",0,"17",0.231,0.263,"1","1",0.125,0.125,"1","1","4","2"
"258","LR",1,"17",0.231,0.263,"1","1",0.125,0.125,"1","1","4","2"
"259","FB",0,"17",0.235,0.301,"3","1",0.125,0.375,"1","1","6","2"
"259","FB",0,"17",0.235,0.301,"3","1",0.125,0.375,"1","1","6","2"
"259","FB",0,"17",0.235,0.301,"3","1",0.125,0.375,"1","1","6","2"
"259","FB",0,"17",0.235,0.301,"3","1",0.125,0.375,"1","1","6","2"
"259","FB",0,"17",0.235,0.301,"3","1",0.125,0.375,"1","1","6","2"
"259","FB",0,"17",0.235,0.301,"3","1",0.125,0.375,"1","1","6","2"
"259","FB",0,"17",0.235,0.301,"3","1",0.125,0.375,"1","1","6","2"
"259","FB",1,"17",0.235,0.301,"3","1",0.125,0.375,"1","1","6","2"
"259","LR",0,"17",0.235,0.301,"3","1",0.125,0.375,"1","1","6","2"
"259","LR",0,"17",0.235,0.301,"3","1",0.125,0.375,"1","1","6","2"
"259","LR",0,"17",0.235,0.301,"3","1",0.125,0.375,"1","1","6","2"
"259","LR",0,"17",0.235,0.301,"3","1",0.125,0.375,"1","1","6","2"
"259","LR",0,"17",0.235,0.301,"3","1",0.125,0.375,"1","1","6","2"
"259","LR",1,"17",0.235,0.301,"3","1",0.125,0.375,"1","1","6","2"
"259","LR",1,"17",0.235,0.301,"3","1",0.125,0.375,"1","1","6","2"
"259","LR",1,"17",0.235,0.301,"3","1",0.125,0.375,"1","1","6","2"
"260","FB",0,"17",0.275,0.235,"1","1",0.25,0.125,"1","1","6","2"
"260","FB",0,"17",0.275,0.235,"1","1",0.25,0.125,"1","1","6","2"
"260","FB",0,"17",0.275,0.235,"1","1",0.25,0.125,"1","1","6","2"
"260","FB",0,"17",0.275,0.235,"1","1",0.25,0.125,"1","1","6","2"
"260","FB",0,"17",0.275,0.235,"1","1",0.25,0.125,"1","1","6","2"
"260","FB",0,"17",0.275,0.235,"1","1",0.25,0.125,"1","1","6","2"
"260","FB",1,"17",0.275,0.235,"1","1",0.25,0.125,"1","1","6","2"
"260","FB",1,"17",0.275,0.235,"1","1",0.25,0.125,"1","1","6","2"
"260","LR",0,"17",0.275,0.235,"1","1",0.25,0.125,"1","1","6","2"
"260","LR",0,"17",0.275,0.235,"1","1",0.25,0.125,"1","1","6","2"
"260","LR",0,"17",0.275,0.235,"1","1",0.25,0.125,"1","1","6","2"
"260","LR",0,"17",0.275,0.235,"1","1",0.25,0.125,"1","1","6","2"
"260","LR",0,"17",0.275,0.235,"1","1",0.25,0.125,"1","1","6","2"
"260","LR",0,"17",0.275,0.235,"1","1",0.25,0.125,"1","1","6","2"
"260","LR",0,"17",0.275,0.235,"1","1",0.25,0.125,"1","1","6","2"
"260","LR",1,"17",0.275,0.235,"1","1",0.25,0.125,"1","1","6","2"
"261","FB",0,"17",0.252,0.236,"4","1",0.375,0.125,"1","1","6","2"
"261","FB",0,"17",0.252,0.236,"4","1",0.375,0.125,"1","1","6","2"
"261","FB",0,"17",0.252,0.236,"4","1",0.375,0.125,"1","1","6","2"
"261","FB",0,"17",0.252,0.236,"4","1",0.375,0.125,"1","1","6","2"
"261","FB",0,"17",0.252,0.236,"4","1",0.375,0.125,"1","1","6","2"
"261","FB",1,"17",0.252,0.236,"4","1",0.375,0.125,"1","1","6","2"
"261","FB",1,"17",0.252,0.236,"4","1",0.375,0.125,"1","1","6","2"
"261","FB",1,"17",0.252,0.236,"4","1",0.375,0.125,"1","1","6","2"
"261","LR",0,"17",0.252,0.236,"4","1",0.375,0.125,"1","1","6","2"
"261","LR",0,"17",0.252,0.236,"4","1",0.375,0.125,"1","1","6","2"
"261","LR",0,"17",0.252,0.236,"4","1",0.375,0.125,"1","1","6","2"
"261","LR",0,"17",0.252,0.236,"4","1",0.375,0.125,"1","1","6","2"
"261","LR",0,"17",0.252,0.236,"4","1",0.375,0.125,"1","1","6","2"
"261","LR",0,"17",0.252,0.236,"4","1",0.375,0.125,"1","1","6","2"
"261","LR",0,"17",0.252,0.236,"4","1",0.375,0.125,"1","1","6","2"
"261","LR",1,"17",0.252,0.236,"4","1",0.375,0.125,"1","1","6","2"
"262","FB",0,"17",0.288,0.204,"3","1",0.125,0.375,"1","1","6","2"
"262","FB",0,"17",0.288,0.204,"3","1",0.125,0.375,"1","1","6","2"
"262","FB",0,"17",0.288,0.204,"3","1",0.125,0.375,"1","1","6","2"
"262","FB",0,"17",0.288,0.204,"3","1",0.125,0.375,"1","1","6","2"
"262","FB",0,"17",0.288,0.204,"3","1",0.125,0.375,"1","1","6","2"
"262","FB",0,"17",0.288,0.204,"3","1",0.125,0.375,"1","1","6","2"
"262","FB",0,"17",0.288,0.204,"3","1",0.125,0.375,"1","1","6","2"
"262","FB",1,"17",0.288,0.204,"3","1",0.125,0.375,"1","1","6","2"
"262","LR",0,"17",0.288,0.204,"3","1",0.125,0.375,"1","1","6","2"
"262","LR",0,"17",0.288,0.204,"3","1",0.125,0.375,"1","1","6","2"
"262","LR",0,"17",0.288,0.204,"3","1",0.125,0.375,"1","1","6","2"
"262","LR",0,"17",0.288,0.204,"3","1",0.125,0.375,"1","1","6","2"
"262","LR",0,"17",0.288,0.204,"3","1",0.125,0.375,"1","1","6","2"
"262","LR",1,"17",0.288,0.204,"3","1",0.125,0.375,"1","1","6","2"
"262","LR",1,"17",0.288,0.204,"3","1",0.125,0.375,"1","1","6","2"
"262","LR",1,"17",0.288,0.204,"3","1",0.125,0.375,"1","1","6","2"
"263","FB",0,"17",0.228,0.203,"1","1",0.25,0.125,"1","1","6","2"
"263","FB",0,"17",0.228,0.203,"1","1",0.25,0.125,"1","1","6","2"
"263","FB",0,"17",0.228,0.203,"1","1",0.25,0.125,"1","1","6","2"
"263","FB",0,"17",0.228,0.203,"1","1",0.25,0.125,"1","1","6","2"
"263","FB",0,"17",0.228,0.203,"1","1",0.25,0.125,"1","1","6","2"
"263","FB",0,"17",0.228,0.203,"1","1",0.25,0.125,"1","1","6","2"
"263","FB",1,"17",0.228,0.203,"1","1",0.25,0.125,"1","1","6","2"
"263","FB",1,"17",0.228,0.203,"1","1",0.25,0.125,"1","1","6","2"
"263","LR",0,"17",0.228,0.203,"1","1",0.25,0.125,"1","1","6","2"
"263","LR",0,"17",0.228,0.203,"1","1",0.25,0.125,"1","1","6","2"
"263","LR",0,"17",0.228,0.203,"1","1",0.25,0.125,"1","1","6","2"
"263","LR",0,"17",0.228,0.203,"1","1",0.25,0.125,"1","1","6","2"
"263","LR",0,"17",0.228,0.203,"1","1",0.25,0.125,"1","1","6","2"
"263","LR",0,"17",0.228,0.203,"1","1",0.25,0.125,"1","1","6","2"
"263","LR",0,"17",0.228,0.203,"1","1",0.25,0.125,"1","1","6","2"
"263","LR",1,"17",0.228,0.203,"1","1",0.25,0.125,"1","1","6","2"
"264","FB",1,"9",0.684,0.722,"5","2",1,0.75,"2","2","3","1"
"264","FB",1,"9",0.684,0.722,"5","2",1,0.75,"2","2","3","1"
"264","FB",1,"9",0.684,0.722,"5","2",1,0.75,"2","2","3","1"
"264","FB",1,"9",0.684,0.722,"5","2",1,0.75,"2","2","3","1"
"264","FB",1,"9",0.684,0.722,"5","2",1,0.75,"2","2","3","1"
"264","FB",1,"9",0.684,0.722,"5","2",1,0.75,"2","2","3","1"
"264","FB",1,"9",0.684,0.722,"5","2",1,0.75,"2","2","3","1"
"264","FB",1,"9",0.684,0.722,"5","2",1,0.75,"2","2","3","1"
"264","LR",0,"9",0.684,0.722,"5","2",1,0.75,"2","2","3","1"
"264","LR",0,"9",0.684,0.722,"5","2",1,0.75,"2","2","3","1"
"264","LR",1,"9",0.684,0.722,"5","2",1,0.75,"2","2","3","1"
"264","LR",1,"9",0.684,0.722,"5","2",1,0.75,"2","2","3","1"
"264","LR",1,"9",0.684,0.722,"5","2",1,0.75,"2","2","3","1"
"264","LR",1,"9",0.684,0.722,"5","2",1,0.75,"2","2","3","1"
"264","LR",1,"9",0.684,0.722,"5","2",1,0.75,"2","2","3","1"
"264","LR",1,"9",0.684,0.722,"5","2",1,0.75,"2","2","3","1"
"265","FB",0,"17",0.232,0.135,"4","1",0.625,0,"1","1","5","2"
"265","FB",0,"17",0.232,0.135,"4","1",0.625,0,"1","1","5","2"
"265","FB",0,"17",0.232,0.135,"4","1",0.625,0,"1","1","5","2"
"265","FB",1,"17",0.232,0.135,"4","1",0.625,0,"1","1","5","2"
"265","FB",1,"17",0.232,0.135,"4","1",0.625,0,"1","1","5","2"
"265","FB",1,"17",0.232,0.135,"4","1",0.625,0,"1","1","5","2"
"265","FB",1,"17",0.232,0.135,"4","1",0.625,0,"1","1","5","2"
"265","FB",1,"17",0.232,0.135,"4","1",0.625,0,"1","1","5","2"
"265","LR",0,"17",0.232,0.135,"4","1",0.625,0,"1","1","5","2"
"265","LR",0,"17",0.232,0.135,"4","1",0.625,0,"1","1","5","2"
"265","LR",0,"17",0.232,0.135,"4","1",0.625,0,"1","1","5","2"
"265","LR",0,"17",0.232,0.135,"4","1",0.625,0,"1","1","5","2"
"265","LR",0,"17",0.232,0.135,"4","1",0.625,0,"1","1","5","2"
"265","LR",0,"17",0.232,0.135,"4","1",0.625,0,"1","1","5","2"
"265","LR",0,"17",0.232,0.135,"4","1",0.625,0,"1","1","5","2"
"265","LR",0,"17",0.232,0.135,"4","1",0.625,0,"1","1","5","2"
"266","FB",0,"9",0.688,0.725,"2","2",0.5,0.625,"2","2","1","1"
"266","FB",0,"9",0.688,0.725,"2","2",0.5,0.625,"2","2","1","1"
"266","FB",0,"9",0.688,0.725,"2","2",0.5,0.625,"2","2","1","1"
"266","FB",0,"9",0.688,0.725,"2","2",0.5,0.625,"2","2","1","1"
"266","FB",1,"9",0.688,0.725,"2","2",0.5,0.625,"2","2","1","1"
"266","FB",1,"9",0.688,0.725,"2","2",0.5,0.625,"2","2","1","1"
"266","FB",1,"9",0.688,0.725,"2","2",0.5,0.625,"2","2","1","1"
"266","FB",1,"9",0.688,0.725,"2","2",0.5,0.625,"2","2","1","1"
"266","LR",0,"9",0.688,0.725,"2","2",0.5,0.625,"2","2","1","1"
"266","LR",0,"9",0.688,0.725,"2","2",0.5,0.625,"2","2","1","1"
"266","LR",0,"9",0.688,0.725,"2","2",0.5,0.625,"2","2","1","1"
"266","LR",1,"9",0.688,0.725,"2","2",0.5,0.625,"2","2","1","1"
"266","LR",1,"9",0.688,0.725,"2","2",0.5,0.625,"2","2","1","1"
"266","LR",1,"9",0.688,0.725,"2","2",0.5,0.625,"2","2","1","1"
"266","LR",1,"9",0.688,0.725,"2","2",0.5,0.625,"2","2","1","1"
"266","LR",1,"9",0.688,0.725,"2","2",0.5,0.625,"2","2","1","1"
"267","FB",0,"9",0.736,0.696,"5","2",0.75,0.625,"2","2","1","1"
"267","FB",0,"9",0.736,0.696,"5","2",0.75,0.625,"2","2","1","1"
"267","FB",1,"9",0.736,0.696,"5","2",0.75,0.625,"2","2","1","1"
"267","FB",1,"9",0.736,0.696,"5","2",0.75,0.625,"2","2","1","1"
"267","FB",1,"9",0.736,0.696,"5","2",0.75,0.625,"2","2","1","1"
"267","FB",1,"9",0.736,0.696,"5","2",0.75,0.625,"2","2","1","1"
"267","FB",1,"9",0.736,0.696,"5","2",0.75,0.625,"2","2","1","1"
"267","FB",1,"9",0.736,0.696,"5","2",0.75,0.625,"2","2","1","1"
"267","LR",0,"9",0.736,0.696,"5","2",0.75,0.625,"2","2","1","1"
"267","LR",0,"9",0.736,0.696,"5","2",0.75,0.625,"2","2","1","1"
"267","LR",0,"9",0.736,0.696,"5","2",0.75,0.625,"2","2","1","1"
"267","LR",1,"9",0.736,0.696,"5","2",0.75,0.625,"2","2","1","1"
"267","LR",1,"9",0.736,0.696,"5","2",0.75,0.625,"2","2","1","1"
"267","LR",1,"9",0.736,0.696,"5","2",0.75,0.625,"2","2","1","1"
"267","LR",1,"9",0.736,0.696,"5","2",0.75,0.625,"2","2","1","1"
"267","LR",1,"9",0.736,0.696,"5","2",0.75,0.625,"2","2","1","1"
"268","FB",0,"9",0.7,0.749,"5","2",0.875,0.875,"2","2","3","1"
"268","FB",1,"9",0.7,0.749,"5","2",0.875,0.875,"2","2","3","1"
"268","FB",1,"9",0.7,0.749,"5","2",0.875,0.875,"2","2","3","1"
"268","FB",1,"9",0.7,0.749,"5","2",0.875,0.875,"2","2","3","1"
"268","FB",1,"9",0.7,0.749,"5","2",0.875,0.875,"2","2","3","1"
"268","FB",1,"9",0.7,0.749,"5","2",0.875,0.875,"2","2","3","1"
"268","FB",1,"9",0.7,0.749,"5","2",0.875,0.875,"2","2","3","1"
"268","FB",1,"9",0.7,0.749,"5","2",0.875,0.875,"2","2","3","1"
"268","LR",0,"9",0.7,0.749,"5","2",0.875,0.875,"2","2","3","1"
"268","LR",1,"9",0.7,0.749,"5","2",0.875,0.875,"2","2","3","1"
"268","LR",1,"9",0.7,0.749,"5","2",0.875,0.875,"2","2","3","1"
"268","LR",1,"9",0.7,0.749,"5","2",0.875,0.875,"2","2","3","1"
"268","LR",1,"9",0.7,0.749,"5","2",0.875,0.875,"2","2","3","1"
"268","LR",1,"9",0.7,0.749,"5","2",0.875,0.875,"2","2","3","1"
"268","LR",1,"9",0.7,0.749,"5","2",0.875,0.875,"2","2","3","1"
"268","LR",1,"9",0.7,0.749,"5","2",0.875,0.875,"2","2","3","1"
"269","FB",0,"17",0.183,0.228,"4","1",0.5,0.25,"1","1","5","2"
"269","FB",0,"17",0.183,0.228,"4","1",0.5,0.25,"1","1","5","2"
"269","FB",0,"17",0.183,0.228,"4","1",0.5,0.25,"1","1","5","2"
"269","FB",0,"17",0.183,0.228,"4","1",0.5,0.25,"1","1","5","2"
"269","FB",1,"17",0.183,0.228,"4","1",0.5,0.25,"1","1","5","2"
"269","FB",1,"17",0.183,0.228,"4","1",0.5,0.25,"1","1","5","2"
"269","FB",1,"17",0.183,0.228,"4","1",0.5,0.25,"1","1","5","2"
"269","FB",1,"17",0.183,0.228,"4","1",0.5,0.25,"1","1","5","2"
"269","LR",0,"17",0.183,0.228,"4","1",0.5,0.25,"1","1","5","2"
"269","LR",0,"17",0.183,0.228,"4","1",0.5,0.25,"1","1","5","2"
"269","LR",0,"17",0.183,0.228,"4","1",0.5,0.25,"1","1","5","2"
"269","LR",0,"17",0.183,0.228,"4","1",0.5,0.25,"1","1","5","2"
"269","LR",0,"17",0.183,0.228,"4","1",0.5,0.25,"1","1","5","2"
"269","LR",0,"17",0.183,0.228,"4","1",0.5,0.25,"1","1","5","2"
"269","LR",1,"17",0.183,0.228,"4","1",0.5,0.25,"1","1","5","2"
"269","LR",1,"17",0.183,0.228,"4","1",0.5,0.25,"1","1","5","2"
"270","FB",0,"17",0.304,0.184,"1","1",0.125,0.125,"1","1","4","2"
"270","FB",0,"17",0.304,0.184,"1","1",0.125,0.125,"1","1","4","2"
"270","FB",0,"17",0.304,0.184,"1","1",0.125,0.125,"1","1","4","2"
"270","FB",0,"17",0.304,0.184,"1","1",0.125,0.125,"1","1","4","2"
"270","FB",0,"17",0.304,0.184,"1","1",0.125,0.125,"1","1","4","2"
"270","FB",0,"17",0.304,0.184,"1","1",0.125,0.125,"1","1","4","2"
"270","FB",0,"17",0.304,0.184,"1","1",0.125,0.125,"1","1","4","2"
"270","FB",1,"17",0.304,0.184,"1","1",0.125,0.125,"1","1","4","2"
"270","LR",0,"17",0.304,0.184,"1","1",0.125,0.125,"1","1","4","2"
"270","LR",0,"17",0.304,0.184,"1","1",0.125,0.125,"1","1","4","2"
"270","LR",0,"17",0.304,0.184,"1","1",0.125,0.125,"1","1","4","2"
"270","LR",0,"17",0.304,0.184,"1","1",0.125,0.125,"1","1","4","2"
"270","LR",0,"17",0.304,0.184,"1","1",0.125,0.125,"1","1","4","2"
"270","LR",0,"17",0.304,0.184,"1","1",0.125,0.125,"1","1","4","2"
"270","LR",0,"17",0.304,0.184,"1","1",0.125,0.125,"1","1","4","2"
"270","LR",1,"17",0.304,0.184,"1","1",0.125,0.125,"1","1","4","2"
"271","FB",0,"9",0.764,0.834,"2","2",0.5,1,"2","2","2","1"
"271","FB",0,"9",0.764,0.834,"2","2",0.5,1,"2","2","2","1"
"271","FB",0,"9",0.764,0.834,"2","2",0.5,1,"2","2","2","1"
"271","FB",0,"9",0.764,0.834,"2","2",0.5,1,"2","2","2","1"
"271","FB",1,"9",0.764,0.834,"2","2",0.5,1,"2","2","2","1"
"271","FB",1,"9",0.764,0.834,"2","2",0.5,1,"2","2","2","1"
"271","FB",1,"9",0.764,0.834,"2","2",0.5,1,"2","2","2","1"
"271","FB",1,"9",0.764,0.834,"2","2",0.5,1,"2","2","2","1"
"271","LR",1,"9",0.764,0.834,"2","2",0.5,1,"2","2","2","1"
"271","LR",1,"9",0.764,0.834,"2","2",0.5,1,"2","2","2","1"
"271","LR",1,"9",0.764,0.834,"2","2",0.5,1,"2","2","2","1"
"271","LR",1,"9",0.764,0.834,"2","2",0.5,1,"2","2","2","1"
"271","LR",1,"9",0.764,0.834,"2","2",0.5,1,"2","2","2","1"
"271","LR",1,"9",0.764,0.834,"2","2",0.5,1,"2","2","2","1"
"271","LR",1,"9",0.764,0.834,"2","2",0.5,1,"2","2","2","1"
"271","LR",1,"9",0.764,0.834,"2","2",0.5,1,"2","2","2","1"
"272","FB",0,"17",0.162,0.238,"1","1",0.125,0.125,"1","1","4","2"
"272","FB",0,"17",0.162,0.238,"1","1",0.125,0.125,"1","1","4","2"
"272","FB",0,"17",0.162,0.238,"1","1",0.125,0.125,"1","1","4","2"
"272","FB",0,"17",0.162,0.238,"1","1",0.125,0.125,"1","1","4","2"
"272","FB",0,"17",0.162,0.238,"1","1",0.125,0.125,"1","1","4","2"
"272","FB",0,"17",0.162,0.238,"1","1",0.125,0.125,"1","1","4","2"
"272","FB",0,"17",0.162,0.238,"1","1",0.125,0.125,"1","1","4","2"
"272","FB",1,"17",0.162,0.238,"1","1",0.125,0.125,"1","1","4","2"
"272","LR",0,"17",0.162,0.238,"1","1",0.125,0.125,"1","1","4","2"
"272","LR",0,"17",0.162,0.238,"1","1",0.125,0.125,"1","1","4","2"
"272","LR",0,"17",0.162,0.238,"1","1",0.125,0.125,"1","1","4","2"
"272","LR",0,"17",0.162,0.238,"1","1",0.125,0.125,"1","1","4","2"
"272","LR",0,"17",0.162,0.238,"1","1",0.125,0.125,"1","1","4","2"
"272","LR",0,"17",0.162,0.238,"1","1",0.125,0.125,"1","1","4","2"
"272","LR",0,"17",0.162,0.238,"1","1",0.125,0.125,"1","1","4","2"
"272","LR",1,"17",0.162,0.238,"1","1",0.125,0.125,"1","1","4","2"
"273","FB",0,"17",0.267,0.269,"1","1",0.25,0.125,"1","1","6","2"
"273","FB",0,"17",0.267,0.269,"1","1",0.25,0.125,"1","1","6","2"
"273","FB",0,"17",0.267,0.269,"1","1",0.25,0.125,"1","1","6","2"
"273","FB",0,"17",0.267,0.269,"1","1",0.25,0.125,"1","1","6","2"
"273","FB",0,"17",0.267,0.269,"1","1",0.25,0.125,"1","1","6","2"
"273","FB",0,"17",0.267,0.269,"1","1",0.25,0.125,"1","1","6","2"
"273","FB",1,"17",0.267,0.269,"1","1",0.25,0.125,"1","1","6","2"
"273","FB",1,"17",0.267,0.269,"1","1",0.25,0.125,"1","1","6","2"
"273","LR",0,"17",0.267,0.269,"1","1",0.25,0.125,"1","1","6","2"
"273","LR",0,"17",0.267,0.269,"1","1",0.25,0.125,"1","1","6","2"
"273","LR",0,"17",0.267,0.269,"1","1",0.25,0.125,"1","1","6","2"
"273","LR",0,"17",0.267,0.269,"1","1",0.25,0.125,"1","1","6","2"
"273","LR",0,"17",0.267,0.269,"1","1",0.25,0.125,"1","1","6","2"
"273","LR",0,"17",0.267,0.269,"1","1",0.25,0.125,"1","1","6","2"
"273","LR",0,"17",0.267,0.269,"1","1",0.25,0.125,"1","1","6","2"
"273","LR",1,"17",0.267,0.269,"1","1",0.25,0.125,"1","1","6","2"
"274","FB",0,"9",0.748,0.772,"2","2",0.625,1,"2","2","2","1"
"274","FB",0,"9",0.748,0.772,"2","2",0.625,1,"2","2","2","1"
"274","FB",0,"9",0.748,0.772,"2","2",0.625,1,"2","2","2","1"
"274","FB",1,"9",0.748,0.772,"2","2",0.625,1,"2","2","2","1"
"274","FB",1,"9",0.748,0.772,"2","2",0.625,1,"2","2","2","1"
"274","FB",1,"9",0.748,0.772,"2","2",0.625,1,"2","2","2","1"
"274","FB",1,"9",0.748,0.772,"2","2",0.625,1,"2","2","2","1"
"274","FB",1,"9",0.748,0.772,"2","2",0.625,1,"2","2","2","1"
"274","LR",1,"9",0.748,0.772,"2","2",0.625,1,"2","2","2","1"
"274","LR",1,"9",0.748,0.772,"2","2",0.625,1,"2","2","2","1"
"274","LR",1,"9",0.748,0.772,"2","2",0.625,1,"2","2","2","1"
"274","LR",1,"9",0.748,0.772,"2","2",0.625,1,"2","2","2","1"
"274","LR",1,"9",0.748,0.772,"2","2",0.625,1,"2","2","2","1"
"274","LR",1,"9",0.748,0.772,"2","2",0.625,1,"2","2","2","1"
"274","LR",1,"9",0.748,0.772,"2","2",0.625,1,"2","2","2","1"
"274","LR",1,"9",0.748,0.772,"2","2",0.625,1,"2","2","2","1"
"275","FB",0,"17",0.141,0.162,"1","1",0.125,0.125,"1","1","4","2"
"275","FB",0,"17",0.141,0.162,"1","1",0.125,0.125,"1","1","4","2"
"275","FB",0,"17",0.141,0.162,"1","1",0.125,0.125,"1","1","4","2"
"275","FB",0,"17",0.141,0.162,"1","1",0.125,0.125,"1","1","4","2"
"275","FB",0,"17",0.141,0.162,"1","1",0.125,0.125,"1","1","4","2"
"275","FB",0,"17",0.141,0.162,"1","1",0.125,0.125,"1","1","4","2"
"275","FB",0,"17",0.141,0.162,"1","1",0.125,0.125,"1","1","4","2"
"275","FB",1,"17",0.141,0.162,"1","1",0.125,0.125,"1","1","4","2"
"275","LR",0,"17",0.141,0.162,"1","1",0.125,0.125,"1","1","4","2"
"275","LR",0,"17",0.141,0.162,"1","1",0.125,0.125,"1","1","4","2"
"275","LR",0,"17",0.141,0.162,"1","1",0.125,0.125,"1","1","4","2"
"275","LR",0,"17",0.141,0.162,"1","1",0.125,0.125,"1","1","4","2"
"275","LR",0,"17",0.141,0.162,"1","1",0.125,0.125,"1","1","4","2"
"275","LR",0,"17",0.141,0.162,"1","1",0.125,0.125,"1","1","4","2"
"275","LR",0,"17",0.141,0.162,"1","1",0.125,0.125,"1","1","4","2"
"275","LR",1,"17",0.141,0.162,"1","1",0.125,0.125,"1","1","4","2"
"276","FB",0,"9",0.714,0.716,"2","2",0.625,0.625,"2","2","1","1"
"276","FB",0,"9",0.714,0.716,"2","2",0.625,0.625,"2","2","1","1"
"276","FB",0,"9",0.714,0.716,"2","2",0.625,0.625,"2","2","1","1"
"276","FB",1,"9",0.714,0.716,"2","2",0.625,0.625,"2","2","1","1"
"276","FB",1,"9",0.714,0.716,"2","2",0.625,0.625,"2","2","1","1"
"276","FB",1,"9",0.714,0.716,"2","2",0.625,0.625,"2","2","1","1"
"276","FB",1,"9",0.714,0.716,"2","2",0.625,0.625,"2","2","1","1"
"276","FB",1,"9",0.714,0.716,"2","2",0.625,0.625,"2","2","1","1"
"276","LR",0,"9",0.714,0.716,"2","2",0.625,0.625,"2","2","1","1"
"276","LR",0,"9",0.714,0.716,"2","2",0.625,0.625,"2","2","1","1"
"276","LR",0,"9",0.714,0.716,"2","2",0.625,0.625,"2","2","1","1"
"276","LR",1,"9",0.714,0.716,"2","2",0.625,0.625,"2","2","1","1"
"276","LR",1,"9",0.714,0.716,"2","2",0.625,0.625,"2","2","1","1"
"276","LR",1,"9",0.714,0.716,"2","2",0.625,0.625,"2","2","1","1"
"276","LR",1,"9",0.714,0.716,"2","2",0.625,0.625,"2","2","1","1"
"276","LR",1,"9",0.714,0.716,"2","2",0.625,0.625,"2","2","1","1"
"277","FB",1,"9",0.757,0.799,"5","2",1,1,"2","2","3","1"
"277","FB",1,"9",0.757,0.799,"5","2",1,1,"2","2","3","1"
"277","FB",1,"9",0.757,0.799,"5","2",1,1,"2","2","3","1"
"277","FB",1,"9",0.757,0.799,"5","2",1,1,"2","2","3","1"
"277","FB",1,"9",0.757,0.799,"5","2",1,1,"2","2","3","1"
"277","FB",1,"9",0.757,0.799,"5","2",1,1,"2","2","3","1"
"277","FB",1,"9",0.757,0.799,"5","2",1,1,"2","2","3","1"
"277","FB",1,"9",0.757,0.799,"5","2",1,1,"2","2","3","1"
"277","LR",1,"9",0.757,0.799,"5","2",1,1,"2","2","3","1"
"277","LR",1,"9",0.757,0.799,"5","2",1,1,"2","2","3","1"
"277","LR",1,"9",0.757,0.799,"5","2",1,1,"2","2","3","1"
"277","LR",1,"9",0.757,0.799,"5","2",1,1,"2","2","3","1"
"277","LR",1,"9",0.757,0.799,"5","2",1,1,"2","2","3","1"
"277","LR",1,"9",0.757,0.799,"5","2",1,1,"2","2","3","1"
"277","LR",1,"9",0.757,0.799,"5","2",1,1,"2","2","3","1"
"277","LR",1,"9",0.757,0.799,"5","2",1,1,"2","2","3","1"
"278","FB",0,"9",0.729,0.751,"2","2",0.625,0.75,"2","2","1","1"
"278","FB",0,"9",0.729,0.751,"2","2",0.625,0.75,"2","2","1","1"
"278","FB",0,"9",0.729,0.751,"2","2",0.625,0.75,"2","2","1","1"
"278","FB",1,"9",0.729,0.751,"2","2",0.625,0.75,"2","2","1","1"
"278","FB",1,"9",0.729,0.751,"2","2",0.625,0.75,"2","2","1","1"
"278","FB",1,"9",0.729,0.751,"2","2",0.625,0.75,"2","2","1","1"
"278","FB",1,"9",0.729,0.751,"2","2",0.625,0.75,"2","2","1","1"
"278","FB",1,"9",0.729,0.751,"2","2",0.625,0.75,"2","2","1","1"
"278","LR",0,"9",0.729,0.751,"2","2",0.625,0.75,"2","2","1","1"
"278","LR",0,"9",0.729,0.751,"2","2",0.625,0.75,"2","2","1","1"
"278","LR",1,"9",0.729,0.751,"2","2",0.625,0.75,"2","2","1","1"
"278","LR",1,"9",0.729,0.751,"2","2",0.625,0.75,"2","2","1","1"
"278","LR",1,"9",0.729,0.751,"2","2",0.625,0.75,"2","2","1","1"
"278","LR",1,"9",0.729,0.751,"2","2",0.625,0.75,"2","2","1","1"
"278","LR",1,"9",0.729,0.751,"2","2",0.625,0.75,"2","2","1","1"
"278","LR",1,"9",0.729,0.751,"2","2",0.625,0.75,"2","2","1","1"
"279","FB",0,"17",0.23,0.297,"3","1",0.25,0.375,"1","1","5","2"
"279","FB",0,"17",0.23,0.297,"3","1",0.25,0.375,"1","1","5","2"
"279","FB",0,"17",0.23,0.297,"3","1",0.25,0.375,"1","1","5","2"
"279","FB",0,"17",0.23,0.297,"3","1",0.25,0.375,"1","1","5","2"
"279","FB",0,"17",0.23,0.297,"3","1",0.25,0.375,"1","1","5","2"
"279","FB",0,"17",0.23,0.297,"3","1",0.25,0.375,"1","1","5","2"
"279","FB",1,"17",0.23,0.297,"3","1",0.25,0.375,"1","1","5","2"
"279","FB",1,"17",0.23,0.297,"3","1",0.25,0.375,"1","1","5","2"
"279","LR",0,"17",0.23,0.297,"3","1",0.25,0.375,"1","1","5","2"
"279","LR",0,"17",0.23,0.297,"3","1",0.25,0.375,"1","1","5","2"
"279","LR",0,"17",0.23,0.297,"3","1",0.25,0.375,"1","1","5","2"
"279","LR",0,"17",0.23,0.297,"3","1",0.25,0.375,"1","1","5","2"
"279","LR",0,"17",0.23,0.297,"3","1",0.25,0.375,"1","1","5","2"
"279","LR",1,"17",0.23,0.297,"3","1",0.25,0.375,"1","1","5","2"
"279","LR",1,"17",0.23,0.297,"3","1",0.25,0.375,"1","1","5","2"
"279","LR",1,"17",0.23,0.297,"3","1",0.25,0.375,"1","1","5","2"
"280","FB",0,"9",0.729,0.816,"5","2",0.75,1,"2","2","3","1"
"280","FB",0,"9",0.729,0.816,"5","2",0.75,1,"2","2","3","1"
"280","FB",1,"9",0.729,0.816,"5","2",0.75,1,"2","2","3","1"
"280","FB",1,"9",0.729,0.816,"5","2",0.75,1,"2","2","3","1"
"280","FB",1,"9",0.729,0.816,"5","2",0.75,1,"2","2","3","1"
"280","FB",1,"9",0.729,0.816,"5","2",0.75,1,"2","2","3","1"
"280","FB",1,"9",0.729,0.816,"5","2",0.75,1,"2","2","3","1"
"280","FB",1,"9",0.729,0.816,"5","2",0.75,1,"2","2","3","1"
"280","LR",1,"9",0.729,0.816,"5","2",0.75,1,"2","2","3","1"
"280","LR",1,"9",0.729,0.816,"5","2",0.75,1,"2","2","3","1"
"280","LR",1,"9",0.729,0.816,"5","2",0.75,1,"2","2","3","1"
"280","LR",1,"9",0.729,0.816,"5","2",0.75,1,"2","2","3","1"
"280","LR",1,"9",0.729,0.816,"5","2",0.75,1,"2","2","3","1"
"280","LR",1,"9",0.729,0.816,"5","2",0.75,1,"2","2","3","1"
"280","LR",1,"9",0.729,0.816,"5","2",0.75,1,"2","2","3","1"
"280","LR",1,"9",0.729,0.816,"5","2",0.75,1,"2","2","3","1"
"281","FB",0,"17",0.263,0.266,"3","1",0,0.625,"1","1","5","2"
"281","FB",0,"17",0.263,0.266,"3","1",0,0.625,"1","1","5","2"
"281","FB",0,"17",0.263,0.266,"3","1",0,0.625,"1","1","5","2"
"281","FB",0,"17",0.263,0.266,"3","1",0,0.625,"1","1","5","2"
"281","FB",0,"17",0.263,0.266,"3","1",0,0.625,"1","1","5","2"
"281","FB",0,"17",0.263,0.266,"3","1",0,0.625,"1","1","5","2"
"281","FB",0,"17",0.263,0.266,"3","1",0,0.625,"1","1","5","2"
"281","FB",0,"17",0.263,0.266,"3","1",0,0.625,"1","1","5","2"
"281","LR",0,"17",0.263,0.266,"3","1",0,0.625,"1","1","5","2"
"281","LR",0,"17",0.263,0.266,"3","1",0,0.625,"1","1","5","2"
"281","LR",0,"17",0.263,0.266,"3","1",0,0.625,"1","1","5","2"
"281","LR",1,"17",0.263,0.266,"3","1",0,0.625,"1","1","5","2"
"281","LR",1,"17",0.263,0.266,"3","1",0,0.625,"1","1","5","2"
"281","LR",1,"17",0.263,0.266,"3","1",0,0.625,"1","1","5","2"
"281","LR",1,"17",0.263,0.266,"3","1",0,0.625,"1","1","5","2"
"281","LR",1,"17",0.263,0.266,"3","1",0,0.625,"1","1","5","2"
"282","FB",0,"17",0.215,0.204,"1","1",0.25,0.125,"1","1","6","2"
"282","FB",0,"17",0.215,0.204,"1","1",0.25,0.125,"1","1","6","2"
"282","FB",0,"17",0.215,0.204,"1","1",0.25,0.125,"1","1","6","2"
"282","FB",0,"17",0.215,0.204,"1","1",0.25,0.125,"1","1","6","2"
"282","FB",0,"17",0.215,0.204,"1","1",0.25,0.125,"1","1","6","2"
"282","FB",0,"17",0.215,0.204,"1","1",0.25,0.125,"1","1","6","2"
"282","FB",1,"17",0.215,0.204,"1","1",0.25,0.125,"1","1","6","2"
"282","FB",1,"17",0.215,0.204,"1","1",0.25,0.125,"1","1","6","2"
"282","LR",0,"17",0.215,0.204,"1","1",0.25,0.125,"1","1","6","2"
"282","LR",0,"17",0.215,0.204,"1","1",0.25,0.125,"1","1","6","2"
"282","LR",0,"17",0.215,0.204,"1","1",0.25,0.125,"1","1","6","2"
"282","LR",0,"17",0.215,0.204,"1","1",0.25,0.125,"1","1","6","2"
"282","LR",0,"17",0.215,0.204,"1","1",0.25,0.125,"1","1","6","2"
"282","LR",0,"17",0.215,0.204,"1","1",0.25,0.125,"1","1","6","2"
"282","LR",0,"17",0.215,0.204,"1","1",0.25,0.125,"1","1","6","2"
"282","LR",1,"17",0.215,0.204,"1","1",0.25,0.125,"1","1","6","2"
"283","FB",1,"9",0.782,0.738,"5","2",1,0.75,"2","2","3","1"
"283","FB",1,"9",0.782,0.738,"5","2",1,0.75,"2","2","3","1"
"283","FB",1,"9",0.782,0.738,"5","2",1,0.75,"2","2","3","1"
"283","FB",1,"9",0.782,0.738,"5","2",1,0.75,"2","2","3","1"
"283","FB",1,"9",0.782,0.738,"5","2",1,0.75,"2","2","3","1"
"283","FB",1,"9",0.782,0.738,"5","2",1,0.75,"2","2","3","1"
"283","FB",1,"9",0.782,0.738,"5","2",1,0.75,"2","2","3","1"
"283","FB",1,"9",0.782,0.738,"5","2",1,0.75,"2","2","3","1"
"283","LR",0,"9",0.782,0.738,"5","2",1,0.75,"2","2","3","1"
"283","LR",0,"9",0.782,0.738,"5","2",1,0.75,"2","2","3","1"
"283","LR",1,"9",0.782,0.738,"5","2",1,0.75,"2","2","3","1"
"283","LR",1,"9",0.782,0.738,"5","2",1,0.75,"2","2","3","1"
"283","LR",1,"9",0.782,0.738,"5","2",1,0.75,"2","2","3","1"
"283","LR",1,"9",0.782,0.738,"5","2",1,0.75,"2","2","3","1"
"283","LR",1,"9",0.782,0.738,"5","2",1,0.75,"2","2","3","1"
"283","LR",1,"9",0.782,0.738,"5","2",1,0.75,"2","2","3","1"
"284","FB",0,"9",0.838,0.731,"5","2",0.875,0.75,"2","2","2","1"
"284","FB",1,"9",0.838,0.731,"5","2",0.875,0.75,"2","2","2","1"
"284","FB",1,"9",0.838,0.731,"5","2",0.875,0.75,"2","2","2","1"
"284","FB",1,"9",0.838,0.731,"5","2",0.875,0.75,"2","2","2","1"
"284","FB",1,"9",0.838,0.731,"5","2",0.875,0.75,"2","2","2","1"
"284","FB",1,"9",0.838,0.731,"5","2",0.875,0.75,"2","2","2","1"
"284","FB",1,"9",0.838,0.731,"5","2",0.875,0.75,"2","2","2","1"
"284","FB",1,"9",0.838,0.731,"5","2",0.875,0.75,"2","2","2","1"
"284","LR",0,"9",0.838,0.731,"5","2",0.875,0.75,"2","2","2","1"
"284","LR",0,"9",0.838,0.731,"5","2",0.875,0.75,"2","2","2","1"
"284","LR",1,"9",0.838,0.731,"5","2",0.875,0.75,"2","2","2","1"
"284","LR",1,"9",0.838,0.731,"5","2",0.875,0.75,"2","2","2","1"
"284","LR",1,"9",0.838,0.731,"5","2",0.875,0.75,"2","2","2","1"
"284","LR",1,"9",0.838,0.731,"5","2",0.875,0.75,"2","2","2","1"
"284","LR",1,"9",0.838,0.731,"5","2",0.875,0.75,"2","2","2","1"
"284","LR",1,"9",0.838,0.731,"5","2",0.875,0.75,"2","2","2","1"
"285","FB",0,"9",0.759,0.72,"5","2",0.75,0.75,"2","2","2","1"
"285","FB",0,"9",0.759,0.72,"5","2",0.75,0.75,"2","2","2","1"
"285","FB",1,"9",0.759,0.72,"5","2",0.75,0.75,"2","2","2","1"
"285","FB",1,"9",0.759,0.72,"5","2",0.75,0.75,"2","2","2","1"
"285","FB",1,"9",0.759,0.72,"5","2",0.75,0.75,"2","2","2","1"
"285","FB",1,"9",0.759,0.72,"5","2",0.75,0.75,"2","2","2","1"
"285","FB",1,"9",0.759,0.72,"5","2",0.75,0.75,"2","2","2","1"
"285","FB",1,"9",0.759,0.72,"5","2",0.75,0.75,"2","2","2","1"
"285","LR",0,"9",0.759,0.72,"5","2",0.75,0.75,"2","2","2","1"
"285","LR",0,"9",0.759,0.72,"5","2",0.75,0.75,"2","2","2","1"
"285","LR",1,"9",0.759,0.72,"5","2",0.75,0.75,"2","2","2","1"
"285","LR",1,"9",0.759,0.72,"5","2",0.75,0.75,"2","2","2","1"
"285","LR",1,"9",0.759,0.72,"5","2",0.75,0.75,"2","2","2","1"
"285","LR",1,"9",0.759,0.72,"5","2",0.75,0.75,"2","2","2","1"
"285","LR",1,"9",0.759,0.72,"5","2",0.75,0.75,"2","2","2","1"
"285","LR",1,"9",0.759,0.72,"5","2",0.75,0.75,"2","2","2","1"
"286","FB",0,"9",0.748,0.855,"5","2",0.75,1,"2","2","3","1"
"286","FB",0,"9",0.748,0.855,"5","2",0.75,1,"2","2","3","1"
"286","FB",1,"9",0.748,0.855,"5","2",0.75,1,"2","2","3","1"
"286","FB",1,"9",0.748,0.855,"5","2",0.75,1,"2","2","3","1"
"286","FB",1,"9",0.748,0.855,"5","2",0.75,1,"2","2","3","1"
"286","FB",1,"9",0.748,0.855,"5","2",0.75,1,"2","2","3","1"
"286","FB",1,"9",0.748,0.855,"5","2",0.75,1,"2","2","3","1"
"286","FB",1,"9",0.748,0.855,"5","2",0.75,1,"2","2","3","1"
"286","LR",1,"9",0.748,0.855,"5","2",0.75,1,"2","2","3","1"
"286","LR",1,"9",0.748,0.855,"5","2",0.75,1,"2","2","3","1"
"286","LR",1,"9",0.748,0.855,"5","2",0.75,1,"2","2","3","1"
"286","LR",1,"9",0.748,0.855,"5","2",0.75,1,"2","2","3","1"
"286","LR",1,"9",0.748,0.855,"5","2",0.75,1,"2","2","3","1"
"286","LR",1,"9",0.748,0.855,"5","2",0.75,1,"2","2","3","1"
"286","LR",1,"9",0.748,0.855,"5","2",0.75,1,"2","2","3","1"
"286","LR",1,"9",0.748,0.855,"5","2",0.75,1,"2","2","3","1"
"287","FB",0,"17",0.261,0.186,"3","1",0.25,0.375,"1","1","5","2"
"287","FB",0,"17",0.261,0.186,"3","1",0.25,0.375,"1","1","5","2"
"287","FB",0,"17",0.261,0.186,"3","1",0.25,0.375,"1","1","5","2"
"287","FB",0,"17",0.261,0.186,"3","1",0.25,0.375,"1","1","5","2"
"287","FB",0,"17",0.261,0.186,"3","1",0.25,0.375,"1","1","5","2"
"287","FB",0,"17",0.261,0.186,"3","1",0.25,0.375,"1","1","5","2"
"287","FB",1,"17",0.261,0.186,"3","1",0.25,0.375,"1","1","5","2"
"287","FB",1,"17",0.261,0.186,"3","1",0.25,0.375,"1","1","5","2"
"287","LR",0,"17",0.261,0.186,"3","1",0.25,0.375,"1","1","5","2"
"287","LR",0,"17",0.261,0.186,"3","1",0.25,0.375,"1","1","5","2"
"287","LR",0,"17",0.261,0.186,"3","1",0.25,0.375,"1","1","5","2"
"287","LR",0,"17",0.261,0.186,"3","1",0.25,0.375,"1","1","5","2"
"287","LR",0,"17",0.261,0.186,"3","1",0.25,0.375,"1","1","5","2"
"287","LR",1,"17",0.261,0.186,"3","1",0.25,0.375,"1","1","5","2"
"287","LR",1,"17",0.261,0.186,"3","1",0.25,0.375,"1","1","5","2"
"287","LR",1,"17",0.261,0.186,"3","1",0.25,0.375,"1","1","5","2"
"288","FB",0,"17",0.352,0.313,"4","1",0.375,0.125,"1","1","6","2"
"288","FB",0,"17",0.352,0.313,"4","1",0.375,0.125,"1","1","6","2"
"288","FB",0,"17",0.352,0.313,"4","1",0.375,0.125,"1","1","6","2"
"288","FB",0,"17",0.352,0.313,"4","1",0.375,0.125,"1","1","6","2"
"288","FB",0,"17",0.352,0.313,"4","1",0.375,0.125,"1","1","6","2"
"288","FB",1,"17",0.352,0.313,"4","1",0.375,0.125,"1","1","6","2"
"288","FB",1,"17",0.352,0.313,"4","1",0.375,0.125,"1","1","6","2"
"288","FB",1,"17",0.352,0.313,"4","1",0.375,0.125,"1","1","6","2"
"288","LR",0,"17",0.352,0.313,"4","1",0.375,0.125,"1","1","6","2"
"288","LR",0,"17",0.352,0.313,"4","1",0.375,0.125,"1","1","6","2"
"288","LR",0,"17",0.352,0.313,"4","1",0.375,0.125,"1","1","6","2"
"288","LR",0,"17",0.352,0.313,"4","1",0.375,0.125,"1","1","6","2"
"288","LR",0,"17",0.352,0.313,"4","1",0.375,0.125,"1","1","6","2"
"288","LR",0,"17",0.352,0.313,"4","1",0.375,0.125,"1","1","6","2"
"288","LR",0,"17",0.352,0.313,"4","1",0.375,0.125,"1","1","6","2"
"288","LR",1,"17",0.352,0.313,"4","1",0.375,0.125,"1","1","6","2"
"289","FB",0,"9",0.698,0.627,"2","2",0.625,0.75,"2","2","1","1"
"289","FB",0,"9",0.698,0.627,"2","2",0.625,0.75,"2","2","1","1"
"289","FB",0,"9",0.698,0.627,"2","2",0.625,0.75,"2","2","1","1"
"289","FB",1,"9",0.698,0.627,"2","2",0.625,0.75,"2","2","1","1"
"289","FB",1,"9",0.698,0.627,"2","2",0.625,0.75,"2","2","1","1"
"289","FB",1,"9",0.698,0.627,"2","2",0.625,0.75,"2","2","1","1"
"289","FB",1,"9",0.698,0.627,"2","2",0.625,0.75,"2","2","1","1"
"289","FB",1,"9",0.698,0.627,"2","2",0.625,0.75,"2","2","1","1"
"289","LR",0,"9",0.698,0.627,"2","2",0.625,0.75,"2","2","1","1"
"289","LR",0,"9",0.698,0.627,"2","2",0.625,0.75,"2","2","1","1"
"289","LR",1,"9",0.698,0.627,"2","2",0.625,0.75,"2","2","1","1"
"289","LR",1,"9",0.698,0.627,"2","2",0.625,0.75,"2","2","1","1"
"289","LR",1,"9",0.698,0.627,"2","2",0.625,0.75,"2","2","1","1"
"289","LR",1,"9",0.698,0.627,"2","2",0.625,0.75,"2","2","1","1"
"289","LR",1,"9",0.698,0.627,"2","2",0.625,0.75,"2","2","1","1"
"289","LR",1,"9",0.698,0.627,"2","2",0.625,0.75,"2","2","1","1"
"290","FB",0,"9",0.737,0.734,"5","2",0.875,0.625,"2","2","2","1"
"290","FB",1,"9",0.737,0.734,"5","2",0.875,0.625,"2","2","2","1"
"290","FB",1,"9",0.737,0.734,"5","2",0.875,0.625,"2","2","2","1"
"290","FB",1,"9",0.737,0.734,"5","2",0.875,0.625,"2","2","2","1"
"290","FB",1,"9",0.737,0.734,"5","2",0.875,0.625,"2","2","2","1"
"290","FB",1,"9",0.737,0.734,"5","2",0.875,0.625,"2","2","2","1"
"290","FB",1,"9",0.737,0.734,"5","2",0.875,0.625,"2","2","2","1"
"290","FB",1,"9",0.737,0.734,"5","2",0.875,0.625,"2","2","2","1"
"290","LR",0,"9",0.737,0.734,"5","2",0.875,0.625,"2","2","2","1"
"290","LR",0,"9",0.737,0.734,"5","2",0.875,0.625,"2","2","2","1"
"290","LR",0,"9",0.737,0.734,"5","2",0.875,0.625,"2","2","2","1"
"290","LR",1,"9",0.737,0.734,"5","2",0.875,0.625,"2","2","2","1"
"290","LR",1,"9",0.737,0.734,"5","2",0.875,0.625,"2","2","2","1"
"290","LR",1,"9",0.737,0.734,"5","2",0.875,0.625,"2","2","2","1"
"290","LR",1,"9",0.737,0.734,"5","2",0.875,0.625,"2","2","2","1"
"290","LR",1,"9",0.737,0.734,"5","2",0.875,0.625,"2","2","2","1"
"291","FB",0,"9",0.756,0.688,"5","2",0.75,0.625,"2","2","1","1"
"291","FB",0,"9",0.756,0.688,"5","2",0.75,0.625,"2","2","1","1"
"291","FB",1,"9",0.756,0.688,"5","2",0.75,0.625,"2","2","1","1"
"291","FB",1,"9",0.756,0.688,"5","2",0.75,0.625,"2","2","1","1"
"291","FB",1,"9",0.756,0.688,"5","2",0.75,0.625,"2","2","1","1"
"291","FB",1,"9",0.756,0.688,"5","2",0.75,0.625,"2","2","1","1"
"291","FB",1,"9",0.756,0.688,"5","2",0.75,0.625,"2","2","1","1"
"291","FB",1,"9",0.756,0.688,"5","2",0.75,0.625,"2","2","1","1"
"291","LR",0,"9",0.756,0.688,"5","2",0.75,0.625,"2","2","1","1"
"291","LR",0,"9",0.756,0.688,"5","2",0.75,0.625,"2","2","1","1"
"291","LR",0,"9",0.756,0.688,"5","2",0.75,0.625,"2","2","1","1"
"291","LR",1,"9",0.756,0.688,"5","2",0.75,0.625,"2","2","1","1"
"291","LR",1,"9",0.756,0.688,"5","2",0.75,0.625,"2","2","1","1"
"291","LR",1,"9",0.756,0.688,"5","2",0.75,0.625,"2","2","1","1"
"291","LR",1,"9",0.756,0.688,"5","2",0.75,0.625,"2","2","1","1"
"291","LR",1,"9",0.756,0.688,"5","2",0.75,0.625,"2","2","1","1"
"292","FB",1,"9",0.766,0.767,"5","2",1,0.75,"2","2","3","1"
"292","FB",1,"9",0.766,0.767,"5","2",1,0.75,"2","2","3","1"
"292","FB",1,"9",0.766,0.767,"5","2",1,0.75,"2","2","3","1"
"292","FB",1,"9",0.766,0.767,"5","2",1,0.75,"2","2","3","1"
"292","FB",1,"9",0.766,0.767,"5","2",1,0.75,"2","2","3","1"
"292","FB",1,"9",0.766,0.767,"5","2",1,0.75,"2","2","3","1"
"292","FB",1,"9",0.766,0.767,"5","2",1,0.75,"2","2","3","1"
"292","FB",1,"9",0.766,0.767,"5","2",1,0.75,"2","2","3","1"
"292","LR",0,"9",0.766,0.767,"5","2",1,0.75,"2","2","3","1"
"292","LR",0,"9",0.766,0.767,"5","2",1,0.75,"2","2","3","1"
"292","LR",1,"9",0.766,0.767,"5","2",1,0.75,"2","2","3","1"
"292","LR",1,"9",0.766,0.767,"5","2",1,0.75,"2","2","3","1"
"292","LR",1,"9",0.766,0.767,"5","2",1,0.75,"2","2","3","1"
"292","LR",1,"9",0.766,0.767,"5","2",1,0.75,"2","2","3","1"
"292","LR",1,"9",0.766,0.767,"5","2",1,0.75,"2","2","3","1"
"292","LR",1,"9",0.766,0.767,"5","2",1,0.75,"2","2","3","1"
"293","FB",0,"17",0.247,0.264,"3","1",0.125,0.25,"1","1","6","2"
"293","FB",0,"17",0.247,0.264,"3","1",0.125,0.25,"1","1","6","2"
"293","FB",0,"17",0.247,0.264,"3","1",0.125,0.25,"1","1","6","2"
"293","FB",0,"17",0.247,0.264,"3","1",0.125,0.25,"1","1","6","2"
"293","FB",0,"17",0.247,0.264,"3","1",0.125,0.25,"1","1","6","2"
"293","FB",0,"17",0.247,0.264,"3","1",0.125,0.25,"1","1","6","2"
"293","FB",0,"17",0.247,0.264,"3","1",0.125,0.25,"1","1","6","2"
"293","FB",1,"17",0.247,0.264,"3","1",0.125,0.25,"1","1","6","2"
"293","LR",0,"17",0.247,0.264,"3","1",0.125,0.25,"1","1","6","2"
"293","LR",0,"17",0.247,0.264,"3","1",0.125,0.25,"1","1","6","2"
"293","LR",0,"17",0.247,0.264,"3","1",0.125,0.25,"1","1","6","2"
"293","LR",0,"17",0.247,0.264,"3","1",0.125,0.25,"1","1","6","2"
"293","LR",0,"17",0.247,0.264,"3","1",0.125,0.25,"1","1","6","2"
"293","LR",0,"17",0.247,0.264,"3","1",0.125,0.25,"1","1","6","2"
"293","LR",1,"17",0.247,0.264,"3","1",0.125,0.25,"1","1","6","2"
"293","LR",1,"17",0.247,0.264,"3","1",0.125,0.25,"1","1","6","2"
"294","FB",0,"17",0.247,0.285,"1","1",0.125,0.125,"1","1","4","2"
"294","FB",0,"17",0.247,0.285,"1","1",0.125,0.125,"1","1","4","2"
"294","FB",0,"17",0.247,0.285,"1","1",0.125,0.125,"1","1","4","2"
"294","FB",0,"17",0.247,0.285,"1","1",0.125,0.125,"1","1","4","2"
"294","FB",0,"17",0.247,0.285,"1","1",0.125,0.125,"1","1","4","2"
"294","FB",0,"17",0.247,0.285,"1","1",0.125,0.125,"1","1","4","2"
"294","FB",0,"17",0.247,0.285,"1","1",0.125,0.125,"1","1","4","2"
"294","FB",1,"17",0.247,0.285,"1","1",0.125,0.125,"1","1","4","2"
"294","LR",0,"17",0.247,0.285,"1","1",0.125,0.125,"1","1","4","2"
"294","LR",0,"17",0.247,0.285,"1","1",0.125,0.125,"1","1","4","2"
"294","LR",0,"17",0.247,0.285,"1","1",0.125,0.125,"1","1","4","2"
"294","LR",0,"17",0.247,0.285,"1","1",0.125,0.125,"1","1","4","2"
"294","LR",0,"17",0.247,0.285,"1","1",0.125,0.125,"1","1","4","2"
"294","LR",0,"17",0.247,0.285,"1","1",0.125,0.125,"1","1","4","2"
"294","LR",0,"17",0.247,0.285,"1","1",0.125,0.125,"1","1","4","2"
"294","LR",1,"17",0.247,0.285,"1","1",0.125,0.125,"1","1","4","2"
"295","FB",0,"9",0.684,0.802,"5","2",0.75,0.875,"2","2","2","1"
"295","FB",0,"9",0.684,0.802,"5","2",0.75,0.875,"2","2","2","1"
"295","FB",1,"9",0.684,0.802,"5","2",0.75,0.875,"2","2","2","1"
"295","FB",1,"9",0.684,0.802,"5","2",0.75,0.875,"2","2","2","1"
"295","FB",1,"9",0.684,0.802,"5","2",0.75,0.875,"2","2","2","1"
"295","FB",1,"9",0.684,0.802,"5","2",0.75,0.875,"2","2","2","1"
"295","FB",1,"9",0.684,0.802,"5","2",0.75,0.875,"2","2","2","1"
"295","FB",1,"9",0.684,0.802,"5","2",0.75,0.875,"2","2","2","1"
"295","LR",0,"9",0.684,0.802,"5","2",0.75,0.875,"2","2","2","1"
"295","LR",1,"9",0.684,0.802,"5","2",0.75,0.875,"2","2","2","1"
"295","LR",1,"9",0.684,0.802,"5","2",0.75,0.875,"2","2","2","1"
"295","LR",1,"9",0.684,0.802,"5","2",0.75,0.875,"2","2","2","1"
"295","LR",1,"9",0.684,0.802,"5","2",0.75,0.875,"2","2","2","1"
"295","LR",1,"9",0.684,0.802,"5","2",0.75,0.875,"2","2","2","1"
"295","LR",1,"9",0.684,0.802,"5","2",0.75,0.875,"2","2","2","1"
"295","LR",1,"9",0.684,0.802,"5","2",0.75,0.875,"2","2","2","1"
"296","FB",0,"17",0.271,0.304,"3","1",0.25,0.5,"1","1","5","2"
"296","FB",0,"17",0.271,0.304,"3","1",0.25,0.5,"1","1","5","2"
"296","FB",0,"17",0.271,0.304,"3","1",0.25,0.5,"1","1","5","2"
"296","FB",0,"17",0.271,0.304,"3","1",0.25,0.5,"1","1","5","2"
"296","FB",0,"17",0.271,0.304,"3","1",0.25,0.5,"1","1","5","2"
"296","FB",0,"17",0.271,0.304,"3","1",0.25,0.5,"1","1","5","2"
"296","FB",1,"17",0.271,0.304,"3","1",0.25,0.5,"1","1","5","2"
"296","FB",1,"17",0.271,0.304,"3","1",0.25,0.5,"1","1","5","2"
"296","LR",0,"17",0.271,0.304,"3","1",0.25,0.5,"1","1","5","2"
"296","LR",0,"17",0.271,0.304,"3","1",0.25,0.5,"1","1","5","2"
"296","LR",0,"17",0.271,0.304,"3","1",0.25,0.5,"1","1","5","2"
"296","LR",0,"17",0.271,0.304,"3","1",0.25,0.5,"1","1","5","2"
"296","LR",1,"17",0.271,0.304,"3","1",0.25,0.5,"1","1","5","2"
"296","LR",1,"17",0.271,0.304,"3","1",0.25,0.5,"1","1","5","2"
"296","LR",1,"17",0.271,0.304,"3","1",0.25,0.5,"1","1","5","2"
"296","LR",1,"17",0.271,0.304,"3","1",0.25,0.5,"1","1","5","2"
"297","FB",0,"17",0.24,0.248,"3","1",0.125,0.25,"1","1","6","2"
"297","FB",0,"17",0.24,0.248,"3","1",0.125,0.25,"1","1","6","2"
"297","FB",0,"17",0.24,0.248,"3","1",0.125,0.25,"1","1","6","2"
"297","FB",0,"17",0.24,0.248,"3","1",0.125,0.25,"1","1","6","2"
"297","FB",0,"17",0.24,0.248,"3","1",0.125,0.25,"1","1","6","2"
"297","FB",0,"17",0.24,0.248,"3","1",0.125,0.25,"1","1","6","2"
"297","FB",0,"17",0.24,0.248,"3","1",0.125,0.25,"1","1","6","2"
"297","FB",1,"17",0.24,0.248,"3","1",0.125,0.25,"1","1","6","2"
"297","LR",0,"17",0.24,0.248,"3","1",0.125,0.25,"1","1","6","2"
"297","LR",0,"17",0.24,0.248,"3","1",0.125,0.25,"1","1","6","2"
"297","LR",0,"17",0.24,0.248,"3","1",0.125,0.25,"1","1","6","2"
"297","LR",0,"17",0.24,0.248,"3","1",0.125,0.25,"1","1","6","2"
"297","LR",0,"17",0.24,0.248,"3","1",0.125,0.25,"1","1","6","2"
"297","LR",0,"17",0.24,0.248,"3","1",0.125,0.25,"1","1","6","2"
"297","LR",1,"17",0.24,0.248,"3","1",0.125,0.25,"1","1","6","2"
"297","LR",1,"17",0.24,0.248,"3","1",0.125,0.25,"1","1","6","2"
"298","FB",1,"9",0.881,0.698,"5","2",1,0.875,"2","2","3","1"
"298","FB",1,"9",0.881,0.698,"5","2",1,0.875,"2","2","3","1"
"298","FB",1,"9",0.881,0.698,"5","2",1,0.875,"2","2","3","1"
"298","FB",1,"9",0.881,0.698,"5","2",1,0.875,"2","2","3","1"
"298","FB",1,"9",0.881,0.698,"5","2",1,0.875,"2","2","3","1"
"298","FB",1,"9",0.881,0.698,"5","2",1,0.875,"2","2","3","1"
"298","FB",1,"9",0.881,0.698,"5","2",1,0.875,"2","2","3","1"
"298","FB",1,"9",0.881,0.698,"5","2",1,0.875,"2","2","3","1"
"298","LR",0,"9",0.881,0.698,"5","2",1,0.875,"2","2","3","1"
"298","LR",1,"9",0.881,0.698,"5","2",1,0.875,"2","2","3","1"
"298","LR",1,"9",0.881,0.698,"5","2",1,0.875,"2","2","3","1"
"298","LR",1,"9",0.881,0.698,"5","2",1,0.875,"2","2","3","1"
"298","LR",1,"9",0.881,0.698,"5","2",1,0.875,"2","2","3","1"
"298","LR",1,"9",0.881,0.698,"5","2",1,0.875,"2","2","3","1"
"298","LR",1,"9",0.881,0.698,"5","2",1,0.875,"2","2","3","1"
"298","LR",1,"9",0.881,0.698,"5","2",1,0.875,"2","2","3","1"
"299","FB",0,"9",0.725,0.745,"5","2",0.75,0.875,"2","2","2","1"
"299","FB",0,"9",0.725,0.745,"5","2",0.75,0.875,"2","2","2","1"
"299","FB",1,"9",0.725,0.745,"5","2",0.75,0.875,"2","2","2","1"
"299","FB",1,"9",0.725,0.745,"5","2",0.75,0.875,"2","2","2","1"
"299","FB",1,"9",0.725,0.745,"5","2",0.75,0.875,"2","2","2","1"
"299","FB",1,"9",0.725,0.745,"5","2",0.75,0.875,"2","2","2","1"
"299","FB",1,"9",0.725,0.745,"5","2",0.75,0.875,"2","2","2","1"
"299","FB",1,"9",0.725,0.745,"5","2",0.75,0.875,"2","2","2","1"
"299","LR",0,"9",0.725,0.745,"5","2",0.75,0.875,"2","2","2","1"
"299","LR",1,"9",0.725,0.745,"5","2",0.75,0.875,"2","2","2","1"
"299","LR",1,"9",0.725,0.745,"5","2",0.75,0.875,"2","2","2","1"
"299","LR",1,"9",0.725,0.745,"5","2",0.75,0.875,"2","2","2","1"
"299","LR",1,"9",0.725,0.745,"5","2",0.75,0.875,"2","2","2","1"
"299","LR",1,"9",0.725,0.745,"5","2",0.75,0.875,"2","2","2","1"
"299","LR",1,"9",0.725,0.745,"5","2",0.75,0.875,"2","2","2","1"
"299","LR",1,"9",0.725,0.745,"5","2",0.75,0.875,"2","2","2","1"
"300","FB",0,"9",0.698,0.765,"2","2",0.625,0.625,"2","2","1","1"
"300","FB",0,"9",0.698,0.765,"2","2",0.625,0.625,"2","2","1","1"
"300","FB",0,"9",0.698,0.765,"2","2",0.625,0.625,"2","2","1","1"
"300","FB",1,"9",0.698,0.765,"2","2",0.625,0.625,"2","2","1","1"
"300","FB",1,"9",0.698,0.765,"2","2",0.625,0.625,"2","2","1","1"
"300","FB",1,"9",0.698,0.765,"2","2",0.625,0.625,"2","2","1","1"
"300","FB",1,"9",0.698,0.765,"2","2",0.625,0.625,"2","2","1","1"
"300","FB",1,"9",0.698,0.765,"2","2",0.625,0.625,"2","2","1","1"
"300","LR",0,"9",0.698,0.765,"2","2",0.625,0.625,"2","2","1","1"
"300","LR",0,"9",0.698,0.765,"2","2",0.625,0.625,"2","2","1","1"
"300","LR",0,"9",0.698,0.765,"2","2",0.625,0.625,"2","2","1","1"
"300","LR",1,"9",0.698,0.765,"2","2",0.625,0.625,"2","2","1","1"
"300","LR",1,"9",0.698,0.765,"2","2",0.625,0.625,"2","2","1","1"
"300","LR",1,"9",0.698,0.765,"2","2",0.625,0.625,"2","2","1","1"
"300","LR",1,"9",0.698,0.765,"2","2",0.625,0.625,"2","2","1","1"
"300","LR",1,"9",0.698,0.765,"2","2",0.625,0.625,"2","2","1","1"
"301","FB",0,"9",0.686,0.828,"2","2",0.375,0.875,"2","2","1","1"
"301","FB",0,"9",0.686,0.828,"2","2",0.375,0.875,"2","2","1","1"
"301","FB",0,"9",0.686,0.828,"2","2",0.375,0.875,"2","2","1","1"
"301","FB",0,"9",0.686,0.828,"2","2",0.375,0.875,"2","2","1","1"
"301","FB",0,"9",0.686,0.828,"2","2",0.375,0.875,"2","2","1","1"
"301","FB",1,"9",0.686,0.828,"2","2",0.375,0.875,"2","2","1","1"
"301","FB",1,"9",0.686,0.828,"2","2",0.375,0.875,"2","2","1","1"
"301","FB",1,"9",0.686,0.828,"2","2",0.375,0.875,"2","2","1","1"
"301","LR",0,"9",0.686,0.828,"2","2",0.375,0.875,"2","2","1","1"
"301","LR",1,"9",0.686,0.828,"2","2",0.375,0.875,"2","2","1","1"
"301","LR",1,"9",0.686,0.828,"2","2",0.375,0.875,"2","2","1","1"
"301","LR",1,"9",0.686,0.828,"2","2",0.375,0.875,"2","2","1","1"
"301","LR",1,"9",0.686,0.828,"2","2",0.375,0.875,"2","2","1","1"
"301","LR",1,"9",0.686,0.828,"2","2",0.375,0.875,"2","2","1","1"
"301","LR",1,"9",0.686,0.828,"2","2",0.375,0.875,"2","2","1","1"
"301","LR",1,"9",0.686,0.828,"2","2",0.375,0.875,"2","2","1","1"
"302","FB",0,"17",0.351,0.286,"4","1",0.75,0.125,"2","2","5","2"
"302","FB",0,"17",0.351,0.286,"4","1",0.75,0.125,"2","2","5","2"
"302","FB",1,"17",0.351,0.286,"4","1",0.75,0.125,"2","2","5","2"
"302","FB",1,"17",0.351,0.286,"4","1",0.75,0.125,"2","2","5","2"
"302","FB",1,"17",0.351,0.286,"4","1",0.75,0.125,"2","2","5","2"
"302","FB",1,"17",0.351,0.286,"4","1",0.75,0.125,"2","2","5","2"
"302","FB",1,"17",0.351,0.286,"4","1",0.75,0.125,"2","2","5","2"
"302","FB",1,"17",0.351,0.286,"4","1",0.75,0.125,"2","2","5","2"
"302","LR",0,"17",0.351,0.286,"4","1",0.75,0.125,"2","2","5","2"
"302","LR",0,"17",0.351,0.286,"4","1",0.75,0.125,"2","2","5","2"
"302","LR",0,"17",0.351,0.286,"4","1",0.75,0.125,"2","2","5","2"
"302","LR",0,"17",0.351,0.286,"4","1",0.75,0.125,"2","2","5","2"
"302","LR",0,"17",0.351,0.286,"4","1",0.75,0.125,"2","2","5","2"
"302","LR",0,"17",0.351,0.286,"4","1",0.75,0.125,"2","2","5","2"
"302","LR",0,"17",0.351,0.286,"4","1",0.75,0.125,"2","2","5","2"
"302","LR",1,"17",0.351,0.286,"4","1",0.75,0.125,"2","2","5","2"
"303","FB",0,"9",0.751,0.647,"2","2",0.625,0.75,"2","2","1","1"
"303","FB",0,"9",0.751,0.647,"2","2",0.625,0.75,"2","2","1","1"
"303","FB",0,"9",0.751,0.647,"2","2",0.625,0.75,"2","2","1","1"
"303","FB",1,"9",0.751,0.647,"2","2",0.625,0.75,"2","2","1","1"
"303","FB",1,"9",0.751,0.647,"2","2",0.625,0.75,"2","2","1","1"
"303","FB",1,"9",0.751,0.647,"2","2",0.625,0.75,"2","2","1","1"
"303","FB",1,"9",0.751,0.647,"2","2",0.625,0.75,"2","2","1","1"
"303","FB",1,"9",0.751,0.647,"2","2",0.625,0.75,"2","2","1","1"
"303","LR",0,"9",0.751,0.647,"2","2",0.625,0.75,"2","2","1","1"
"303","LR",0,"9",0.751,0.647,"2","2",0.625,0.75,"2","2","1","1"
"303","LR",1,"9",0.751,0.647,"2","2",0.625,0.75,"2","2","1","1"
"303","LR",1,"9",0.751,0.647,"2","2",0.625,0.75,"2","2","1","1"
"303","LR",1,"9",0.751,0.647,"2","2",0.625,0.75,"2","2","1","1"
"303","LR",1,"9",0.751,0.647,"2","2",0.625,0.75,"2","2","1","1"
"303","LR",1,"9",0.751,0.647,"2","2",0.625,0.75,"2","2","1","1"
"303","LR",1,"9",0.751,0.647,"2","2",0.625,0.75,"2","2","1","1"
"304","FB",0,"17",0.225,0.197,"3","1",0.125,0.25,"1","1","6","2"
"304","FB",0,"17",0.225,0.197,"3","1",0.125,0.25,"1","1","6","2"
"304","FB",0,"17",0.225,0.197,"3","1",0.125,0.25,"1","1","6","2"
"304","FB",0,"17",0.225,0.197,"3","1",0.125,0.25,"1","1","6","2"
"304","FB",0,"17",0.225,0.197,"3","1",0.125,0.25,"1","1","6","2"
"304","FB",0,"17",0.225,0.197,"3","1",0.125,0.25,"1","1","6","2"
"304","FB",0,"17",0.225,0.197,"3","1",0.125,0.25,"1","1","6","2"
"304","FB",1,"17",0.225,0.197,"3","1",0.125,0.25,"1","1","6","2"
"304","LR",0,"17",0.225,0.197,"3","1",0.125,0.25,"1","1","6","2"
"304","LR",0,"17",0.225,0.197,"3","1",0.125,0.25,"1","1","6","2"
"304","LR",0,"17",0.225,0.197,"3","1",0.125,0.25,"1","1","6","2"
"304","LR",0,"17",0.225,0.197,"3","1",0.125,0.25,"1","1","6","2"
"304","LR",0,"17",0.225,0.197,"3","1",0.125,0.25,"1","1","6","2"
"304","LR",0,"17",0.225,0.197,"3","1",0.125,0.25,"1","1","6","2"
"304","LR",1,"17",0.225,0.197,"3","1",0.125,0.25,"1","1","6","2"
"304","LR",1,"17",0.225,0.197,"3","1",0.125,0.25,"1","1","6","2"
"305","FB",0,"17",0.112,0.151,"3","1",0.125,0.25,"1","1","6","2"
"305","FB",0,"17",0.112,0.151,"3","1",0.125,0.25,"1","1","6","2"
"305","FB",0,"17",0.112,0.151,"3","1",0.125,0.25,"1","1","6","2"
"305","FB",0,"17",0.112,0.151,"3","1",0.125,0.25,"1","1","6","2"
"305","FB",0,"17",0.112,0.151,"3","1",0.125,0.25,"1","1","6","2"
"305","FB",0,"17",0.112,0.151,"3","1",0.125,0.25,"1","1","6","2"
"305","FB",0,"17",0.112,0.151,"3","1",0.125,0.25,"1","1","6","2"
"305","FB",1,"17",0.112,0.151,"3","1",0.125,0.25,"1","1","6","2"
"305","LR",0,"17",0.112,0.151,"3","1",0.125,0.25,"1","1","6","2"
"305","LR",0,"17",0.112,0.151,"3","1",0.125,0.25,"1","1","6","2"
"305","LR",0,"17",0.112,0.151,"3","1",0.125,0.25,"1","1","6","2"
"305","LR",0,"17",0.112,0.151,"3","1",0.125,0.25,"1","1","6","2"
"305","LR",0,"17",0.112,0.151,"3","1",0.125,0.25,"1","1","6","2"
"305","LR",0,"17",0.112,0.151,"3","1",0.125,0.25,"1","1","6","2"
"305","LR",1,"17",0.112,0.151,"3","1",0.125,0.25,"1","1","6","2"
"305","LR",1,"17",0.112,0.151,"3","1",0.125,0.25,"1","1","6","2"
"306","FB",0,"9",0.715,0.838,"2","2",0.625,0.75,"2","2","1","1"
"306","FB",0,"9",0.715,0.838,"2","2",0.625,0.75,"2","2","1","1"
"306","FB",0,"9",0.715,0.838,"2","2",0.625,0.75,"2","2","1","1"
"306","FB",1,"9",0.715,0.838,"2","2",0.625,0.75,"2","2","1","1"
"306","FB",1,"9",0.715,0.838,"2","2",0.625,0.75,"2","2","1","1"
"306","FB",1,"9",0.715,0.838,"2","2",0.625,0.75,"2","2","1","1"
"306","FB",1,"9",0.715,0.838,"2","2",0.625,0.75,"2","2","1","1"
"306","FB",1,"9",0.715,0.838,"2","2",0.625,0.75,"2","2","1","1"
"306","LR",0,"9",0.715,0.838,"2","2",0.625,0.75,"2","2","1","1"
"306","LR",0,"9",0.715,0.838,"2","2",0.625,0.75,"2","2","1","1"
"306","LR",1,"9",0.715,0.838,"2","2",0.625,0.75,"2","2","1","1"
"306","LR",1,"9",0.715,0.838,"2","2",0.625,0.75,"2","2","1","1"
"306","LR",1,"9",0.715,0.838,"2","2",0.625,0.75,"2","2","1","1"
"306","LR",1,"9",0.715,0.838,"2","2",0.625,0.75,"2","2","1","1"
"306","LR",1,"9",0.715,0.838,"2","2",0.625,0.75,"2","2","1","1"
"306","LR",1,"9",0.715,0.838,"2","2",0.625,0.75,"2","2","1","1"
"307","FB",0,"17",0.339,0.293,"3","1",0.25,0.625,"1","1","5","2"
"307","FB",0,"17",0.339,0.293,"3","1",0.25,0.625,"1","1","5","2"
"307","FB",0,"17",0.339,0.293,"3","1",0.25,0.625,"1","1","5","2"
"307","FB",0,"17",0.339,0.293,"3","1",0.25,0.625,"1","1","5","2"
"307","FB",0,"17",0.339,0.293,"3","1",0.25,0.625,"1","1","5","2"
"307","FB",0,"17",0.339,0.293,"3","1",0.25,0.625,"1","1","5","2"
"307","FB",1,"17",0.339,0.293,"3","1",0.25,0.625,"1","1","5","2"
"307","FB",1,"17",0.339,0.293,"3","1",0.25,0.625,"1","1","5","2"
"307","LR",0,"17",0.339,0.293,"3","1",0.25,0.625,"1","1","5","2"
"307","LR",0,"17",0.339,0.293,"3","1",0.25,0.625,"1","1","5","2"
"307","LR",0,"17",0.339,0.293,"3","1",0.25,0.625,"1","1","5","2"
"307","LR",1,"17",0.339,0.293,"3","1",0.25,0.625,"1","1","5","2"
"307","LR",1,"17",0.339,0.293,"3","1",0.25,0.625,"1","1","5","2"
"307","LR",1,"17",0.339,0.293,"3","1",0.25,0.625,"1","1","5","2"
"307","LR",1,"17",0.339,0.293,"3","1",0.25,0.625,"1","1","5","2"
"307","LR",1,"17",0.339,0.293,"3","1",0.25,0.625,"1","1","5","2"
"308","FB",0,"9",0.763,0.674,"2","2",0.625,0.75,"2","2","1","1"
"308","FB",0,"9",0.763,0.674,"2","2",0.625,0.75,"2","2","1","1"
"308","FB",0,"9",0.763,0.674,"2","2",0.625,0.75,"2","2","1","1"
"308","FB",1,"9",0.763,0.674,"2","2",0.625,0.75,"2","2","1","1"
"308","FB",1,"9",0.763,0.674,"2","2",0.625,0.75,"2","2","1","1"
"308","FB",1,"9",0.763,0.674,"2","2",0.625,0.75,"2","2","1","1"
"308","FB",1,"9",0.763,0.674,"2","2",0.625,0.75,"2","2","1","1"
"308","FB",1,"9",0.763,0.674,"2","2",0.625,0.75,"2","2","1","1"
"308","LR",0,"9",0.763,0.674,"2","2",0.625,0.75,"2","2","1","1"
"308","LR",0,"9",0.763,0.674,"2","2",0.625,0.75,"2","2","1","1"
"308","LR",1,"9",0.763,0.674,"2","2",0.625,0.75,"2","2","1","1"
"308","LR",1,"9",0.763,0.674,"2","2",0.625,0.75,"2","2","1","1"
"308","LR",1,"9",0.763,0.674,"2","2",0.625,0.75,"2","2","1","1"
"308","LR",1,"9",0.763,0.674,"2","2",0.625,0.75,"2","2","1","1"
"308","LR",1,"9",0.763,0.674,"2","2",0.625,0.75,"2","2","1","1"
"308","LR",1,"9",0.763,0.674,"2","2",0.625,0.75,"2","2","1","1"
"309","FB",0,"9",0.835,0.765,"5","2",0.75,0.875,"2","2","2","1"
"309","FB",0,"9",0.835,0.765,"5","2",0.75,0.875,"2","2","2","1"
"309","FB",1,"9",0.835,0.765,"5","2",0.75,0.875,"2","2","2","1"
"309","FB",1,"9",0.835,0.765,"5","2",0.75,0.875,"2","2","2","1"
"309","FB",1,"9",0.835,0.765,"5","2",0.75,0.875,"2","2","2","1"
"309","FB",1,"9",0.835,0.765,"5","2",0.75,0.875,"2","2","2","1"
"309","FB",1,"9",0.835,0.765,"5","2",0.75,0.875,"2","2","2","1"
"309","FB",1,"9",0.835,0.765,"5","2",0.75,0.875,"2","2","2","1"
"309","LR",0,"9",0.835,0.765,"5","2",0.75,0.875,"2","2","2","1"
"309","LR",1,"9",0.835,0.765,"5","2",0.75,0.875,"2","2","2","1"
"309","LR",1,"9",0.835,0.765,"5","2",0.75,0.875,"2","2","2","1"
"309","LR",1,"9",0.835,0.765,"5","2",0.75,0.875,"2","2","2","1"
"309","LR",1,"9",0.835,0.765,"5","2",0.75,0.875,"2","2","2","1"
"309","LR",1,"9",0.835,0.765,"5","2",0.75,0.875,"2","2","2","1"
"309","LR",1,"9",0.835,0.765,"5","2",0.75,0.875,"2","2","2","1"
"309","LR",1,"9",0.835,0.765,"5","2",0.75,0.875,"2","2","2","1"
"310","FB",0,"9",0.813,0.775,"2","2",0.375,0.75,"2","2","1","1"
"310","FB",0,"9",0.813,0.775,"2","2",0.375,0.75,"2","2","1","1"
"310","FB",0,"9",0.813,0.775,"2","2",0.375,0.75,"2","2","1","1"
"310","FB",0,"9",0.813,0.775,"2","2",0.375,0.75,"2","2","1","1"
"310","FB",0,"9",0.813,0.775,"2","2",0.375,0.75,"2","2","1","1"
"310","FB",1,"9",0.813,0.775,"2","2",0.375,0.75,"2","2","1","1"
"310","FB",1,"9",0.813,0.775,"2","2",0.375,0.75,"2","2","1","1"
"310","FB",1,"9",0.813,0.775,"2","2",0.375,0.75,"2","2","1","1"
"310","LR",0,"9",0.813,0.775,"2","2",0.375,0.75,"2","2","1","1"
"310","LR",0,"9",0.813,0.775,"2","2",0.375,0.75,"2","2","1","1"
"310","LR",1,"9",0.813,0.775,"2","2",0.375,0.75,"2","2","1","1"
"310","LR",1,"9",0.813,0.775,"2","2",0.375,0.75,"2","2","1","1"
"310","LR",1,"9",0.813,0.775,"2","2",0.375,0.75,"2","2","1","1"
"310","LR",1,"9",0.813,0.775,"2","2",0.375,0.75,"2","2","1","1"
"310","LR",1,"9",0.813,0.775,"2","2",0.375,0.75,"2","2","1","1"
"310","LR",1,"9",0.813,0.775,"2","2",0.375,0.75,"2","2","1","1"
"311","FB",0,"17",0.115,0.343,"3","1",0.25,0.25,"1","1","6","2"
"311","FB",0,"17",0.115,0.343,"3","1",0.25,0.25,"1","1","6","2"
"311","FB",0,"17",0.115,0.343,"3","1",0.25,0.25,"1","1","6","2"
"311","FB",0,"17",0.115,0.343,"3","1",0.25,0.25,"1","1","6","2"
"311","FB",0,"17",0.115,0.343,"3","1",0.25,0.25,"1","1","6","2"
"311","FB",0,"17",0.115,0.343,"3","1",0.25,0.25,"1","1","6","2"
"311","FB",1,"17",0.115,0.343,"3","1",0.25,0.25,"1","1","6","2"
"311","FB",1,"17",0.115,0.343,"3","1",0.25,0.25,"1","1","6","2"
"311","LR",0,"17",0.115,0.343,"3","1",0.25,0.25,"1","1","6","2"
"311","LR",0,"17",0.115,0.343,"3","1",0.25,0.25,"1","1","6","2"
"311","LR",0,"17",0.115,0.343,"3","1",0.25,0.25,"1","1","6","2"
"311","LR",0,"17",0.115,0.343,"3","1",0.25,0.25,"1","1","6","2"
"311","LR",0,"17",0.115,0.343,"3","1",0.25,0.25,"1","1","6","2"
"311","LR",0,"17",0.115,0.343,"3","1",0.25,0.25,"1","1","6","2"
"311","LR",1,"17",0.115,0.343,"3","1",0.25,0.25,"1","1","6","2"
"311","LR",1,"17",0.115,0.343,"3","1",0.25,0.25,"1","1","6","2"
"312","FB",0,"9",0.69,0.737,"5","2",0.75,0.75,"2","2","2","1"
"312","FB",0,"9",0.69,0.737,"5","2",0.75,0.75,"2","2","2","1"
"312","FB",1,"9",0.69,0.737,"5","2",0.75,0.75,"2","2","2","1"
"312","FB",1,"9",0.69,0.737,"5","2",0.75,0.75,"2","2","2","1"
"312","FB",1,"9",0.69,0.737,"5","2",0.75,0.75,"2","2","2","1"
"312","FB",1,"9",0.69,0.737,"5","2",0.75,0.75,"2","2","2","1"
"312","FB",1,"9",0.69,0.737,"5","2",0.75,0.75,"2","2","2","1"
"312","FB",1,"9",0.69,0.737,"5","2",0.75,0.75,"2","2","2","1"
"312","LR",0,"9",0.69,0.737,"5","2",0.75,0.75,"2","2","2","1"
"312","LR",0,"9",0.69,0.737,"5","2",0.75,0.75,"2","2","2","1"
"312","LR",1,"9",0.69,0.737,"5","2",0.75,0.75,"2","2","2","1"
"312","LR",1,"9",0.69,0.737,"5","2",0.75,0.75,"2","2","2","1"
"312","LR",1,"9",0.69,0.737,"5","2",0.75,0.75,"2","2","2","1"
"312","LR",1,"9",0.69,0.737,"5","2",0.75,0.75,"2","2","2","1"
"312","LR",1,"9",0.69,0.737,"5","2",0.75,0.75,"2","2","2","1"
"312","LR",1,"9",0.69,0.737,"5","2",0.75,0.75,"2","2","2","1"
"313","FB",0,"9",0.862,0.831,"5","2",0.75,1,"2","2","3","1"
"313","FB",0,"9",0.862,0.831,"5","2",0.75,1,"2","2","3","1"
"313","FB",1,"9",0.862,0.831,"5","2",0.75,1,"2","2","3","1"
"313","FB",1,"9",0.862,0.831,"5","2",0.75,1,"2","2","3","1"
"313","FB",1,"9",0.862,0.831,"5","2",0.75,1,"2","2","3","1"
"313","FB",1,"9",0.862,0.831,"5","2",0.75,1,"2","2","3","1"
"313","FB",1,"9",0.862,0.831,"5","2",0.75,1,"2","2","3","1"
"313","FB",1,"9",0.862,0.831,"5","2",0.75,1,"2","2","3","1"
"313","LR",1,"9",0.862,0.831,"5","2",0.75,1,"2","2","3","1"
"313","LR",1,"9",0.862,0.831,"5","2",0.75,1,"2","2","3","1"
"313","LR",1,"9",0.862,0.831,"5","2",0.75,1,"2","2","3","1"
"313","LR",1,"9",0.862,0.831,"5","2",0.75,1,"2","2","3","1"
"313","LR",1,"9",0.862,0.831,"5","2",0.75,1,"2","2","3","1"
"313","LR",1,"9",0.862,0.831,"5","2",0.75,1,"2","2","3","1"
"313","LR",1,"9",0.862,0.831,"5","2",0.75,1,"2","2","3","1"
"313","LR",1,"9",0.862,0.831,"5","2",0.75,1,"2","2","3","1"
"314","FB",0,"9",0.77,0.689,"2","2",0.625,0.625,"2","2","1","1"
"314","FB",0,"9",0.77,0.689,"2","2",0.625,0.625,"2","2","1","1"
"314","FB",0,"9",0.77,0.689,"2","2",0.625,0.625,"2","2","1","1"
"314","FB",1,"9",0.77,0.689,"2","2",0.625,0.625,"2","2","1","1"
"314","FB",1,"9",0.77,0.689,"2","2",0.625,0.625,"2","2","1","1"
"314","FB",1,"9",0.77,0.689,"2","2",0.625,0.625,"2","2","1","1"
"314","FB",1,"9",0.77,0.689,"2","2",0.625,0.625,"2","2","1","1"
"314","FB",1,"9",0.77,0.689,"2","2",0.625,0.625,"2","2","1","1"
"314","LR",0,"9",0.77,0.689,"2","2",0.625,0.625,"2","2","1","1"
"314","LR",0,"9",0.77,0.689,"2","2",0.625,0.625,"2","2","1","1"
"314","LR",0,"9",0.77,0.689,"2","2",0.625,0.625,"2","2","1","1"
"314","LR",1,"9",0.77,0.689,"2","2",0.625,0.625,"2","2","1","1"
"314","LR",1,"9",0.77,0.689,"2","2",0.625,0.625,"2","2","1","1"
"314","LR",1,"9",0.77,0.689,"2","2",0.625,0.625,"2","2","1","1"
"314","LR",1,"9",0.77,0.689,"2","2",0.625,0.625,"2","2","1","1"
"314","LR",1,"9",0.77,0.689,"2","2",0.625,0.625,"2","2","1","1"
"315","FB",0,"17",0.269,0.279,"3","1",0.125,0.25,"1","1","6","2"
"315","FB",0,"17",0.269,0.279,"3","1",0.125,0.25,"1","1","6","2"
"315","FB",0,"17",0.269,0.279,"3","1",0.125,0.25,"1","1","6","2"
"315","FB",0,"17",0.269,0.279,"3","1",0.125,0.25,"1","1","6","2"
"315","FB",0,"17",0.269,0.279,"3","1",0.125,0.25,"1","1","6","2"
"315","FB",0,"17",0.269,0.279,"3","1",0.125,0.25,"1","1","6","2"
"315","FB",0,"17",0.269,0.279,"3","1",0.125,0.25,"1","1","6","2"
"315","FB",1,"17",0.269,0.279,"3","1",0.125,0.25,"1","1","6","2"
"315","LR",0,"17",0.269,0.279,"3","1",0.125,0.25,"1","1","6","2"
"315","LR",0,"17",0.269,0.279,"3","1",0.125,0.25,"1","1","6","2"
"315","LR",0,"17",0.269,0.279,"3","1",0.125,0.25,"1","1","6","2"
"315","LR",0,"17",0.269,0.279,"3","1",0.125,0.25,"1","1","6","2"
"315","LR",0,"17",0.269,0.279,"3","1",0.125,0.25,"1","1","6","2"
"315","LR",0,"17",0.269,0.279,"3","1",0.125,0.25,"1","1","6","2"
"315","LR",1,"17",0.269,0.279,"3","1",0.125,0.25,"1","1","6","2"
"315","LR",1,"17",0.269,0.279,"3","1",0.125,0.25,"1","1","6","2"
"316","FB",0,"9",0.734,0.722,"5","2",0.875,0.75,"2","2","2","1"
"316","FB",1,"9",0.734,0.722,"5","2",0.875,0.75,"2","2","2","1"
"316","FB",1,"9",0.734,0.722,"5","2",0.875,0.75,"2","2","2","1"
"316","FB",1,"9",0.734,0.722,"5","2",0.875,0.75,"2","2","2","1"
"316","FB",1,"9",0.734,0.722,"5","2",0.875,0.75,"2","2","2","1"
"316","FB",1,"9",0.734,0.722,"5","2",0.875,0.75,"2","2","2","1"
"316","FB",1,"9",0.734,0.722,"5","2",0.875,0.75,"2","2","2","1"
"316","FB",1,"9",0.734,0.722,"5","2",0.875,0.75,"2","2","2","1"
"316","LR",0,"9",0.734,0.722,"5","2",0.875,0.75,"2","2","2","1"
"316","LR",0,"9",0.734,0.722,"5","2",0.875,0.75,"2","2","2","1"
"316","LR",1,"9",0.734,0.722,"5","2",0.875,0.75,"2","2","2","1"
"316","LR",1,"9",0.734,0.722,"5","2",0.875,0.75,"2","2","2","1"
"316","LR",1,"9",0.734,0.722,"5","2",0.875,0.75,"2","2","2","1"
"316","LR",1,"9",0.734,0.722,"5","2",0.875,0.75,"2","2","2","1"
"316","LR",1,"9",0.734,0.722,"5","2",0.875,0.75,"2","2","2","1"
"316","LR",1,"9",0.734,0.722,"5","2",0.875,0.75,"2","2","2","1"
"317","FB",0,"9",0.775,0.782,"5","2",0.75,0.75,"2","2","2","1"
"317","FB",0,"9",0.775,0.782,"5","2",0.75,0.75,"2","2","2","1"
"317","FB",1,"9",0.775,0.782,"5","2",0.75,0.75,"2","2","2","1"
"317","FB",1,"9",0.775,0.782,"5","2",0.75,0.75,"2","2","2","1"
"317","FB",1,"9",0.775,0.782,"5","2",0.75,0.75,"2","2","2","1"
"317","FB",1,"9",0.775,0.782,"5","2",0.75,0.75,"2","2","2","1"
"317","FB",1,"9",0.775,0.782,"5","2",0.75,0.75,"2","2","2","1"
"317","FB",1,"9",0.775,0.782,"5","2",0.75,0.75,"2","2","2","1"
"317","LR",0,"9",0.775,0.782,"5","2",0.75,0.75,"2","2","2","1"
"317","LR",0,"9",0.775,0.782,"5","2",0.75,0.75,"2","2","2","1"
"317","LR",1,"9",0.775,0.782,"5","2",0.75,0.75,"2","2","2","1"
"317","LR",1,"9",0.775,0.782,"5","2",0.75,0.75,"2","2","2","1"
"317","LR",1,"9",0.775,0.782,"5","2",0.75,0.75,"2","2","2","1"
"317","LR",1,"9",0.775,0.782,"5","2",0.75,0.75,"2","2","2","1"
"317","LR",1,"9",0.775,0.782,"5","2",0.75,0.75,"2","2","2","1"
"317","LR",1,"9",0.775,0.782,"5","2",0.75,0.75,"2","2","2","1"
"318","FB",0,"9",0.791,0.697,"2","2",0.625,0.625,"2","2","1","1"
"318","FB",0,"9",0.791,0.697,"2","2",0.625,0.625,"2","2","1","1"
"318","FB",0,"9",0.791,0.697,"2","2",0.625,0.625,"2","2","1","1"
"318","FB",1,"9",0.791,0.697,"2","2",0.625,0.625,"2","2","1","1"
"318","FB",1,"9",0.791,0.697,"2","2",0.625,0.625,"2","2","1","1"
"318","FB",1,"9",0.791,0.697,"2","2",0.625,0.625,"2","2","1","1"
"318","FB",1,"9",0.791,0.697,"2","2",0.625,0.625,"2","2","1","1"
"318","FB",1,"9",0.791,0.697,"2","2",0.625,0.625,"2","2","1","1"
"318","LR",0,"9",0.791,0.697,"2","2",0.625,0.625,"2","2","1","1"
"318","LR",0,"9",0.791,0.697,"2","2",0.625,0.625,"2","2","1","1"
"318","LR",0,"9",0.791,0.697,"2","2",0.625,0.625,"2","2","1","1"
"318","LR",1,"9",0.791,0.697,"2","2",0.625,0.625,"2","2","1","1"
"318","LR",1,"9",0.791,0.697,"2","2",0.625,0.625,"2","2","1","1"
"318","LR",1,"9",0.791,0.697,"2","2",0.625,0.625,"2","2","1","1"
"318","LR",1,"9",0.791,0.697,"2","2",0.625,0.625,"2","2","1","1"
"318","LR",1,"9",0.791,0.697,"2","2",0.625,0.625,"2","2","1","1"
"319","FB",0,"17",0.249,0.262,"4","1",0.375,0.125,"1","1","6","2"
"319","FB",0,"17",0.249,0.262,"4","1",0.375,0.125,"1","1","6","2"
"319","FB",0,"17",0.249,0.262,"4","1",0.375,0.125,"1","1","6","2"
"319","FB",0,"17",0.249,0.262,"4","1",0.375,0.125,"1","1","6","2"
"319","FB",0,"17",0.249,0.262,"4","1",0.375,0.125,"1","1","6","2"
"319","FB",1,"17",0.249,0.262,"4","1",0.375,0.125,"1","1","6","2"
"319","FB",1,"17",0.249,0.262,"4","1",0.375,0.125,"1","1","6","2"
"319","FB",1,"17",0.249,0.262,"4","1",0.375,0.125,"1","1","6","2"
"319","LR",0,"17",0.249,0.262,"4","1",0.375,0.125,"1","1","6","2"
"319","LR",0,"17",0.249,0.262,"4","1",0.375,0.125,"1","1","6","2"
"319","LR",0,"17",0.249,0.262,"4","1",0.375,0.125,"1","1","6","2"
"319","LR",0,"17",0.249,0.262,"4","1",0.375,0.125,"1","1","6","2"
"319","LR",0,"17",0.249,0.262,"4","1",0.375,0.125,"1","1","6","2"
"319","LR",0,"17",0.249,0.262,"4","1",0.375,0.125,"1","1","6","2"
"319","LR",0,"17",0.249,0.262,"4","1",0.375,0.125,"1","1","6","2"
"319","LR",1,"17",0.249,0.262,"4","1",0.375,0.125,"1","1","6","2"
"320","FB",0,"17",0.278,0.274,"4","1",0.375,0,"1","1","6","2"
"320","FB",0,"17",0.278,0.274,"4","1",0.375,0,"1","1","6","2"
"320","FB",0,"17",0.278,0.274,"4","1",0.375,0,"1","1","6","2"
"320","FB",0,"17",0.278,0.274,"4","1",0.375,0,"1","1","6","2"
"320","FB",0,"17",0.278,0.274,"4","1",0.375,0,"1","1","6","2"
"320","FB",1,"17",0.278,0.274,"4","1",0.375,0,"1","1","6","2"
"320","FB",1,"17",0.278,0.274,"4","1",0.375,0,"1","1","6","2"
"320","FB",1,"17",0.278,0.274,"4","1",0.375,0,"1","1","6","2"
"320","LR",0,"17",0.278,0.274,"4","1",0.375,0,"1","1","6","2"
"320","LR",0,"17",0.278,0.274,"4","1",0.375,0,"1","1","6","2"
"320","LR",0,"17",0.278,0.274,"4","1",0.375,0,"1","1","6","2"
"320","LR",0,"17",0.278,0.274,"4","1",0.375,0,"1","1","6","2"
"320","LR",0,"17",0.278,0.274,"4","1",0.375,0,"1","1","6","2"
"320","LR",0,"17",0.278,0.274,"4","1",0.375,0,"1","1","6","2"
"320","LR",0,"17",0.278,0.274,"4","1",0.375,0,"1","1","6","2"
"320","LR",0,"17",0.278,0.274,"4","1",0.375,0,"1","1","6","2"
"321","FB",0,"17",0.288,0.223,"3","1",0.125,0.375,"1","1","6","2"
"321","FB",0,"17",0.288,0.223,"3","1",0.125,0.375,"1","1","6","2"
"321","FB",0,"17",0.288,0.223,"3","1",0.125,0.375,"1","1","6","2"
"321","FB",0,"17",0.288,0.223,"3","1",0.125,0.375,"1","1","6","2"
"321","FB",0,"17",0.288,0.223,"3","1",0.125,0.375,"1","1","6","2"
"321","FB",0,"17",0.288,0.223,"3","1",0.125,0.375,"1","1","6","2"
"321","FB",0,"17",0.288,0.223,"3","1",0.125,0.375,"1","1","6","2"
"321","FB",1,"17",0.288,0.223,"3","1",0.125,0.375,"1","1","6","2"
"321","LR",0,"17",0.288,0.223,"3","1",0.125,0.375,"1","1","6","2"
"321","LR",0,"17",0.288,0.223,"3","1",0.125,0.375,"1","1","6","2"
"321","LR",0,"17",0.288,0.223,"3","1",0.125,0.375,"1","1","6","2"
"321","LR",0,"17",0.288,0.223,"3","1",0.125,0.375,"1","1","6","2"
"321","LR",0,"17",0.288,0.223,"3","1",0.125,0.375,"1","1","6","2"
"321","LR",1,"17",0.288,0.223,"3","1",0.125,0.375,"1","1","6","2"
"321","LR",1,"17",0.288,0.223,"3","1",0.125,0.375,"1","1","6","2"
"321","LR",1,"17",0.288,0.223,"3","1",0.125,0.375,"1","1","6","2"
"322","FB",1,"9",0.743,0.76,"5","2",1,1,"2","2","3","1"
"322","FB",1,"9",0.743,0.76,"5","2",1,1,"2","2","3","1"
"322","FB",1,"9",0.743,0.76,"5","2",1,1,"2","2","3","1"
"322","FB",1,"9",0.743,0.76,"5","2",1,1,"2","2","3","1"
"322","FB",1,"9",0.743,0.76,"5","2",1,1,"2","2","3","1"
"322","FB",1,"9",0.743,0.76,"5","2",1,1,"2","2","3","1"
"322","FB",1,"9",0.743,0.76,"5","2",1,1,"2","2","3","1"
"322","FB",1,"9",0.743,0.76,"5","2",1,1,"2","2","3","1"
"322","LR",1,"9",0.743,0.76,"5","2",1,1,"2","2","3","1"
"322","LR",1,"9",0.743,0.76,"5","2",1,1,"2","2","3","1"
"322","LR",1,"9",0.743,0.76,"5","2",1,1,"2","2","3","1"
"322","LR",1,"9",0.743,0.76,"5","2",1,1,"2","2","3","1"
"322","LR",1,"9",0.743,0.76,"5","2",1,1,"2","2","3","1"
"322","LR",1,"9",0.743,0.76,"5","2",1,1,"2","2","3","1"
"322","LR",1,"9",0.743,0.76,"5","2",1,1,"2","2","3","1"
"322","LR",1,"9",0.743,0.76,"5","2",1,1,"2","2","3","1"
"323","FB",0,"9",0.709,0.774,"5","2",0.75,0.875,"2","2","2","1"
"323","FB",0,"9",0.709,0.774,"5","2",0.75,0.875,"2","2","2","1"
"323","FB",1,"9",0.709,0.774,"5","2",0.75,0.875,"2","2","2","1"
"323","FB",1,"9",0.709,0.774,"5","2",0.75,0.875,"2","2","2","1"
"323","FB",1,"9",0.709,0.774,"5","2",0.75,0.875,"2","2","2","1"
"323","FB",1,"9",0.709,0.774,"5","2",0.75,0.875,"2","2","2","1"
"323","FB",1,"9",0.709,0.774,"5","2",0.75,0.875,"2","2","2","1"
"323","FB",1,"9",0.709,0.774,"5","2",0.75,0.875,"2","2","2","1"
"323","LR",0,"9",0.709,0.774,"5","2",0.75,0.875,"2","2","2","1"
"323","LR",1,"9",0.709,0.774,"5","2",0.75,0.875,"2","2","2","1"
"323","LR",1,"9",0.709,0.774,"5","2",0.75,0.875,"2","2","2","1"
"323","LR",1,"9",0.709,0.774,"5","2",0.75,0.875,"2","2","2","1"
"323","LR",1,"9",0.709,0.774,"5","2",0.75,0.875,"2","2","2","1"
"323","LR",1,"9",0.709,0.774,"5","2",0.75,0.875,"2","2","2","1"
"323","LR",1,"9",0.709,0.774,"5","2",0.75,0.875,"2","2","2","1"
"323","LR",1,"9",0.709,0.774,"5","2",0.75,0.875,"2","2","2","1"
"324","FB",0,"17",0.24,0.269,"4","1",0.5,0.25,"1","1","5","2"
"324","FB",0,"17",0.24,0.269,"4","1",0.5,0.25,"1","1","5","2"
"324","FB",0,"17",0.24,0.269,"4","1",0.5,0.25,"1","1","5","2"
"324","FB",0,"17",0.24,0.269,"4","1",0.5,0.25,"1","1","5","2"
"324","FB",1,"17",0.24,0.269,"4","1",0.5,0.25,"1","1","5","2"
"324","FB",1,"17",0.24,0.269,"4","1",0.5,0.25,"1","1","5","2"
"324","FB",1,"17",0.24,0.269,"4","1",0.5,0.25,"1","1","5","2"
"324","FB",1,"17",0.24,0.269,"4","1",0.5,0.25,"1","1","5","2"
"324","LR",0,"17",0.24,0.269,"4","1",0.5,0.25,"1","1","5","2"
"324","LR",0,"17",0.24,0.269,"4","1",0.5,0.25,"1","1","5","2"
"324","LR",0,"17",0.24,0.269,"4","1",0.5,0.25,"1","1","5","2"
"324","LR",0,"17",0.24,0.269,"4","1",0.5,0.25,"1","1","5","2"
"324","LR",0,"17",0.24,0.269,"4","1",0.5,0.25,"1","1","5","2"
"324","LR",0,"17",0.24,0.269,"4","1",0.5,0.25,"1","1","5","2"
"324","LR",1,"17",0.24,0.269,"4","1",0.5,0.25,"1","1","5","2"
"324","LR",1,"17",0.24,0.269,"4","1",0.5,0.25,"1","1","5","2"
"325","FB",0,"17",0.189,0.235,"3","1",0,0.375,"1","1","6","2"
"325","FB",0,"17",0.189,0.235,"3","1",0,0.375,"1","1","6","2"
"325","FB",0,"17",0.189,0.235,"3","1",0,0.375,"1","1","6","2"
"325","FB",0,"17",0.189,0.235,"3","1",0,0.375,"1","1","6","2"
"325","FB",0,"17",0.189,0.235,"3","1",0,0.375,"1","1","6","2"
"325","FB",0,"17",0.189,0.235,"3","1",0,0.375,"1","1","6","2"
"325","FB",0,"17",0.189,0.235,"3","1",0,0.375,"1","1","6","2"
"325","FB",0,"17",0.189,0.235,"3","1",0,0.375,"1","1","6","2"
"325","LR",0,"17",0.189,0.235,"3","1",0,0.375,"1","1","6","2"
"325","LR",0,"17",0.189,0.235,"3","1",0,0.375,"1","1","6","2"
"325","LR",0,"17",0.189,0.235,"3","1",0,0.375,"1","1","6","2"
"325","LR",0,"17",0.189,0.235,"3","1",0,0.375,"1","1","6","2"
"325","LR",0,"17",0.189,0.235,"3","1",0,0.375,"1","1","6","2"
"325","LR",1,"17",0.189,0.235,"3","1",0,0.375,"1","1","6","2"
"325","LR",1,"17",0.189,0.235,"3","1",0,0.375,"1","1","6","2"
"325","LR",1,"17",0.189,0.235,"3","1",0,0.375,"1","1","6","2"
"326","FB",0,"17",0.215,0.317,"1","1",0.25,0.125,"1","1","6","2"
"326","FB",0,"17",0.215,0.317,"1","1",0.25,0.125,"1","1","6","2"
"326","FB",0,"17",0.215,0.317,"1","1",0.25,0.125,"1","1","6","2"
"326","FB",0,"17",0.215,0.317,"1","1",0.25,0.125,"1","1","6","2"
"326","FB",0,"17",0.215,0.317,"1","1",0.25,0.125,"1","1","6","2"
"326","FB",0,"17",0.215,0.317,"1","1",0.25,0.125,"1","1","6","2"
"326","FB",1,"17",0.215,0.317,"1","1",0.25,0.125,"1","1","6","2"
"326","FB",1,"17",0.215,0.317,"1","1",0.25,0.125,"1","1","6","2"
"326","LR",0,"17",0.215,0.317,"1","1",0.25,0.125,"1","1","6","2"
"326","LR",0,"17",0.215,0.317,"1","1",0.25,0.125,"1","1","6","2"
"326","LR",0,"17",0.215,0.317,"1","1",0.25,0.125,"1","1","6","2"
"326","LR",0,"17",0.215,0.317,"1","1",0.25,0.125,"1","1","6","2"
"326","LR",0,"17",0.215,0.317,"1","1",0.25,0.125,"1","1","6","2"
"326","LR",0,"17",0.215,0.317,"1","1",0.25,0.125,"1","1","6","2"
"326","LR",0,"17",0.215,0.317,"1","1",0.25,0.125,"1","1","6","2"
"326","LR",1,"17",0.215,0.317,"1","1",0.25,0.125,"1","1","6","2"
"327","FB",0,"17",0.209,0.279,"4","1",0.375,0.125,"1","1","6","2"
"327","FB",0,"17",0.209,0.279,"4","1",0.375,0.125,"1","1","6","2"
"327","FB",0,"17",0.209,0.279,"4","1",0.375,0.125,"1","1","6","2"
"327","FB",0,"17",0.209,0.279,"4","1",0.375,0.125,"1","1","6","2"
"327","FB",0,"17",0.209,0.279,"4","1",0.375,0.125,"1","1","6","2"
"327","FB",1,"17",0.209,0.279,"4","1",0.375,0.125,"1","1","6","2"
"327","FB",1,"17",0.209,0.279,"4","1",0.375,0.125,"1","1","6","2"
"327","FB",1,"17",0.209,0.279,"4","1",0.375,0.125,"1","1","6","2"
"327","LR",0,"17",0.209,0.279,"4","1",0.375,0.125,"1","1","6","2"
"327","LR",0,"17",0.209,0.279,"4","1",0.375,0.125,"1","1","6","2"
"327","LR",0,"17",0.209,0.279,"4","1",0.375,0.125,"1","1","6","2"
"327","LR",0,"17",0.209,0.279,"4","1",0.375,0.125,"1","1","6","2"
"327","LR",0,"17",0.209,0.279,"4","1",0.375,0.125,"1","1","6","2"
"327","LR",0,"17",0.209,0.279,"4","1",0.375,0.125,"1","1","6","2"
"327","LR",0,"17",0.209,0.279,"4","1",0.375,0.125,"1","1","6","2"
"327","LR",1,"17",0.209,0.279,"4","1",0.375,0.125,"1","1","6","2"
"328","FB",0,"17",0.249,0.253,"4","1",0.375,0.125,"1","1","6","2"
"328","FB",0,"17",0.249,0.253,"4","1",0.375,0.125,"1","1","6","2"
"328","FB",0,"17",0.249,0.253,"4","1",0.375,0.125,"1","1","6","2"
"328","FB",0,"17",0.249,0.253,"4","1",0.375,0.125,"1","1","6","2"
"328","FB",0,"17",0.249,0.253,"4","1",0.375,0.125,"1","1","6","2"
"328","FB",1,"17",0.249,0.253,"4","1",0.375,0.125,"1","1","6","2"
"328","FB",1,"17",0.249,0.253,"4","1",0.375,0.125,"1","1","6","2"
"328","FB",1,"17",0.249,0.253,"4","1",0.375,0.125,"1","1","6","2"
"328","LR",0,"17",0.249,0.253,"4","1",0.375,0.125,"1","1","6","2"
"328","LR",0,"17",0.249,0.253,"4","1",0.375,0.125,"1","1","6","2"
"328","LR",0,"17",0.249,0.253,"4","1",0.375,0.125,"1","1","6","2"
"328","LR",0,"17",0.249,0.253,"4","1",0.375,0.125,"1","1","6","2"
"328","LR",0,"17",0.249,0.253,"4","1",0.375,0.125,"1","1","6","2"
"328","LR",0,"17",0.249,0.253,"4","1",0.375,0.125,"1","1","6","2"
"328","LR",0,"17",0.249,0.253,"4","1",0.375,0.125,"1","1","6","2"
"328","LR",1,"17",0.249,0.253,"4","1",0.375,0.125,"1","1","6","2"
"329","FB",0,"17",0.322,0.178,"4","1",0.375,0.125,"1","1","6","2"
"329","FB",0,"17",0.322,0.178,"4","1",0.375,0.125,"1","1","6","2"
"329","FB",0,"17",0.322,0.178,"4","1",0.375,0.125,"1","1","6","2"
"329","FB",0,"17",0.322,0.178,"4","1",0.375,0.125,"1","1","6","2"
"329","FB",0,"17",0.322,0.178,"4","1",0.375,0.125,"1","1","6","2"
"329","FB",1,"17",0.322,0.178,"4","1",0.375,0.125,"1","1","6","2"
"329","FB",1,"17",0.322,0.178,"4","1",0.375,0.125,"1","1","6","2"
"329","FB",1,"17",0.322,0.178,"4","1",0.375,0.125,"1","1","6","2"
"329","LR",0,"17",0.322,0.178,"4","1",0.375,0.125,"1","1","6","2"
"329","LR",0,"17",0.322,0.178,"4","1",0.375,0.125,"1","1","6","2"
"329","LR",0,"17",0.322,0.178,"4","1",0.375,0.125,"1","1","6","2"
"329","LR",0,"17",0.322,0.178,"4","1",0.375,0.125,"1","1","6","2"
"329","LR",0,"17",0.322,0.178,"4","1",0.375,0.125,"1","1","6","2"
"329","LR",0,"17",0.322,0.178,"4","1",0.375,0.125,"1","1","6","2"
"329","LR",0,"17",0.322,0.178,"4","1",0.375,0.125,"1","1","6","2"
"329","LR",1,"17",0.322,0.178,"4","1",0.375,0.125,"1","1","6","2"
"330","FB",0,"17",0.238,0.242,"4","1",0.5,0.25,"1","1","5","2"
"330","FB",0,"17",0.238,0.242,"4","1",0.5,0.25,"1","1","5","2"
"330","FB",0,"17",0.238,0.242,"4","1",0.5,0.25,"1","1","5","2"
"330","FB",0,"17",0.238,0.242,"4","1",0.5,0.25,"1","1","5","2"
"330","FB",1,"17",0.238,0.242,"4","1",0.5,0.25,"1","1","5","2"
"330","FB",1,"17",0.238,0.242,"4","1",0.5,0.25,"1","1","5","2"
"330","FB",1,"17",0.238,0.242,"4","1",0.5,0.25,"1","1","5","2"
"330","FB",1,"17",0.238,0.242,"4","1",0.5,0.25,"1","1","5","2"
"330","LR",0,"17",0.238,0.242,"4","1",0.5,0.25,"1","1","5","2"
"330","LR",0,"17",0.238,0.242,"4","1",0.5,0.25,"1","1","5","2"
"330","LR",0,"17",0.238,0.242,"4","1",0.5,0.25,"1","1","5","2"
"330","LR",0,"17",0.238,0.242,"4","1",0.5,0.25,"1","1","5","2"
"330","LR",0,"17",0.238,0.242,"4","1",0.5,0.25,"1","1","5","2"
"330","LR",0,"17",0.238,0.242,"4","1",0.5,0.25,"1","1","5","2"
"330","LR",1,"17",0.238,0.242,"4","1",0.5,0.25,"1","1","5","2"
"330","LR",1,"17",0.238,0.242,"4","1",0.5,0.25,"1","1","5","2"
"331","FB",0,"17",0.219,0.252,"1","1",0,0.125,"1","1","4","2"
"331","FB",0,"17",0.219,0.252,"1","1",0,0.125,"1","1","4","2"
"331","FB",0,"17",0.219,0.252,"1","1",0,0.125,"1","1","4","2"
"331","FB",0,"17",0.219,0.252,"1","1",0,0.125,"1","1","4","2"
"331","FB",0,"17",0.219,0.252,"1","1",0,0.125,"1","1","4","2"
"331","FB",0,"17",0.219,0.252,"1","1",0,0.125,"1","1","4","2"
"331","FB",0,"17",0.219,0.252,"1","1",0,0.125,"1","1","4","2"
"331","FB",0,"17",0.219,0.252,"1","1",0,0.125,"1","1","4","2"
"331","LR",0,"17",0.219,0.252,"1","1",0,0.125,"1","1","4","2"
"331","LR",0,"17",0.219,0.252,"1","1",0,0.125,"1","1","4","2"
"331","LR",0,"17",0.219,0.252,"1","1",0,0.125,"1","1","4","2"
"331","LR",0,"17",0.219,0.252,"1","1",0,0.125,"1","1","4","2"
"331","LR",0,"17",0.219,0.252,"1","1",0,0.125,"1","1","4","2"
"331","LR",0,"17",0.219,0.252,"1","1",0,0.125,"1","1","4","2"
"331","LR",0,"17",0.219,0.252,"1","1",0,0.125,"1","1","4","2"
"331","LR",1,"17",0.219,0.252,"1","1",0,0.125,"1","1","4","2"
"332","FB",0,"17",0.306,0.15,"1","1",0,0.125,"1","1","4","2"
"332","FB",0,"17",0.306,0.15,"1","1",0,0.125,"1","1","4","2"
"332","FB",0,"17",0.306,0.15,"1","1",0,0.125,"1","1","4","2"
"332","FB",0,"17",0.306,0.15,"1","1",0,0.125,"1","1","4","2"
"332","FB",0,"17",0.306,0.15,"1","1",0,0.125,"1","1","4","2"
"332","FB",0,"17",0.306,0.15,"1","1",0,0.125,"1","1","4","2"
"332","FB",0,"17",0.306,0.15,"1","1",0,0.125,"1","1","4","2"
"332","FB",0,"17",0.306,0.15,"1","1",0,0.125,"1","1","4","2"
"332","LR",0,"17",0.306,0.15,"1","1",0,0.125,"1","1","4","2"
"332","LR",0,"17",0.306,0.15,"1","1",0,0.125,"1","1","4","2"
"332","LR",0,"17",0.306,0.15,"1","1",0,0.125,"1","1","4","2"
"332","LR",0,"17",0.306,0.15,"1","1",0,0.125,"1","1","4","2"
"332","LR",0,"17",0.306,0.15,"1","1",0,0.125,"1","1","4","2"
"332","LR",0,"17",0.306,0.15,"1","1",0,0.125,"1","1","4","2"
"332","LR",0,"17",0.306,0.15,"1","1",0,0.125,"1","1","4","2"
"332","LR",1,"17",0.306,0.15,"1","1",0,0.125,"1","1","4","2"
"333","FB",0,"17",0.308,0.298,"3","1",0.125,0.375,"1","1","6","2"
"333","FB",0,"17",0.308,0.298,"3","1",0.125,0.375,"1","1","6","2"
"333","FB",0,"17",0.308,0.298,"3","1",0.125,0.375,"1","1","6","2"
"333","FB",0,"17",0.308,0.298,"3","1",0.125,0.375,"1","1","6","2"
"333","FB",0,"17",0.308,0.298,"3","1",0.125,0.375,"1","1","6","2"
"333","FB",0,"17",0.308,0.298,"3","1",0.125,0.375,"1","1","6","2"
"333","FB",0,"17",0.308,0.298,"3","1",0.125,0.375,"1","1","6","2"
"333","FB",1,"17",0.308,0.298,"3","1",0.125,0.375,"1","1","6","2"
"333","LR",0,"17",0.308,0.298,"3","1",0.125,0.375,"1","1","6","2"
"333","LR",0,"17",0.308,0.298,"3","1",0.125,0.375,"1","1","6","2"
"333","LR",0,"17",0.308,0.298,"3","1",0.125,0.375,"1","1","6","2"
"333","LR",0,"17",0.308,0.298,"3","1",0.125,0.375,"1","1","6","2"
"333","LR",0,"17",0.308,0.298,"3","1",0.125,0.375,"1","1","6","2"
"333","LR",1,"17",0.308,0.298,"3","1",0.125,0.375,"1","1","6","2"
"333","LR",1,"17",0.308,0.298,"3","1",0.125,0.375,"1","1","6","2"
"333","LR",1,"17",0.308,0.298,"3","1",0.125,0.375,"1","1","6","2"
"334","FB",0,"9",0.779,0.676,"5","2",0.75,0.625,"2","2","1","1"
"334","FB",0,"9",0.779,0.676,"5","2",0.75,0.625,"2","2","1","1"
"334","FB",1,"9",0.779,0.676,"5","2",0.75,0.625,"2","2","1","1"
"334","FB",1,"9",0.779,0.676,"5","2",0.75,0.625,"2","2","1","1"
"334","FB",1,"9",0.779,0.676,"5","2",0.75,0.625,"2","2","1","1"
"334","FB",1,"9",0.779,0.676,"5","2",0.75,0.625,"2","2","1","1"
"334","FB",1,"9",0.779,0.676,"5","2",0.75,0.625,"2","2","1","1"
"334","FB",1,"9",0.779,0.676,"5","2",0.75,0.625,"2","2","1","1"
"334","LR",0,"9",0.779,0.676,"5","2",0.75,0.625,"2","2","1","1"
"334","LR",0,"9",0.779,0.676,"5","2",0.75,0.625,"2","2","1","1"
"334","LR",0,"9",0.779,0.676,"5","2",0.75,0.625,"2","2","1","1"
"334","LR",1,"9",0.779,0.676,"5","2",0.75,0.625,"2","2","1","1"
"334","LR",1,"9",0.779,0.676,"5","2",0.75,0.625,"2","2","1","1"
"334","LR",1,"9",0.779,0.676,"5","2",0.75,0.625,"2","2","1","1"
"334","LR",1,"9",0.779,0.676,"5","2",0.75,0.625,"2","2","1","1"
"334","LR",1,"9",0.779,0.676,"5","2",0.75,0.625,"2","2","1","1"
"335","FB",0,"17",0.249,0.161,"1","1",0.25,0.125,"1","1","6","2"
"335","FB",0,"17",0.249,0.161,"1","1",0.25,0.125,"1","1","6","2"
"335","FB",0,"17",0.249,0.161,"1","1",0.25,0.125,"1","1","6","2"
"335","FB",0,"17",0.249,0.161,"1","1",0.25,0.125,"1","1","6","2"
"335","FB",0,"17",0.249,0.161,"1","1",0.25,0.125,"1","1","6","2"
"335","FB",0,"17",0.249,0.161,"1","1",0.25,0.125,"1","1","6","2"
"335","FB",1,"17",0.249,0.161,"1","1",0.25,0.125,"1","1","6","2"
"335","FB",1,"17",0.249,0.161,"1","1",0.25,0.125,"1","1","6","2"
"335","LR",0,"17",0.249,0.161,"1","1",0.25,0.125,"1","1","6","2"
"335","LR",0,"17",0.249,0.161,"1","1",0.25,0.125,"1","1","6","2"
"335","LR",0,"17",0.249,0.161,"1","1",0.25,0.125,"1","1","6","2"
"335","LR",0,"17",0.249,0.161,"1","1",0.25,0.125,"1","1","6","2"
"335","LR",0,"17",0.249,0.161,"1","1",0.25,0.125,"1","1","6","2"
"335","LR",0,"17",0.249,0.161,"1","1",0.25,0.125,"1","1","6","2"
"335","LR",0,"17",0.249,0.161,"1","1",0.25,0.125,"1","1","6","2"
"335","LR",1,"17",0.249,0.161,"1","1",0.25,0.125,"1","1","6","2"
"336","FB",0,"17",0.151,0.268,"4","1",0.5,0.125,"1","1","5","2"
"336","FB",0,"17",0.151,0.268,"4","1",0.5,0.125,"1","1","5","2"
"336","FB",0,"17",0.151,0.268,"4","1",0.5,0.125,"1","1","5","2"
"336","FB",0,"17",0.151,0.268,"4","1",0.5,0.125,"1","1","5","2"
"336","FB",1,"17",0.151,0.268,"4","1",0.5,0.125,"1","1","5","2"
"336","FB",1,"17",0.151,0.268,"4","1",0.5,0.125,"1","1","5","2"
"336","FB",1,"17",0.151,0.268,"4","1",0.5,0.125,"1","1","5","2"
"336","FB",1,"17",0.151,0.268,"4","1",0.5,0.125,"1","1","5","2"
"336","LR",0,"17",0.151,0.268,"4","1",0.5,0.125,"1","1","5","2"
"336","LR",0,"17",0.151,0.268,"4","1",0.5,0.125,"1","1","5","2"
"336","LR",0,"17",0.151,0.268,"4","1",0.5,0.125,"1","1","5","2"
"336","LR",0,"17",0.151,0.268,"4","1",0.5,0.125,"1","1","5","2"
"336","LR",0,"17",0.151,0.268,"4","1",0.5,0.125,"1","1","5","2"
"336","LR",0,"17",0.151,0.268,"4","1",0.5,0.125,"1","1","5","2"
"336","LR",0,"17",0.151,0.268,"4","1",0.5,0.125,"1","1","5","2"
"336","LR",1,"17",0.151,0.268,"4","1",0.5,0.125,"1","1","5","2"
"337","FB",0,"9",0.642,0.805,"2","2",0.625,0.75,"2","2","1","1"
"337","FB",0,"9",0.642,0.805,"2","2",0.625,0.75,"2","2","1","1"
"337","FB",0,"9",0.642,0.805,"2","2",0.625,0.75,"2","2","1","1"
"337","FB",1,"9",0.642,0.805,"2","2",0.625,0.75,"2","2","1","1"
"337","FB",1,"9",0.642,0.805,"2","2",0.625,0.75,"2","2","1","1"
"337","FB",1,"9",0.642,0.805,"2","2",0.625,0.75,"2","2","1","1"
"337","FB",1,"9",0.642,0.805,"2","2",0.625,0.75,"2","2","1","1"
"337","FB",1,"9",0.642,0.805,"2","2",0.625,0.75,"2","2","1","1"
"337","LR",0,"9",0.642,0.805,"2","2",0.625,0.75,"2","2","1","1"
"337","LR",0,"9",0.642,0.805,"2","2",0.625,0.75,"2","2","1","1"
"337","LR",1,"9",0.642,0.805,"2","2",0.625,0.75,"2","2","1","1"
"337","LR",1,"9",0.642,0.805,"2","2",0.625,0.75,"2","2","1","1"
"337","LR",1,"9",0.642,0.805,"2","2",0.625,0.75,"2","2","1","1"
"337","LR",1,"9",0.642,0.805,"2","2",0.625,0.75,"2","2","1","1"
"337","LR",1,"9",0.642,0.805,"2","2",0.625,0.75,"2","2","1","1"
"337","LR",1,"9",0.642,0.805,"2","2",0.625,0.75,"2","2","1","1"
"338","FB",0,"17",0.313,0.175,"4","1",0.375,0,"1","1","6","2"
"338","FB",0,"17",0.313,0.175,"4","1",0.375,0,"1","1","6","2"
"338","FB",0,"17",0.313,0.175,"4","1",0.375,0,"1","1","6","2"
"338","FB",0,"17",0.313,0.175,"4","1",0.375,0,"1","1","6","2"
"338","FB",0,"17",0.313,0.175,"4","1",0.375,0,"1","1","6","2"
"338","FB",1,"17",0.313,0.175,"4","1",0.375,0,"1","1","6","2"
"338","FB",1,"17",0.313,0.175,"4","1",0.375,0,"1","1","6","2"
"338","FB",1,"17",0.313,0.175,"4","1",0.375,0,"1","1","6","2"
"338","LR",0,"17",0.313,0.175,"4","1",0.375,0,"1","1","6","2"
"338","LR",0,"17",0.313,0.175,"4","1",0.375,0,"1","1","6","2"
"338","LR",0,"17",0.313,0.175,"4","1",0.375,0,"1","1","6","2"
"338","LR",0,"17",0.313,0.175,"4","1",0.375,0,"1","1","6","2"
"338","LR",0,"17",0.313,0.175,"4","1",0.375,0,"1","1","6","2"
"338","LR",0,"17",0.313,0.175,"4","1",0.375,0,"1","1","6","2"
"338","LR",0,"17",0.313,0.175,"4","1",0.375,0,"1","1","6","2"
"338","LR",0,"17",0.313,0.175,"4","1",0.375,0,"1","1","6","2"
"339","FB",0,"9",0.75,0.794,"2","2",0.375,1,"2","2","1","1"
"339","FB",0,"9",0.75,0.794,"2","2",0.375,1,"2","2","1","1"
"339","FB",0,"9",0.75,0.794,"2","2",0.375,1,"2","2","1","1"
"339","FB",0,"9",0.75,0.794,"2","2",0.375,1,"2","2","1","1"
"339","FB",0,"9",0.75,0.794,"2","2",0.375,1,"2","2","1","1"
"339","FB",1,"9",0.75,0.794,"2","2",0.375,1,"2","2","1","1"
"339","FB",1,"9",0.75,0.794,"2","2",0.375,1,"2","2","1","1"
"339","FB",1,"9",0.75,0.794,"2","2",0.375,1,"2","2","1","1"
"339","LR",1,"9",0.75,0.794,"2","2",0.375,1,"2","2","1","1"
"339","LR",1,"9",0.75,0.794,"2","2",0.375,1,"2","2","1","1"
"339","LR",1,"9",0.75,0.794,"2","2",0.375,1,"2","2","1","1"
"339","LR",1,"9",0.75,0.794,"2","2",0.375,1,"2","2","1","1"
"339","LR",1,"9",0.75,0.794,"2","2",0.375,1,"2","2","1","1"
"339","LR",1,"9",0.75,0.794,"2","2",0.375,1,"2","2","1","1"
"339","LR",1,"9",0.75,0.794,"2","2",0.375,1,"2","2","1","1"
"339","LR",1,"9",0.75,0.794,"2","2",0.375,1,"2","2","1","1"
"340","FB",0,"9",0.83,0.631,"2","2",0.5,0.625,"2","2","1","1"
"340","FB",0,"9",0.83,0.631,"2","2",0.5,0.625,"2","2","1","1"
"340","FB",0,"9",0.83,0.631,"2","2",0.5,0.625,"2","2","1","1"
"340","FB",0,"9",0.83,0.631,"2","2",0.5,0.625,"2","2","1","1"
"340","FB",1,"9",0.83,0.631,"2","2",0.5,0.625,"2","2","1","1"
"340","FB",1,"9",0.83,0.631,"2","2",0.5,0.625,"2","2","1","1"
"340","FB",1,"9",0.83,0.631,"2","2",0.5,0.625,"2","2","1","1"
"340","FB",1,"9",0.83,0.631,"2","2",0.5,0.625,"2","2","1","1"
"340","LR",0,"9",0.83,0.631,"2","2",0.5,0.625,"2","2","1","1"
"340","LR",0,"9",0.83,0.631,"2","2",0.5,0.625,"2","2","1","1"
"340","LR",0,"9",0.83,0.631,"2","2",0.5,0.625,"2","2","1","1"
"340","LR",1,"9",0.83,0.631,"2","2",0.5,0.625,"2","2","1","1"
"340","LR",1,"9",0.83,0.631,"2","2",0.5,0.625,"2","2","1","1"
"340","LR",1,"9",0.83,0.631,"2","2",0.5,0.625,"2","2","1","1"
"340","LR",1,"9",0.83,0.631,"2","2",0.5,0.625,"2","2","1","1"
"340","LR",1,"9",0.83,0.631,"2","2",0.5,0.625,"2","2","1","1"
"341","FB",0,"9",0.778,0.78,"2","2",0.625,0.875,"2","2","2","1"
"341","FB",0,"9",0.778,0.78,"2","2",0.625,0.875,"2","2","2","1"
"341","FB",0,"9",0.778,0.78,"2","2",0.625,0.875,"2","2","2","1"
"341","FB",1,"9",0.778,0.78,"2","2",0.625,0.875,"2","2","2","1"
"341","FB",1,"9",0.778,0.78,"2","2",0.625,0.875,"2","2","2","1"
"341","FB",1,"9",0.778,0.78,"2","2",0.625,0.875,"2","2","2","1"
"341","FB",1,"9",0.778,0.78,"2","2",0.625,0.875,"2","2","2","1"
"341","FB",1,"9",0.778,0.78,"2","2",0.625,0.875,"2","2","2","1"
"341","LR",0,"9",0.778,0.78,"2","2",0.625,0.875,"2","2","2","1"
"341","LR",1,"9",0.778,0.78,"2","2",0.625,0.875,"2","2","2","1"
"341","LR",1,"9",0.778,0.78,"2","2",0.625,0.875,"2","2","2","1"
"341","LR",1,"9",0.778,0.78,"2","2",0.625,0.875,"2","2","2","1"
"341","LR",1,"9",0.778,0.78,"2","2",0.625,0.875,"2","2","2","1"
"341","LR",1,"9",0.778,0.78,"2","2",0.625,0.875,"2","2","2","1"
"341","LR",1,"9",0.778,0.78,"2","2",0.625,0.875,"2","2","2","1"
"341","LR",1,"9",0.778,0.78,"2","2",0.625,0.875,"2","2","2","1"
"342","FB",0,"17",0.234,0.256,"4","1",0.375,0.375,"1","1","5","2"
"342","FB",0,"17",0.234,0.256,"4","1",0.375,0.375,"1","1","5","2"
"342","FB",0,"17",0.234,0.256,"4","1",0.375,0.375,"1","1","5","2"
"342","FB",0,"17",0.234,0.256,"4","1",0.375,0.375,"1","1","5","2"
"342","FB",0,"17",0.234,0.256,"4","1",0.375,0.375,"1","1","5","2"
"342","FB",1,"17",0.234,0.256,"4","1",0.375,0.375,"1","1","5","2"
"342","FB",1,"17",0.234,0.256,"4","1",0.375,0.375,"1","1","5","2"
"342","FB",1,"17",0.234,0.256,"4","1",0.375,0.375,"1","1","5","2"
"342","LR",0,"17",0.234,0.256,"4","1",0.375,0.375,"1","1","5","2"
"342","LR",0,"17",0.234,0.256,"4","1",0.375,0.375,"1","1","5","2"
"342","LR",0,"17",0.234,0.256,"4","1",0.375,0.375,"1","1","5","2"
"342","LR",0,"17",0.234,0.256,"4","1",0.375,0.375,"1","1","5","2"
"342","LR",0,"17",0.234,0.256,"4","1",0.375,0.375,"1","1","5","2"
"342","LR",1,"17",0.234,0.256,"4","1",0.375,0.375,"1","1","5","2"
"342","LR",1,"17",0.234,0.256,"4","1",0.375,0.375,"1","1","5","2"
"342","LR",1,"17",0.234,0.256,"4","1",0.375,0.375,"1","1","5","2"
"343","FB",1,"9",0.832,0.764,"5","2",1,0.75,"2","2","3","1"
"343","FB",1,"9",0.832,0.764,"5","2",1,0.75,"2","2","3","1"
"343","FB",1,"9",0.832,0.764,"5","2",1,0.75,"2","2","3","1"
"343","FB",1,"9",0.832,0.764,"5","2",1,0.75,"2","2","3","1"
"343","FB",1,"9",0.832,0.764,"5","2",1,0.75,"2","2","3","1"
"343","FB",1,"9",0.832,0.764,"5","2",1,0.75,"2","2","3","1"
"343","FB",1,"9",0.832,0.764,"5","2",1,0.75,"2","2","3","1"
"343","FB",1,"9",0.832,0.764,"5","2",1,0.75,"2","2","3","1"
"343","LR",0,"9",0.832,0.764,"5","2",1,0.75,"2","2","3","1"
"343","LR",0,"9",0.832,0.764,"5","2",1,0.75,"2","2","3","1"
"343","LR",1,"9",0.832,0.764,"5","2",1,0.75,"2","2","3","1"
"343","LR",1,"9",0.832,0.764,"5","2",1,0.75,"2","2","3","1"
"343","LR",1,"9",0.832,0.764,"5","2",1,0.75,"2","2","3","1"
"343","LR",1,"9",0.832,0.764,"5","2",1,0.75,"2","2","3","1"
"343","LR",1,"9",0.832,0.764,"5","2",1,0.75,"2","2","3","1"
"343","LR",1,"9",0.832,0.764,"5","2",1,0.75,"2","2","3","1"
"344","FB",1,"9",0.747,0.794,"5","2",1,0.75,"2","2","3","1"
"344","FB",1,"9",0.747,0.794,"5","2",1,0.75,"2","2","3","1"
"344","FB",1,"9",0.747,0.794,"5","2",1,0.75,"2","2","3","1"
"344","FB",1,"9",0.747,0.794,"5","2",1,0.75,"2","2","3","1"
"344","FB",1,"9",0.747,0.794,"5","2",1,0.75,"2","2","3","1"
"344","FB",1,"9",0.747,0.794,"5","2",1,0.75,"2","2","3","1"
"344","FB",1,"9",0.747,0.794,"5","2",1,0.75,"2","2","3","1"
"344","FB",1,"9",0.747,0.794,"5","2",1,0.75,"2","2","3","1"
"344","LR",0,"9",0.747,0.794,"5","2",1,0.75,"2","2","3","1"
"344","LR",0,"9",0.747,0.794,"5","2",1,0.75,"2","2","3","1"
"344","LR",1,"9",0.747,0.794,"5","2",1,0.75,"2","2","3","1"
"344","LR",1,"9",0.747,0.794,"5","2",1,0.75,"2","2","3","1"
"344","LR",1,"9",0.747,0.794,"5","2",1,0.75,"2","2","3","1"
"344","LR",1,"9",0.747,0.794,"5","2",1,0.75,"2","2","3","1"
"344","LR",1,"9",0.747,0.794,"5","2",1,0.75,"2","2","3","1"
"344","LR",1,"9",0.747,0.794,"5","2",1,0.75,"2","2","3","1"
"345","FB",0,"9",0.699,0.754,"2","2",0.375,0.875,"2","2","1","1"
"345","FB",0,"9",0.699,0.754,"2","2",0.375,0.875,"2","2","1","1"
"345","FB",0,"9",0.699,0.754,"2","2",0.375,0.875,"2","2","1","1"
"345","FB",0,"9",0.699,0.754,"2","2",0.375,0.875,"2","2","1","1"
"345","FB",0,"9",0.699,0.754,"2","2",0.375,0.875,"2","2","1","1"
"345","FB",1,"9",0.699,0.754,"2","2",0.375,0.875,"2","2","1","1"
"345","FB",1,"9",0.699,0.754,"2","2",0.375,0.875,"2","2","1","1"
"345","FB",1,"9",0.699,0.754,"2","2",0.375,0.875,"2","2","1","1"
"345","LR",0,"9",0.699,0.754,"2","2",0.375,0.875,"2","2","1","1"
"345","LR",1,"9",0.699,0.754,"2","2",0.375,0.875,"2","2","1","1"
"345","LR",1,"9",0.699,0.754,"2","2",0.375,0.875,"2","2","1","1"
"345","LR",1,"9",0.699,0.754,"2","2",0.375,0.875,"2","2","1","1"
"345","LR",1,"9",0.699,0.754,"2","2",0.375,0.875,"2","2","1","1"
"345","LR",1,"9",0.699,0.754,"2","2",0.375,0.875,"2","2","1","1"
"345","LR",1,"9",0.699,0.754,"2","2",0.375,0.875,"2","2","1","1"
"345","LR",1,"9",0.699,0.754,"2","2",0.375,0.875,"2","2","1","1"
"346","FB",0,"9",0.685,0.801,"5","2",0.875,0.75,"2","2","2","1"
"346","FB",1,"9",0.685,0.801,"5","2",0.875,0.75,"2","2","2","1"
"346","FB",1,"9",0.685,0.801,"5","2",0.875,0.75,"2","2","2","1"
"346","FB",1,"9",0.685,0.801,"5","2",0.875,0.75,"2","2","2","1"
"346","FB",1,"9",0.685,0.801,"5","2",0.875,0.75,"2","2","2","1"
"346","FB",1,"9",0.685,0.801,"5","2",0.875,0.75,"2","2","2","1"
"346","FB",1,"9",0.685,0.801,"5","2",0.875,0.75,"2","2","2","1"
"346","FB",1,"9",0.685,0.801,"5","2",0.875,0.75,"2","2","2","1"
"346","LR",0,"9",0.685,0.801,"5","2",0.875,0.75,"2","2","2","1"
"346","LR",0,"9",0.685,0.801,"5","2",0.875,0.75,"2","2","2","1"
"346","LR",1,"9",0.685,0.801,"5","2",0.875,0.75,"2","2","2","1"
"346","LR",1,"9",0.685,0.801,"5","2",0.875,0.75,"2","2","2","1"
"346","LR",1,"9",0.685,0.801,"5","2",0.875,0.75,"2","2","2","1"
"346","LR",1,"9",0.685,0.801,"5","2",0.875,0.75,"2","2","2","1"
"346","LR",1,"9",0.685,0.801,"5","2",0.875,0.75,"2","2","2","1"
"346","LR",1,"9",0.685,0.801,"5","2",0.875,0.75,"2","2","2","1"
"347","FB",0,"9",0.766,0.854,"2","2",0.625,1,"2","2","2","1"
"347","FB",0,"9",0.766,0.854,"2","2",0.625,1,"2","2","2","1"
"347","FB",0,"9",0.766,0.854,"2","2",0.625,1,"2","2","2","1"
"347","FB",1,"9",0.766,0.854,"2","2",0.625,1,"2","2","2","1"
"347","FB",1,"9",0.766,0.854,"2","2",0.625,1,"2","2","2","1"
"347","FB",1,"9",0.766,0.854,"2","2",0.625,1,"2","2","2","1"
"347","FB",1,"9",0.766,0.854,"2","2",0.625,1,"2","2","2","1"
"347","FB",1,"9",0.766,0.854,"2","2",0.625,1,"2","2","2","1"
"347","LR",1,"9",0.766,0.854,"2","2",0.625,1,"2","2","2","1"
"347","LR",1,"9",0.766,0.854,"2","2",0.625,1,"2","2","2","1"
"347","LR",1,"9",0.766,0.854,"2","2",0.625,1,"2","2","2","1"
"347","LR",1,"9",0.766,0.854,"2","2",0.625,1,"2","2","2","1"
"347","LR",1,"9",0.766,0.854,"2","2",0.625,1,"2","2","2","1"
"347","LR",1,"9",0.766,0.854,"2","2",0.625,1,"2","2","2","1"
"347","LR",1,"9",0.766,0.854,"2","2",0.625,1,"2","2","2","1"
"347","LR",1,"9",0.766,0.854,"2","2",0.625,1,"2","2","2","1"
"348","FB",0,"17",0.261,0.245,"3","1",0.125,0.375,"1","1","6","2"
"348","FB",0,"17",0.261,0.245,"3","1",0.125,0.375,"1","1","6","2"
"348","FB",0,"17",0.261,0.245,"3","1",0.125,0.375,"1","1","6","2"
"348","FB",0,"17",0.261,0.245,"3","1",0.125,0.375,"1","1","6","2"
"348","FB",0,"17",0.261,0.245,"3","1",0.125,0.375,"1","1","6","2"
"348","FB",0,"17",0.261,0.245,"3","1",0.125,0.375,"1","1","6","2"
"348","FB",0,"17",0.261,0.245,"3","1",0.125,0.375,"1","1","6","2"
"348","FB",1,"17",0.261,0.245,"3","1",0.125,0.375,"1","1","6","2"
"348","LR",0,"17",0.261,0.245,"3","1",0.125,0.375,"1","1","6","2"
"348","LR",0,"17",0.261,0.245,"3","1",0.125,0.375,"1","1","6","2"
"348","LR",0,"17",0.261,0.245,"3","1",0.125,0.375,"1","1","6","2"
"348","LR",0,"17",0.261,0.245,"3","1",0.125,0.375,"1","1","6","2"
"348","LR",0,"17",0.261,0.245,"3","1",0.125,0.375,"1","1","6","2"
"348","LR",1,"17",0.261,0.245,"3","1",0.125,0.375,"1","1","6","2"
"348","LR",1,"17",0.261,0.245,"3","1",0.125,0.375,"1","1","6","2"
"348","LR",1,"17",0.261,0.245,"3","1",0.125,0.375,"1","1","6","2"
"349","FB",0,"9",0.692,0.804,"5","2",0.875,0.625,"2","2","2","1"
"349","FB",1,"9",0.692,0.804,"5","2",0.875,0.625,"2","2","2","1"
"349","FB",1,"9",0.692,0.804,"5","2",0.875,0.625,"2","2","2","1"
"349","FB",1,"9",0.692,0.804,"5","2",0.875,0.625,"2","2","2","1"
"349","FB",1,"9",0.692,0.804,"5","2",0.875,0.625,"2","2","2","1"
"349","FB",1,"9",0.692,0.804,"5","2",0.875,0.625,"2","2","2","1"
"349","FB",1,"9",0.692,0.804,"5","2",0.875,0.625,"2","2","2","1"
"349","FB",1,"9",0.692,0.804,"5","2",0.875,0.625,"2","2","2","1"
"349","LR",0,"9",0.692,0.804,"5","2",0.875,0.625,"2","2","2","1"
"349","LR",0,"9",0.692,0.804,"5","2",0.875,0.625,"2","2","2","1"
"349","LR",0,"9",0.692,0.804,"5","2",0.875,0.625,"2","2","2","1"
"349","LR",1,"9",0.692,0.804,"5","2",0.875,0.625,"2","2","2","1"
"349","LR",1,"9",0.692,0.804,"5","2",0.875,0.625,"2","2","2","1"
"349","LR",1,"9",0.692,0.804,"5","2",0.875,0.625,"2","2","2","1"
"349","LR",1,"9",0.692,0.804,"5","2",0.875,0.625,"2","2","2","1"
"349","LR",1,"9",0.692,0.804,"5","2",0.875,0.625,"2","2","2","1"
"350","FB",1,"9",0.774,0.714,"5","2",1,0.625,"2","2","2","1"
"350","FB",1,"9",0.774,0.714,"5","2",1,0.625,"2","2","2","1"
"350","FB",1,"9",0.774,0.714,"5","2",1,0.625,"2","2","2","1"
"350","FB",1,"9",0.774,0.714,"5","2",1,0.625,"2","2","2","1"
"350","FB",1,"9",0.774,0.714,"5","2",1,0.625,"2","2","2","1"
"350","FB",1,"9",0.774,0.714,"5","2",1,0.625,"2","2","2","1"
"350","FB",1,"9",0.774,0.714,"5","2",1,0.625,"2","2","2","1"
"350","FB",1,"9",0.774,0.714,"5","2",1,0.625,"2","2","2","1"
"350","LR",0,"9",0.774,0.714,"5","2",1,0.625,"2","2","2","1"
"350","LR",0,"9",0.774,0.714,"5","2",1,0.625,"2","2","2","1"
"350","LR",0,"9",0.774,0.714,"5","2",1,0.625,"2","2","2","1"
"350","LR",1,"9",0.774,0.714,"5","2",1,0.625,"2","2","2","1"
"350","LR",1,"9",0.774,0.714,"5","2",1,0.625,"2","2","2","1"
"350","LR",1,"9",0.774,0.714,"5","2",1,0.625,"2","2","2","1"
"350","LR",1,"9",0.774,0.714,"5","2",1,0.625,"2","2","2","1"
"350","LR",1,"9",0.774,0.714,"5","2",1,0.625,"2","2","2","1"
"351","FB",0,"17",0.224,0.265,"3","1",0,0.5,"1","1","6","2"
"351","FB",0,"17",0.224,0.265,"3","1",0,0.5,"1","1","6","2"
"351","FB",0,"17",0.224,0.265,"3","1",0,0.5,"1","1","6","2"
"351","FB",0,"17",0.224,0.265,"3","1",0,0.5,"1","1","6","2"
"351","FB",0,"17",0.224,0.265,"3","1",0,0.5,"1","1","6","2"
"351","FB",0,"17",0.224,0.265,"3","1",0,0.5,"1","1","6","2"
"351","FB",0,"17",0.224,0.265,"3","1",0,0.5,"1","1","6","2"
"351","FB",0,"17",0.224,0.265,"3","1",0,0.5,"1","1","6","2"
"351","LR",0,"17",0.224,0.265,"3","1",0,0.5,"1","1","6","2"
"351","LR",0,"17",0.224,0.265,"3","1",0,0.5,"1","1","6","2"
"351","LR",0,"17",0.224,0.265,"3","1",0,0.5,"1","1","6","2"
"351","LR",0,"17",0.224,0.265,"3","1",0,0.5,"1","1","6","2"
"351","LR",1,"17",0.224,0.265,"3","1",0,0.5,"1","1","6","2"
"351","LR",1,"17",0.224,0.265,"3","1",0,0.5,"1","1","6","2"
"351","LR",1,"17",0.224,0.265,"3","1",0,0.5,"1","1","6","2"
"351","LR",1,"17",0.224,0.265,"3","1",0,0.5,"1","1","6","2"
"352","FB",0,"17",0.295,0.26,"3","1",0.25,0.375,"1","1","5","2"
"352","FB",0,"17",0.295,0.26,"3","1",0.25,0.375,"1","1","5","2"
"352","FB",0,"17",0.295,0.26,"3","1",0.25,0.375,"1","1","5","2"
"352","FB",0,"17",0.295,0.26,"3","1",0.25,0.375,"1","1","5","2"
"352","FB",0,"17",0.295,0.26,"3","1",0.25,0.375,"1","1","5","2"
"352","FB",0,"17",0.295,0.26,"3","1",0.25,0.375,"1","1","5","2"
"352","FB",1,"17",0.295,0.26,"3","1",0.25,0.375,"1","1","5","2"
"352","FB",1,"17",0.295,0.26,"3","1",0.25,0.375,"1","1","5","2"
"352","LR",0,"17",0.295,0.26,"3","1",0.25,0.375,"1","1","5","2"
"352","LR",0,"17",0.295,0.26,"3","1",0.25,0.375,"1","1","5","2"
"352","LR",0,"17",0.295,0.26,"3","1",0.25,0.375,"1","1","5","2"
"352","LR",0,"17",0.295,0.26,"3","1",0.25,0.375,"1","1","5","2"
"352","LR",0,"17",0.295,0.26,"3","1",0.25,0.375,"1","1","5","2"
"352","LR",1,"17",0.295,0.26,"3","1",0.25,0.375,"1","1","5","2"
"352","LR",1,"17",0.295,0.26,"3","1",0.25,0.375,"1","1","5","2"
"352","LR",1,"17",0.295,0.26,"3","1",0.25,0.375,"1","1","5","2"
"353","FB",0,"17",0.241,0.282,"3","1",0.25,0.5,"1","1","5","2"
"353","FB",0,"17",0.241,0.282,"3","1",0.25,0.5,"1","1","5","2"
"353","FB",0,"17",0.241,0.282,"3","1",0.25,0.5,"1","1","5","2"
"353","FB",0,"17",0.241,0.282,"3","1",0.25,0.5,"1","1","5","2"
"353","FB",0,"17",0.241,0.282,"3","1",0.25,0.5,"1","1","5","2"
"353","FB",0,"17",0.241,0.282,"3","1",0.25,0.5,"1","1","5","2"
"353","FB",1,"17",0.241,0.282,"3","1",0.25,0.5,"1","1","5","2"
"353","FB",1,"17",0.241,0.282,"3","1",0.25,0.5,"1","1","5","2"
"353","LR",0,"17",0.241,0.282,"3","1",0.25,0.5,"1","1","5","2"
"353","LR",0,"17",0.241,0.282,"3","1",0.25,0.5,"1","1","5","2"
"353","LR",0,"17",0.241,0.282,"3","1",0.25,0.5,"1","1","5","2"
"353","LR",0,"17",0.241,0.282,"3","1",0.25,0.5,"1","1","5","2"
"353","LR",1,"17",0.241,0.282,"3","1",0.25,0.5,"1","1","5","2"
"353","LR",1,"17",0.241,0.282,"3","1",0.25,0.5,"1","1","5","2"
"353","LR",1,"17",0.241,0.282,"3","1",0.25,0.5,"1","1","5","2"
"353","LR",1,"17",0.241,0.282,"3","1",0.25,0.5,"1","1","5","2"
"354","FB",0,"17",0.329,0.209,"1","1",0.25,0.125,"1","1","6","2"
"354","FB",0,"17",0.329,0.209,"1","1",0.25,0.125,"1","1","6","2"
"354","FB",0,"17",0.329,0.209,"1","1",0.25,0.125,"1","1","6","2"
"354","FB",0,"17",0.329,0.209,"1","1",0.25,0.125,"1","1","6","2"
"354","FB",0,"17",0.329,0.209,"1","1",0.25,0.125,"1","1","6","2"
"354","FB",0,"17",0.329,0.209,"1","1",0.25,0.125,"1","1","6","2"
"354","FB",1,"17",0.329,0.209,"1","1",0.25,0.125,"1","1","6","2"
"354","FB",1,"17",0.329,0.209,"1","1",0.25,0.125,"1","1","6","2"
"354","LR",0,"17",0.329,0.209,"1","1",0.25,0.125,"1","1","6","2"
"354","LR",0,"17",0.329,0.209,"1","1",0.25,0.125,"1","1","6","2"
"354","LR",0,"17",0.329,0.209,"1","1",0.25,0.125,"1","1","6","2"
"354","LR",0,"17",0.329,0.209,"1","1",0.25,0.125,"1","1","6","2"
"354","LR",0,"17",0.329,0.209,"1","1",0.25,0.125,"1","1","6","2"
"354","LR",0,"17",0.329,0.209,"1","1",0.25,0.125,"1","1","6","2"
"354","LR",0,"17",0.329,0.209,"1","1",0.25,0.125,"1","1","6","2"
"354","LR",1,"17",0.329,0.209,"1","1",0.25,0.125,"1","1","6","2"
"355","FB",0,"17",0.321,0.277,"4","1",0.375,0.125,"1","1","6","2"
"355","FB",0,"17",0.321,0.277,"4","1",0.375,0.125,"1","1","6","2"
"355","FB",0,"17",0.321,0.277,"4","1",0.375,0.125,"1","1","6","2"
"355","FB",0,"17",0.321,0.277,"4","1",0.375,0.125,"1","1","6","2"
"355","FB",0,"17",0.321,0.277,"4","1",0.375,0.125,"1","1","6","2"
"355","FB",1,"17",0.321,0.277,"4","1",0.375,0.125,"1","1","6","2"
"355","FB",1,"17",0.321,0.277,"4","1",0.375,0.125,"1","1","6","2"
"355","FB",1,"17",0.321,0.277,"4","1",0.375,0.125,"1","1","6","2"
"355","LR",0,"17",0.321,0.277,"4","1",0.375,0.125,"1","1","6","2"
"355","LR",0,"17",0.321,0.277,"4","1",0.375,0.125,"1","1","6","2"
"355","LR",0,"17",0.321,0.277,"4","1",0.375,0.125,"1","1","6","2"
"355","LR",0,"17",0.321,0.277,"4","1",0.375,0.125,"1","1","6","2"
"355","LR",0,"17",0.321,0.277,"4","1",0.375,0.125,"1","1","6","2"
"355","LR",0,"17",0.321,0.277,"4","1",0.375,0.125,"1","1","6","2"
"355","LR",0,"17",0.321,0.277,"4","1",0.375,0.125,"1","1","6","2"
"355","LR",1,"17",0.321,0.277,"4","1",0.375,0.125,"1","1","6","2"
"356","FB",0,"9",0.778,0.689,"5","2",0.75,0.625,"2","2","1","1"
"356","FB",0,"9",0.778,0.689,"5","2",0.75,0.625,"2","2","1","1"
"356","FB",1,"9",0.778,0.689,"5","2",0.75,0.625,"2","2","1","1"
"356","FB",1,"9",0.778,0.689,"5","2",0.75,0.625,"2","2","1","1"
"356","FB",1,"9",0.778,0.689,"5","2",0.75,0.625,"2","2","1","1"
"356","FB",1,"9",0.778,0.689,"5","2",0.75,0.625,"2","2","1","1"
"356","FB",1,"9",0.778,0.689,"5","2",0.75,0.625,"2","2","1","1"
"356","FB",1,"9",0.778,0.689,"5","2",0.75,0.625,"2","2","1","1"
"356","LR",0,"9",0.778,0.689,"5","2",0.75,0.625,"2","2","1","1"
"356","LR",0,"9",0.778,0.689,"5","2",0.75,0.625,"2","2","1","1"
"356","LR",0,"9",0.778,0.689,"5","2",0.75,0.625,"2","2","1","1"
"356","LR",1,"9",0.778,0.689,"5","2",0.75,0.625,"2","2","1","1"
"356","LR",1,"9",0.778,0.689,"5","2",0.75,0.625,"2","2","1","1"
"356","LR",1,"9",0.778,0.689,"5","2",0.75,0.625,"2","2","1","1"
"356","LR",1,"9",0.778,0.689,"5","2",0.75,0.625,"2","2","1","1"
"356","LR",1,"9",0.778,0.689,"5","2",0.75,0.625,"2","2","1","1"
"357","FB",1,"9",0.846,0.795,"5","2",1,0.5,"2","2","2","1"
"357","FB",1,"9",0.846,0.795,"5","2",1,0.5,"2","2","2","1"
"357","FB",1,"9",0.846,0.795,"5","2",1,0.5,"2","2","2","1"
"357","FB",1,"9",0.846,0.795,"5","2",1,0.5,"2","2","2","1"
"357","FB",1,"9",0.846,0.795,"5","2",1,0.5,"2","2","2","1"
"357","FB",1,"9",0.846,0.795,"5","2",1,0.5,"2","2","2","1"
"357","FB",1,"9",0.846,0.795,"5","2",1,0.5,"2","2","2","1"
"357","FB",1,"9",0.846,0.795,"5","2",1,0.5,"2","2","2","1"
"357","LR",0,"9",0.846,0.795,"5","2",1,0.5,"2","2","2","1"
"357","LR",0,"9",0.846,0.795,"5","2",1,0.5,"2","2","2","1"
"357","LR",0,"9",0.846,0.795,"5","2",1,0.5,"2","2","2","1"
"357","LR",0,"9",0.846,0.795,"5","2",1,0.5,"2","2","2","1"
"357","LR",1,"9",0.846,0.795,"5","2",1,0.5,"2","2","2","1"
"357","LR",1,"9",0.846,0.795,"5","2",1,0.5,"2","2","2","1"
"357","LR",1,"9",0.846,0.795,"5","2",1,0.5,"2","2","2","1"
"357","LR",1,"9",0.846,0.795,"5","2",1,0.5,"2","2","2","1"
"358","FB",1,"9",0.737,0.74,"5","2",1,0.875,"2","2","3","1"
"358","FB",1,"9",0.737,0.74,"5","2",1,0.875,"2","2","3","1"
"358","FB",1,"9",0.737,0.74,"5","2",1,0.875,"2","2","3","1"
"358","FB",1,"9",0.737,0.74,"5","2",1,0.875,"2","2","3","1"
"358","FB",1,"9",0.737,0.74,"5","2",1,0.875,"2","2","3","1"
"358","FB",1,"9",0.737,0.74,"5","2",1,0.875,"2","2","3","1"
"358","FB",1,"9",0.737,0.74,"5","2",1,0.875,"2","2","3","1"
"358","FB",1,"9",0.737,0.74,"5","2",1,0.875,"2","2","3","1"
"358","LR",0,"9",0.737,0.74,"5","2",1,0.875,"2","2","3","1"
"358","LR",1,"9",0.737,0.74,"5","2",1,0.875,"2","2","3","1"
"358","LR",1,"9",0.737,0.74,"5","2",1,0.875,"2","2","3","1"
"358","LR",1,"9",0.737,0.74,"5","2",1,0.875,"2","2","3","1"
"358","LR",1,"9",0.737,0.74,"5","2",1,0.875,"2","2","3","1"
"358","LR",1,"9",0.737,0.74,"5","2",1,0.875,"2","2","3","1"
"358","LR",1,"9",0.737,0.74,"5","2",1,0.875,"2","2","3","1"
"358","LR",1,"9",0.737,0.74,"5","2",1,0.875,"2","2","3","1"
"359","FB",0,"17",0.232,0.306,"4","1",0.375,0.25,"1","1","5","2"
"359","FB",0,"17",0.232,0.306,"4","1",0.375,0.25,"1","1","5","2"
"359","FB",0,"17",0.232,0.306,"4","1",0.375,0.25,"1","1","5","2"
"359","FB",0,"17",0.232,0.306,"4","1",0.375,0.25,"1","1","5","2"
"359","FB",0,"17",0.232,0.306,"4","1",0.375,0.25,"1","1","5","2"
"359","FB",1,"17",0.232,0.306,"4","1",0.375,0.25,"1","1","5","2"
"359","FB",1,"17",0.232,0.306,"4","1",0.375,0.25,"1","1","5","2"
"359","FB",1,"17",0.232,0.306,"4","1",0.375,0.25,"1","1","5","2"
"359","LR",0,"17",0.232,0.306,"4","1",0.375,0.25,"1","1","5","2"
"359","LR",0,"17",0.232,0.306,"4","1",0.375,0.25,"1","1","5","2"
"359","LR",0,"17",0.232,0.306,"4","1",0.375,0.25,"1","1","5","2"
"359","LR",0,"17",0.232,0.306,"4","1",0.375,0.25,"1","1","5","2"
"359","LR",0,"17",0.232,0.306,"4","1",0.375,0.25,"1","1","5","2"
"359","LR",0,"17",0.232,0.306,"4","1",0.375,0.25,"1","1","5","2"
"359","LR",1,"17",0.232,0.306,"4","1",0.375,0.25,"1","1","5","2"
"359","LR",1,"17",0.232,0.306,"4","1",0.375,0.25,"1","1","5","2"
"360","FB",0,"17",0.254,0.294,"1","1",0.25,0.125,"1","1","6","2"
"360","FB",0,"17",0.254,0.294,"1","1",0.25,0.125,"1","1","6","2"
"360","FB",0,"17",0.254,0.294,"1","1",0.25,0.125,"1","1","6","2"
"360","FB",0,"17",0.254,0.294,"1","1",0.25,0.125,"1","1","6","2"
"360","FB",0,"17",0.254,0.294,"1","1",0.25,0.125,"1","1","6","2"
"360","FB",0,"17",0.254,0.294,"1","1",0.25,0.125,"1","1","6","2"
"360","FB",1,"17",0.254,0.294,"1","1",0.25,0.125,"1","1","6","2"
"360","FB",1,"17",0.254,0.294,"1","1",0.25,0.125,"1","1","6","2"
"360","LR",0,"17",0.254,0.294,"1","1",0.25,0.125,"1","1","6","2"
"360","LR",0,"17",0.254,0.294,"1","1",0.25,0.125,"1","1","6","2"
"360","LR",0,"17",0.254,0.294,"1","1",0.25,0.125,"1","1","6","2"
"360","LR",0,"17",0.254,0.294,"1","1",0.25,0.125,"1","1","6","2"
"360","LR",0,"17",0.254,0.294,"1","1",0.25,0.125,"1","1","6","2"
"360","LR",0,"17",0.254,0.294,"1","1",0.25,0.125,"1","1","6","2"
"360","LR",0,"17",0.254,0.294,"1","1",0.25,0.125,"1","1","6","2"
"360","LR",1,"17",0.254,0.294,"1","1",0.25,0.125,"1","1","6","2"
"361","FB",0,"17",0.293,0.282,"1","1",0.125,0.125,"1","1","4","2"
"361","FB",0,"17",0.293,0.282,"1","1",0.125,0.125,"1","1","4","2"
"361","FB",0,"17",0.293,0.282,"1","1",0.125,0.125,"1","1","4","2"
"361","FB",0,"17",0.293,0.282,"1","1",0.125,0.125,"1","1","4","2"
"361","FB",0,"17",0.293,0.282,"1","1",0.125,0.125,"1","1","4","2"
"361","FB",0,"17",0.293,0.282,"1","1",0.125,0.125,"1","1","4","2"
"361","FB",0,"17",0.293,0.282,"1","1",0.125,0.125,"1","1","4","2"
"361","FB",1,"17",0.293,0.282,"1","1",0.125,0.125,"1","1","4","2"
"361","LR",0,"17",0.293,0.282,"1","1",0.125,0.125,"1","1","4","2"
"361","LR",0,"17",0.293,0.282,"1","1",0.125,0.125,"1","1","4","2"
"361","LR",0,"17",0.293,0.282,"1","1",0.125,0.125,"1","1","4","2"
"361","LR",0,"17",0.293,0.282,"1","1",0.125,0.125,"1","1","4","2"
"361","LR",0,"17",0.293,0.282,"1","1",0.125,0.125,"1","1","4","2"
"361","LR",0,"17",0.293,0.282,"1","1",0.125,0.125,"1","1","4","2"
"361","LR",0,"17",0.293,0.282,"1","1",0.125,0.125,"1","1","4","2"
"361","LR",1,"17",0.293,0.282,"1","1",0.125,0.125,"1","1","4","2"
"362","FB",0,"17",0.249,0.25,"3","1",0.125,0.375,"1","1","6","2"
"362","FB",0,"17",0.249,0.25,"3","1",0.125,0.375,"1","1","6","2"
"362","FB",0,"17",0.249,0.25,"3","1",0.125,0.375,"1","1","6","2"
"362","FB",0,"17",0.249,0.25,"3","1",0.125,0.375,"1","1","6","2"
"362","FB",0,"17",0.249,0.25,"3","1",0.125,0.375,"1","1","6","2"
"362","FB",0,"17",0.249,0.25,"3","1",0.125,0.375,"1","1","6","2"
"362","FB",0,"17",0.249,0.25,"3","1",0.125,0.375,"1","1","6","2"
"362","FB",1,"17",0.249,0.25,"3","1",0.125,0.375,"1","1","6","2"
"362","LR",0,"17",0.249,0.25,"3","1",0.125,0.375,"1","1","6","2"
"362","LR",0,"17",0.249,0.25,"3","1",0.125,0.375,"1","1","6","2"
"362","LR",0,"17",0.249,0.25,"3","1",0.125,0.375,"1","1","6","2"
"362","LR",0,"17",0.249,0.25,"3","1",0.125,0.375,"1","1","6","2"
"362","LR",0,"17",0.249,0.25,"3","1",0.125,0.375,"1","1","6","2"
"362","LR",1,"17",0.249,0.25,"3","1",0.125,0.375,"1","1","6","2"
"362","LR",1,"17",0.249,0.25,"3","1",0.125,0.375,"1","1","6","2"
"362","LR",1,"17",0.249,0.25,"3","1",0.125,0.375,"1","1","6","2"
"363","FB",0,"17",0.136,0.26,"1","1",0.125,0,"1","1","4","2"
"363","FB",0,"17",0.136,0.26,"1","1",0.125,0,"1","1","4","2"
"363","FB",0,"17",0.136,0.26,"1","1",0.125,0,"1","1","4","2"
"363","FB",0,"17",0.136,0.26,"1","1",0.125,0,"1","1","4","2"
"363","FB",0,"17",0.136,0.26,"1","1",0.125,0,"1","1","4","2"
"363","FB",0,"17",0.136,0.26,"1","1",0.125,0,"1","1","4","2"
"363","FB",0,"17",0.136,0.26,"1","1",0.125,0,"1","1","4","2"
"363","FB",1,"17",0.136,0.26,"1","1",0.125,0,"1","1","4","2"
"363","LR",0,"17",0.136,0.26,"1","1",0.125,0,"1","1","4","2"
"363","LR",0,"17",0.136,0.26,"1","1",0.125,0,"1","1","4","2"
"363","LR",0,"17",0.136,0.26,"1","1",0.125,0,"1","1","4","2"
"363","LR",0,"17",0.136,0.26,"1","1",0.125,0,"1","1","4","2"
"363","LR",0,"17",0.136,0.26,"1","1",0.125,0,"1","1","4","2"
"363","LR",0,"17",0.136,0.26,"1","1",0.125,0,"1","1","4","2"
"363","LR",0,"17",0.136,0.26,"1","1",0.125,0,"1","1","4","2"
"363","LR",0,"17",0.136,0.26,"1","1",0.125,0,"1","1","4","2"
"364","FB",0,"17",0.279,0.247,"4","1",0.375,0,"1","1","6","2"
"364","FB",0,"17",0.279,0.247,"4","1",0.375,0,"1","1","6","2"
"364","FB",0,"17",0.279,0.247,"4","1",0.375,0,"1","1","6","2"
"364","FB",0,"17",0.279,0.247,"4","1",0.375,0,"1","1","6","2"
"364","FB",0,"17",0.279,0.247,"4","1",0.375,0,"1","1","6","2"
"364","FB",1,"17",0.279,0.247,"4","1",0.375,0,"1","1","6","2"
"364","FB",1,"17",0.279,0.247,"4","1",0.375,0,"1","1","6","2"
"364","FB",1,"17",0.279,0.247,"4","1",0.375,0,"1","1","6","2"
"364","LR",0,"17",0.279,0.247,"4","1",0.375,0,"1","1","6","2"
"364","LR",0,"17",0.279,0.247,"4","1",0.375,0,"1","1","6","2"
"364","LR",0,"17",0.279,0.247,"4","1",0.375,0,"1","1","6","2"
"364","LR",0,"17",0.279,0.247,"4","1",0.375,0,"1","1","6","2"
"364","LR",0,"17",0.279,0.247,"4","1",0.375,0,"1","1","6","2"
"364","LR",0,"17",0.279,0.247,"4","1",0.375,0,"1","1","6","2"
"364","LR",0,"17",0.279,0.247,"4","1",0.375,0,"1","1","6","2"
"364","LR",0,"17",0.279,0.247,"4","1",0.375,0,"1","1","6","2"
"365","FB",0,"17",0.261,0.306,"4","1",0.375,0.25,"1","1","5","2"
"365","FB",0,"17",0.261,0.306,"4","1",0.375,0.25,"1","1","5","2"
"365","FB",0,"17",0.261,0.306,"4","1",0.375,0.25,"1","1","5","2"
"365","FB",0,"17",0.261,0.306,"4","1",0.375,0.25,"1","1","5","2"
"365","FB",0,"17",0.261,0.306,"4","1",0.375,0.25,"1","1","5","2"
"365","FB",1,"17",0.261,0.306,"4","1",0.375,0.25,"1","1","5","2"
"365","FB",1,"17",0.261,0.306,"4","1",0.375,0.25,"1","1","5","2"
"365","FB",1,"17",0.261,0.306,"4","1",0.375,0.25,"1","1","5","2"
"365","LR",0,"17",0.261,0.306,"4","1",0.375,0.25,"1","1","5","2"
"365","LR",0,"17",0.261,0.306,"4","1",0.375,0.25,"1","1","5","2"
"365","LR",0,"17",0.261,0.306,"4","1",0.375,0.25,"1","1","5","2"
"365","LR",0,"17",0.261,0.306,"4","1",0.375,0.25,"1","1","5","2"
"365","LR",0,"17",0.261,0.306,"4","1",0.375,0.25,"1","1","5","2"
"365","LR",0,"17",0.261,0.306,"4","1",0.375,0.25,"1","1","5","2"
"365","LR",1,"17",0.261,0.306,"4","1",0.375,0.25,"1","1","5","2"
"365","LR",1,"17",0.261,0.306,"4","1",0.375,0.25,"1","1","5","2"
"366","FB",0,"9",0.697,0.753,"5","2",0.75,0.875,"2","2","2","1"
"366","FB",0,"9",0.697,0.753,"5","2",0.75,0.875,"2","2","2","1"
"366","FB",1,"9",0.697,0.753,"5","2",0.75,0.875,"2","2","2","1"
"366","FB",1,"9",0.697,0.753,"5","2",0.75,0.875,"2","2","2","1"
"366","FB",1,"9",0.697,0.753,"5","2",0.75,0.875,"2","2","2","1"
"366","FB",1,"9",0.697,0.753,"5","2",0.75,0.875,"2","2","2","1"
"366","FB",1,"9",0.697,0.753,"5","2",0.75,0.875,"2","2","2","1"
"366","FB",1,"9",0.697,0.753,"5","2",0.75,0.875,"2","2","2","1"
"366","LR",0,"9",0.697,0.753,"5","2",0.75,0.875,"2","2","2","1"
"366","LR",1,"9",0.697,0.753,"5","2",0.75,0.875,"2","2","2","1"
"366","LR",1,"9",0.697,0.753,"5","2",0.75,0.875,"2","2","2","1"
"366","LR",1,"9",0.697,0.753,"5","2",0.75,0.875,"2","2","2","1"
"366","LR",1,"9",0.697,0.753,"5","2",0.75,0.875,"2","2","2","1"
"366","LR",1,"9",0.697,0.753,"5","2",0.75,0.875,"2","2","2","1"
"366","LR",1,"9",0.697,0.753,"5","2",0.75,0.875,"2","2","2","1"
"366","LR",1,"9",0.697,0.753,"5","2",0.75,0.875,"2","2","2","1"
"367","FB",0,"17",0.331,0.322,"4","1",0.375,0.5,"1","1","5","2"
"367","FB",0,"17",0.331,0.322,"4","1",0.375,0.5,"1","1","5","2"
"367","FB",0,"17",0.331,0.322,"4","1",0.375,0.5,"1","1","5","2"
"367","FB",0,"17",0.331,0.322,"4","1",0.375,0.5,"1","1","5","2"
"367","FB",0,"17",0.331,0.322,"4","1",0.375,0.5,"1","1","5","2"
"367","FB",1,"17",0.331,0.322,"4","1",0.375,0.5,"1","1","5","2"
"367","FB",1,"17",0.331,0.322,"4","1",0.375,0.5,"1","1","5","2"
"367","FB",1,"17",0.331,0.322,"4","1",0.375,0.5,"1","1","5","2"
"367","LR",0,"17",0.331,0.322,"4","1",0.375,0.5,"1","1","5","2"
"367","LR",0,"17",0.331,0.322,"4","1",0.375,0.5,"1","1","5","2"
"367","LR",0,"17",0.331,0.322,"4","1",0.375,0.5,"1","1","5","2"
"367","LR",0,"17",0.331,0.322,"4","1",0.375,0.5,"1","1","5","2"
"367","LR",1,"17",0.331,0.322,"4","1",0.375,0.5,"1","1","5","2"
"367","LR",1,"17",0.331,0.322,"4","1",0.375,0.5,"1","1","5","2"
"367","LR",1,"17",0.331,0.322,"4","1",0.375,0.5,"1","1","5","2"
"367","LR",1,"17",0.331,0.322,"4","1",0.375,0.5,"1","1","5","2"
"368","FB",0,"17",0.193,0.239,"3","1",0.25,0.375,"1","1","5","2"
"368","FB",0,"17",0.193,0.239,"3","1",0.25,0.375,"1","1","5","2"
"368","FB",0,"17",0.193,0.239,"3","1",0.25,0.375,"1","1","5","2"
"368","FB",0,"17",0.193,0.239,"3","1",0.25,0.375,"1","1","5","2"
"368","FB",0,"17",0.193,0.239,"3","1",0.25,0.375,"1","1","5","2"
"368","FB",0,"17",0.193,0.239,"3","1",0.25,0.375,"1","1","5","2"
"368","FB",1,"17",0.193,0.239,"3","1",0.25,0.375,"1","1","5","2"
"368","FB",1,"17",0.193,0.239,"3","1",0.25,0.375,"1","1","5","2"
"368","LR",0,"17",0.193,0.239,"3","1",0.25,0.375,"1","1","5","2"
"368","LR",0,"17",0.193,0.239,"3","1",0.25,0.375,"1","1","5","2"
"368","LR",0,"17",0.193,0.239,"3","1",0.25,0.375,"1","1","5","2"
"368","LR",0,"17",0.193,0.239,"3","1",0.25,0.375,"1","1","5","2"
"368","LR",0,"17",0.193,0.239,"3","1",0.25,0.375,"1","1","5","2"
"368","LR",1,"17",0.193,0.239,"3","1",0.25,0.375,"1","1","5","2"
"368","LR",1,"17",0.193,0.239,"3","1",0.25,0.375,"1","1","5","2"
"368","LR",1,"17",0.193,0.239,"3","1",0.25,0.375,"1","1","5","2"
"369","FB",0,"9",0.657,0.837,"2","2",0.625,0.875,"2","2","2","1"
"369","FB",0,"9",0.657,0.837,"2","2",0.625,0.875,"2","2","2","1"
"369","FB",0,"9",0.657,0.837,"2","2",0.625,0.875,"2","2","2","1"
"369","FB",1,"9",0.657,0.837,"2","2",0.625,0.875,"2","2","2","1"
"369","FB",1,"9",0.657,0.837,"2","2",0.625,0.875,"2","2","2","1"
"369","FB",1,"9",0.657,0.837,"2","2",0.625,0.875,"2","2","2","1"
"369","FB",1,"9",0.657,0.837,"2","2",0.625,0.875,"2","2","2","1"
"369","FB",1,"9",0.657,0.837,"2","2",0.625,0.875,"2","2","2","1"
"369","LR",0,"9",0.657,0.837,"2","2",0.625,0.875,"2","2","2","1"
"369","LR",1,"9",0.657,0.837,"2","2",0.625,0.875,"2","2","2","1"
"369","LR",1,"9",0.657,0.837,"2","2",0.625,0.875,"2","2","2","1"
"369","LR",1,"9",0.657,0.837,"2","2",0.625,0.875,"2","2","2","1"
"369","LR",1,"9",0.657,0.837,"2","2",0.625,0.875,"2","2","2","1"
"369","LR",1,"9",0.657,0.837,"2","2",0.625,0.875,"2","2","2","1"
"369","LR",1,"9",0.657,0.837,"2","2",0.625,0.875,"2","2","2","1"
"369","LR",1,"9",0.657,0.837,"2","2",0.625,0.875,"2","2","2","1"
"370","FB",0,"17",0.294,0.225,"4","1",0.375,0.375,"1","1","5","2"
"370","FB",0,"17",0.294,0.225,"4","1",0.375,0.375,"1","1","5","2"
"370","FB",0,"17",0.294,0.225,"4","1",0.375,0.375,"1","1","5","2"
"370","FB",0,"17",0.294,0.225,"4","1",0.375,0.375,"1","1","5","2"
"370","FB",0,"17",0.294,0.225,"4","1",0.375,0.375,"1","1","5","2"
"370","FB",1,"17",0.294,0.225,"4","1",0.375,0.375,"1","1","5","2"
"370","FB",1,"17",0.294,0.225,"4","1",0.375,0.375,"1","1","5","2"
"370","FB",1,"17",0.294,0.225,"4","1",0.375,0.375,"1","1","5","2"
"370","LR",0,"17",0.294,0.225,"4","1",0.375,0.375,"1","1","5","2"
"370","LR",0,"17",0.294,0.225,"4","1",0.375,0.375,"1","1","5","2"
"370","LR",0,"17",0.294,0.225,"4","1",0.375,0.375,"1","1","5","2"
"370","LR",0,"17",0.294,0.225,"4","1",0.375,0.375,"1","1","5","2"
"370","LR",0,"17",0.294,0.225,"4","1",0.375,0.375,"1","1","5","2"
"370","LR",1,"17",0.294,0.225,"4","1",0.375,0.375,"1","1","5","2"
"370","LR",1,"17",0.294,0.225,"4","1",0.375,0.375,"1","1","5","2"
"370","LR",1,"17",0.294,0.225,"4","1",0.375,0.375,"1","1","5","2"
"371","FB",0,"17",0.265,0.259,"3","1",0.25,0.375,"1","1","5","2"
"371","FB",0,"17",0.265,0.259,"3","1",0.25,0.375,"1","1","5","2"
"371","FB",0,"17",0.265,0.259,"3","1",0.25,0.375,"1","1","5","2"
"371","FB",0,"17",0.265,0.259,"3","1",0.25,0.375,"1","1","5","2"
"371","FB",0,"17",0.265,0.259,"3","1",0.25,0.375,"1","1","5","2"
"371","FB",0,"17",0.265,0.259,"3","1",0.25,0.375,"1","1","5","2"
"371","FB",1,"17",0.265,0.259,"3","1",0.25,0.375,"1","1","5","2"
"371","FB",1,"17",0.265,0.259,"3","1",0.25,0.375,"1","1","5","2"
"371","LR",0,"17",0.265,0.259,"3","1",0.25,0.375,"1","1","5","2"
"371","LR",0,"17",0.265,0.259,"3","1",0.25,0.375,"1","1","5","2"
"371","LR",0,"17",0.265,0.259,"3","1",0.25,0.375,"1","1","5","2"
"371","LR",0,"17",0.265,0.259,"3","1",0.25,0.375,"1","1","5","2"
"371","LR",0,"17",0.265,0.259,"3","1",0.25,0.375,"1","1","5","2"
"371","LR",1,"17",0.265,0.259,"3","1",0.25,0.375,"1","1","5","2"
"371","LR",1,"17",0.265,0.259,"3","1",0.25,0.375,"1","1","5","2"
"371","LR",1,"17",0.265,0.259,"3","1",0.25,0.375,"1","1","5","2"
"372","FB",0,"17",0.267,0.212,"4","1",0.375,0.125,"1","1","6","2"
"372","FB",0,"17",0.267,0.212,"4","1",0.375,0.125,"1","1","6","2"
"372","FB",0,"17",0.267,0.212,"4","1",0.375,0.125,"1","1","6","2"
"372","FB",0,"17",0.267,0.212,"4","1",0.375,0.125,"1","1","6","2"
"372","FB",0,"17",0.267,0.212,"4","1",0.375,0.125,"1","1","6","2"
"372","FB",1,"17",0.267,0.212,"4","1",0.375,0.125,"1","1","6","2"
"372","FB",1,"17",0.267,0.212,"4","1",0.375,0.125,"1","1","6","2"
"372","FB",1,"17",0.267,0.212,"4","1",0.375,0.125,"1","1","6","2"
"372","LR",0,"17",0.267,0.212,"4","1",0.375,0.125,"1","1","6","2"
"372","LR",0,"17",0.267,0.212,"4","1",0.375,0.125,"1","1","6","2"
"372","LR",0,"17",0.267,0.212,"4","1",0.375,0.125,"1","1","6","2"
"372","LR",0,"17",0.267,0.212,"4","1",0.375,0.125,"1","1","6","2"
"372","LR",0,"17",0.267,0.212,"4","1",0.375,0.125,"1","1","6","2"
"372","LR",0,"17",0.267,0.212,"4","1",0.375,0.125,"1","1","6","2"
"372","LR",0,"17",0.267,0.212,"4","1",0.375,0.125,"1","1","6","2"
"372","LR",1,"17",0.267,0.212,"4","1",0.375,0.125,"1","1","6","2"
"373","FB",0,"17",0.24,0.243,"1","1",0.25,0,"1","1","4","2"
"373","FB",0,"17",0.24,0.243,"1","1",0.25,0,"1","1","4","2"
"373","FB",0,"17",0.24,0.243,"1","1",0.25,0,"1","1","4","2"
"373","FB",0,"17",0.24,0.243,"1","1",0.25,0,"1","1","4","2"
"373","FB",0,"17",0.24,0.243,"1","1",0.25,0,"1","1","4","2"
"373","FB",0,"17",0.24,0.243,"1","1",0.25,0,"1","1","4","2"
"373","FB",1,"17",0.24,0.243,"1","1",0.25,0,"1","1","4","2"
"373","FB",1,"17",0.24,0.243,"1","1",0.25,0,"1","1","4","2"
"373","LR",0,"17",0.24,0.243,"1","1",0.25,0,"1","1","4","2"
"373","LR",0,"17",0.24,0.243,"1","1",0.25,0,"1","1","4","2"
"373","LR",0,"17",0.24,0.243,"1","1",0.25,0,"1","1","4","2"
"373","LR",0,"17",0.24,0.243,"1","1",0.25,0,"1","1","4","2"
"373","LR",0,"17",0.24,0.243,"1","1",0.25,0,"1","1","4","2"
"373","LR",0,"17",0.24,0.243,"1","1",0.25,0,"1","1","4","2"
"373","LR",0,"17",0.24,0.243,"1","1",0.25,0,"1","1","4","2"
"373","LR",0,"17",0.24,0.243,"1","1",0.25,0,"1","1","4","2"
"374","FB",0,"9",0.783,0.676,"2","2",0.625,0.625,"2","2","1","1"
"374","FB",0,"9",0.783,0.676,"2","2",0.625,0.625,"2","2","1","1"
"374","FB",0,"9",0.783,0.676,"2","2",0.625,0.625,"2","2","1","1"
"374","FB",1,"9",0.783,0.676,"2","2",0.625,0.625,"2","2","1","1"
"374","FB",1,"9",0.783,0.676,"2","2",0.625,0.625,"2","2","1","1"
"374","FB",1,"9",0.783,0.676,"2","2",0.625,0.625,"2","2","1","1"
"374","FB",1,"9",0.783,0.676,"2","2",0.625,0.625,"2","2","1","1"
"374","FB",1,"9",0.783,0.676,"2","2",0.625,0.625,"2","2","1","1"
"374","LR",0,"9",0.783,0.676,"2","2",0.625,0.625,"2","2","1","1"
"374","LR",0,"9",0.783,0.676,"2","2",0.625,0.625,"2","2","1","1"
"374","LR",0,"9",0.783,0.676,"2","2",0.625,0.625,"2","2","1","1"
"374","LR",1,"9",0.783,0.676,"2","2",0.625,0.625,"2","2","1","1"
"374","LR",1,"9",0.783,0.676,"2","2",0.625,0.625,"2","2","1","1"
"374","LR",1,"9",0.783,0.676,"2","2",0.625,0.625,"2","2","1","1"
"374","LR",1,"9",0.783,0.676,"2","2",0.625,0.625,"2","2","1","1"
"374","LR",1,"9",0.783,0.676,"2","2",0.625,0.625,"2","2","1","1"
"375","FB",0,"9",0.695,0.889,"5","2",0.875,0.875,"2","2","3","1"
"375","FB",1,"9",0.695,0.889,"5","2",0.875,0.875,"2","2","3","1"
"375","FB",1,"9",0.695,0.889,"5","2",0.875,0.875,"2","2","3","1"
"375","FB",1,"9",0.695,0.889,"5","2",0.875,0.875,"2","2","3","1"
"375","FB",1,"9",0.695,0.889,"5","2",0.875,0.875,"2","2","3","1"
"375","FB",1,"9",0.695,0.889,"5","2",0.875,0.875,"2","2","3","1"
"375","FB",1,"9",0.695,0.889,"5","2",0.875,0.875,"2","2","3","1"
"375","FB",1,"9",0.695,0.889,"5","2",0.875,0.875,"2","2","3","1"
"375","LR",0,"9",0.695,0.889,"5","2",0.875,0.875,"2","2","3","1"
"375","LR",1,"9",0.695,0.889,"5","2",0.875,0.875,"2","2","3","1"
"375","LR",1,"9",0.695,0.889,"5","2",0.875,0.875,"2","2","3","1"
"375","LR",1,"9",0.695,0.889,"5","2",0.875,0.875,"2","2","3","1"
"375","LR",1,"9",0.695,0.889,"5","2",0.875,0.875,"2","2","3","1"
"375","LR",1,"9",0.695,0.889,"5","2",0.875,0.875,"2","2","3","1"
"375","LR",1,"9",0.695,0.889,"5","2",0.875,0.875,"2","2","3","1"
"375","LR",1,"9",0.695,0.889,"5","2",0.875,0.875,"2","2","3","1"
"376","FB",0,"17",0.261,0.239,"4","1",0.375,0.125,"1","1","6","2"
"376","FB",0,"17",0.261,0.239,"4","1",0.375,0.125,"1","1","6","2"
"376","FB",0,"17",0.261,0.239,"4","1",0.375,0.125,"1","1","6","2"
"376","FB",0,"17",0.261,0.239,"4","1",0.375,0.125,"1","1","6","2"
"376","FB",0,"17",0.261,0.239,"4","1",0.375,0.125,"1","1","6","2"
"376","FB",1,"17",0.261,0.239,"4","1",0.375,0.125,"1","1","6","2"
"376","FB",1,"17",0.261,0.239,"4","1",0.375,0.125,"1","1","6","2"
"376","FB",1,"17",0.261,0.239,"4","1",0.375,0.125,"1","1","6","2"
"376","LR",0,"17",0.261,0.239,"4","1",0.375,0.125,"1","1","6","2"
"376","LR",0,"17",0.261,0.239,"4","1",0.375,0.125,"1","1","6","2"
"376","LR",0,"17",0.261,0.239,"4","1",0.375,0.125,"1","1","6","2"
"376","LR",0,"17",0.261,0.239,"4","1",0.375,0.125,"1","1","6","2"
"376","LR",0,"17",0.261,0.239,"4","1",0.375,0.125,"1","1","6","2"
"376","LR",0,"17",0.261,0.239,"4","1",0.375,0.125,"1","1","6","2"
"376","LR",0,"17",0.261,0.239,"4","1",0.375,0.125,"1","1","6","2"
"376","LR",1,"17",0.261,0.239,"4","1",0.375,0.125,"1","1","6","2"
"377","FB",0,"9",0.813,0.729,"5","2",0.875,0.75,"2","2","2","1"
"377","FB",1,"9",0.813,0.729,"5","2",0.875,0.75,"2","2","2","1"
"377","FB",1,"9",0.813,0.729,"5","2",0.875,0.75,"2","2","2","1"
"377","FB",1,"9",0.813,0.729,"5","2",0.875,0.75,"2","2","2","1"
"377","FB",1,"9",0.813,0.729,"5","2",0.875,0.75,"2","2","2","1"
"377","FB",1,"9",0.813,0.729,"5","2",0.875,0.75,"2","2","2","1"
"377","FB",1,"9",0.813,0.729,"5","2",0.875,0.75,"2","2","2","1"
"377","FB",1,"9",0.813,0.729,"5","2",0.875,0.75,"2","2","2","1"
"377","LR",0,"9",0.813,0.729,"5","2",0.875,0.75,"2","2","2","1"
"377","LR",0,"9",0.813,0.729,"5","2",0.875,0.75,"2","2","2","1"
"377","LR",1,"9",0.813,0.729,"5","2",0.875,0.75,"2","2","2","1"
"377","LR",1,"9",0.813,0.729,"5","2",0.875,0.75,"2","2","2","1"
"377","LR",1,"9",0.813,0.729,"5","2",0.875,0.75,"2","2","2","1"
"377","LR",1,"9",0.813,0.729,"5","2",0.875,0.75,"2","2","2","1"
"377","LR",1,"9",0.813,0.729,"5","2",0.875,0.75,"2","2","2","1"
"377","LR",1,"9",0.813,0.729,"5","2",0.875,0.75,"2","2","2","1"
"378","FB",0,"9",0.705,0.675,"2","2",0.5,0.625,"2","2","1","1"
"378","FB",0,"9",0.705,0.675,"2","2",0.5,0.625,"2","2","1","1"
"378","FB",0,"9",0.705,0.675,"2","2",0.5,0.625,"2","2","1","1"
"378","FB",0,"9",0.705,0.675,"2","2",0.5,0.625,"2","2","1","1"
"378","FB",1,"9",0.705,0.675,"2","2",0.5,0.625,"2","2","1","1"
"378","FB",1,"9",0.705,0.675,"2","2",0.5,0.625,"2","2","1","1"
"378","FB",1,"9",0.705,0.675,"2","2",0.5,0.625,"2","2","1","1"
"378","FB",1,"9",0.705,0.675,"2","2",0.5,0.625,"2","2","1","1"
"378","LR",0,"9",0.705,0.675,"2","2",0.5,0.625,"2","2","1","1"
"378","LR",0,"9",0.705,0.675,"2","2",0.5,0.625,"2","2","1","1"
"378","LR",0,"9",0.705,0.675,"2","2",0.5,0.625,"2","2","1","1"
"378","LR",1,"9",0.705,0.675,"2","2",0.5,0.625,"2","2","1","1"
"378","LR",1,"9",0.705,0.675,"2","2",0.5,0.625,"2","2","1","1"
"378","LR",1,"9",0.705,0.675,"2","2",0.5,0.625,"2","2","1","1"
"378","LR",1,"9",0.705,0.675,"2","2",0.5,0.625,"2","2","1","1"
"378","LR",1,"9",0.705,0.675,"2","2",0.5,0.625,"2","2","1","1"
"379","FB",0,"9",0.567,0.823,"2","2",0.625,1,"2","2","2","1"
"379","FB",0,"9",0.567,0.823,"2","2",0.625,1,"2","2","2","1"
"379","FB",0,"9",0.567,0.823,"2","2",0.625,1,"2","2","2","1"
"379","FB",1,"9",0.567,0.823,"2","2",0.625,1,"2","2","2","1"
"379","FB",1,"9",0.567,0.823,"2","2",0.625,1,"2","2","2","1"
"379","FB",1,"9",0.567,0.823,"2","2",0.625,1,"2","2","2","1"
"379","FB",1,"9",0.567,0.823,"2","2",0.625,1,"2","2","2","1"
"379","FB",1,"9",0.567,0.823,"2","2",0.625,1,"2","2","2","1"
"379","LR",1,"9",0.567,0.823,"2","2",0.625,1,"2","2","2","1"
"379","LR",1,"9",0.567,0.823,"2","2",0.625,1,"2","2","2","1"
"379","LR",1,"9",0.567,0.823,"2","2",0.625,1,"2","2","2","1"
"379","LR",1,"9",0.567,0.823,"2","2",0.625,1,"2","2","2","1"
"379","LR",1,"9",0.567,0.823,"2","2",0.625,1,"2","2","2","1"
"379","LR",1,"9",0.567,0.823,"2","2",0.625,1,"2","2","2","1"
"379","LR",1,"9",0.567,0.823,"2","2",0.625,1,"2","2","2","1"
"379","LR",1,"9",0.567,0.823,"2","2",0.625,1,"2","2","2","1"
"380","FB",0,"9",0.689,0.791,"2","2",0.5,0.625,"2","2","1","1"
"380","FB",0,"9",0.689,0.791,"2","2",0.5,0.625,"2","2","1","1"
"380","FB",0,"9",0.689,0.791,"2","2",0.5,0.625,"2","2","1","1"
"380","FB",0,"9",0.689,0.791,"2","2",0.5,0.625,"2","2","1","1"
"380","FB",1,"9",0.689,0.791,"2","2",0.5,0.625,"2","2","1","1"
"380","FB",1,"9",0.689,0.791,"2","2",0.5,0.625,"2","2","1","1"
"380","FB",1,"9",0.689,0.791,"2","2",0.5,0.625,"2","2","1","1"
"380","FB",1,"9",0.689,0.791,"2","2",0.5,0.625,"2","2","1","1"
"380","LR",0,"9",0.689,0.791,"2","2",0.5,0.625,"2","2","1","1"
"380","LR",0,"9",0.689,0.791,"2","2",0.5,0.625,"2","2","1","1"
"380","LR",0,"9",0.689,0.791,"2","2",0.5,0.625,"2","2","1","1"
"380","LR",1,"9",0.689,0.791,"2","2",0.5,0.625,"2","2","1","1"
"380","LR",1,"9",0.689,0.791,"2","2",0.5,0.625,"2","2","1","1"
"380","LR",1,"9",0.689,0.791,"2","2",0.5,0.625,"2","2","1","1"
"380","LR",1,"9",0.689,0.791,"2","2",0.5,0.625,"2","2","1","1"
"380","LR",1,"9",0.689,0.791,"2","2",0.5,0.625,"2","2","1","1"
"381","FB",0,"9",0.792,0.712,"5","2",0.875,0.875,"2","2","3","1"
"381","FB",1,"9",0.792,0.712,"5","2",0.875,0.875,"2","2","3","1"
"381","FB",1,"9",0.792,0.712,"5","2",0.875,0.875,"2","2","3","1"
"381","FB",1,"9",0.792,0.712,"5","2",0.875,0.875,"2","2","3","1"
"381","FB",1,"9",0.792,0.712,"5","2",0.875,0.875,"2","2","3","1"
"381","FB",1,"9",0.792,0.712,"5","2",0.875,0.875,"2","2","3","1"
"381","FB",1,"9",0.792,0.712,"5","2",0.875,0.875,"2","2","3","1"
"381","FB",1,"9",0.792,0.712,"5","2",0.875,0.875,"2","2","3","1"
"381","LR",0,"9",0.792,0.712,"5","2",0.875,0.875,"2","2","3","1"
"381","LR",1,"9",0.792,0.712,"5","2",0.875,0.875,"2","2","3","1"
"381","LR",1,"9",0.792,0.712,"5","2",0.875,0.875,"2","2","3","1"
"381","LR",1,"9",0.792,0.712,"5","2",0.875,0.875,"2","2","3","1"
"381","LR",1,"9",0.792,0.712,"5","2",0.875,0.875,"2","2","3","1"
"381","LR",1,"9",0.792,0.712,"5","2",0.875,0.875,"2","2","3","1"
"381","LR",1,"9",0.792,0.712,"5","2",0.875,0.875,"2","2","3","1"
"381","LR",1,"9",0.792,0.712,"5","2",0.875,0.875,"2","2","3","1"
"382","FB",0,"17",0.186,0.231,"1","1",0.25,0,"1","1","4","2"
"382","FB",0,"17",0.186,0.231,"1","1",0.25,0,"1","1","4","2"
"382","FB",0,"17",0.186,0.231,"1","1",0.25,0,"1","1","4","2"
"382","FB",0,"17",0.186,0.231,"1","1",0.25,0,"1","1","4","2"
"382","FB",0,"17",0.186,0.231,"1","1",0.25,0,"1","1","4","2"
"382","FB",0,"17",0.186,0.231,"1","1",0.25,0,"1","1","4","2"
"382","FB",1,"17",0.186,0.231,"1","1",0.25,0,"1","1","4","2"
"382","FB",1,"17",0.186,0.231,"1","1",0.25,0,"1","1","4","2"
"382","LR",0,"17",0.186,0.231,"1","1",0.25,0,"1","1","4","2"
"382","LR",0,"17",0.186,0.231,"1","1",0.25,0,"1","1","4","2"
"382","LR",0,"17",0.186,0.231,"1","1",0.25,0,"1","1","4","2"
"382","LR",0,"17",0.186,0.231,"1","1",0.25,0,"1","1","4","2"
"382","LR",0,"17",0.186,0.231,"1","1",0.25,0,"1","1","4","2"
"382","LR",0,"17",0.186,0.231,"1","1",0.25,0,"1","1","4","2"
"382","LR",0,"17",0.186,0.231,"1","1",0.25,0,"1","1","4","2"
"382","LR",0,"17",0.186,0.231,"1","1",0.25,0,"1","1","4","2"
"383","FB",0,"17",0.244,0.288,"4","1",0.5,0.25,"1","1","5","2"
"383","FB",0,"17",0.244,0.288,"4","1",0.5,0.25,"1","1","5","2"
"383","FB",0,"17",0.244,0.288,"4","1",0.5,0.25,"1","1","5","2"
"383","FB",0,"17",0.244,0.288,"4","1",0.5,0.25,"1","1","5","2"
"383","FB",1,"17",0.244,0.288,"4","1",0.5,0.25,"1","1","5","2"
"383","FB",1,"17",0.244,0.288,"4","1",0.5,0.25,"1","1","5","2"
"383","FB",1,"17",0.244,0.288,"4","1",0.5,0.25,"1","1","5","2"
"383","FB",1,"17",0.244,0.288,"4","1",0.5,0.25,"1","1","5","2"
"383","LR",0,"17",0.244,0.288,"4","1",0.5,0.25,"1","1","5","2"
"383","LR",0,"17",0.244,0.288,"4","1",0.5,0.25,"1","1","5","2"
"383","LR",0,"17",0.244,0.288,"4","1",0.5,0.25,"1","1","5","2"
"383","LR",0,"17",0.244,0.288,"4","1",0.5,0.25,"1","1","5","2"
"383","LR",0,"17",0.244,0.288,"4","1",0.5,0.25,"1","1","5","2"
"383","LR",0,"17",0.244,0.288,"4","1",0.5,0.25,"1","1","5","2"
"383","LR",1,"17",0.244,0.288,"4","1",0.5,0.25,"1","1","5","2"
"383","LR",1,"17",0.244,0.288,"4","1",0.5,0.25,"1","1","5","2"
"384","FB",0,"17",0.224,0.214,"1","1",0.125,0,"1","1","4","2"
"384","FB",0,"17",0.224,0.214,"1","1",0.125,0,"1","1","4","2"
"384","FB",0,"17",0.224,0.214,"1","1",0.125,0,"1","1","4","2"
"384","FB",0,"17",0.224,0.214,"1","1",0.125,0,"1","1","4","2"
"384","FB",0,"17",0.224,0.214,"1","1",0.125,0,"1","1","4","2"
"384","FB",0,"17",0.224,0.214,"1","1",0.125,0,"1","1","4","2"
"384","FB",0,"17",0.224,0.214,"1","1",0.125,0,"1","1","4","2"
"384","FB",1,"17",0.224,0.214,"1","1",0.125,0,"1","1","4","2"
"384","LR",0,"17",0.224,0.214,"1","1",0.125,0,"1","1","4","2"
"384","LR",0,"17",0.224,0.214,"1","1",0.125,0,"1","1","4","2"
"384","LR",0,"17",0.224,0.214,"1","1",0.125,0,"1","1","4","2"
"384","LR",0,"17",0.224,0.214,"1","1",0.125,0,"1","1","4","2"
"384","LR",0,"17",0.224,0.214,"1","1",0.125,0,"1","1","4","2"
"384","LR",0,"17",0.224,0.214,"1","1",0.125,0,"1","1","4","2"
"384","LR",0,"17",0.224,0.214,"1","1",0.125,0,"1","1","4","2"
"384","LR",0,"17",0.224,0.214,"1","1",0.125,0,"1","1","4","2"
"385","FB",0,"17",0.22,0.275,"4","1",0.375,0.125,"1","1","6","2"
"385","FB",0,"17",0.22,0.275,"4","1",0.375,0.125,"1","1","6","2"
"385","FB",0,"17",0.22,0.275,"4","1",0.375,0.125,"1","1","6","2"
"385","FB",0,"17",0.22,0.275,"4","1",0.375,0.125,"1","1","6","2"
"385","FB",0,"17",0.22,0.275,"4","1",0.375,0.125,"1","1","6","2"
"385","FB",1,"17",0.22,0.275,"4","1",0.375,0.125,"1","1","6","2"
"385","FB",1,"17",0.22,0.275,"4","1",0.375,0.125,"1","1","6","2"
"385","FB",1,"17",0.22,0.275,"4","1",0.375,0.125,"1","1","6","2"
"385","LR",0,"17",0.22,0.275,"4","1",0.375,0.125,"1","1","6","2"
"385","LR",0,"17",0.22,0.275,"4","1",0.375,0.125,"1","1","6","2"
"385","LR",0,"17",0.22,0.275,"4","1",0.375,0.125,"1","1","6","2"
"385","LR",0,"17",0.22,0.275,"4","1",0.375,0.125,"1","1","6","2"
"385","LR",0,"17",0.22,0.275,"4","1",0.375,0.125,"1","1","6","2"
"385","LR",0,"17",0.22,0.275,"4","1",0.375,0.125,"1","1","6","2"
"385","LR",0,"17",0.22,0.275,"4","1",0.375,0.125,"1","1","6","2"
"385","LR",1,"17",0.22,0.275,"4","1",0.375,0.125,"1","1","6","2"
"386","FB",0,"9",0.657,0.844,"2","2",0.625,0.75,"2","2","1","1"
"386","FB",0,"9",0.657,0.844,"2","2",0.625,0.75,"2","2","1","1"
"386","FB",0,"9",0.657,0.844,"2","2",0.625,0.75,"2","2","1","1"
"386","FB",1,"9",0.657,0.844,"2","2",0.625,0.75,"2","2","1","1"
"386","FB",1,"9",0.657,0.844,"2","2",0.625,0.75,"2","2","1","1"
"386","FB",1,"9",0.657,0.844,"2","2",0.625,0.75,"2","2","1","1"
"386","FB",1,"9",0.657,0.844,"2","2",0.625,0.75,"2","2","1","1"
"386","FB",1,"9",0.657,0.844,"2","2",0.625,0.75,"2","2","1","1"
"386","LR",0,"9",0.657,0.844,"2","2",0.625,0.75,"2","2","1","1"
"386","LR",0,"9",0.657,0.844,"2","2",0.625,0.75,"2","2","1","1"
"386","LR",1,"9",0.657,0.844,"2","2",0.625,0.75,"2","2","1","1"
"386","LR",1,"9",0.657,0.844,"2","2",0.625,0.75,"2","2","1","1"
"386","LR",1,"9",0.657,0.844,"2","2",0.625,0.75,"2","2","1","1"
"386","LR",1,"9",0.657,0.844,"2","2",0.625,0.75,"2","2","1","1"
"386","LR",1,"9",0.657,0.844,"2","2",0.625,0.75,"2","2","1","1"
"386","LR",1,"9",0.657,0.844,"2","2",0.625,0.75,"2","2","1","1"
"387","FB",0,"17",0.299,0.241,"4","1",0.375,0.125,"1","1","6","2"
"387","FB",0,"17",0.299,0.241,"4","1",0.375,0.125,"1","1","6","2"
"387","FB",0,"17",0.299,0.241,"4","1",0.375,0.125,"1","1","6","2"
"387","FB",0,"17",0.299,0.241,"4","1",0.375,0.125,"1","1","6","2"
"387","FB",0,"17",0.299,0.241,"4","1",0.375,0.125,"1","1","6","2"
"387","FB",1,"17",0.299,0.241,"4","1",0.375,0.125,"1","1","6","2"
"387","FB",1,"17",0.299,0.241,"4","1",0.375,0.125,"1","1","6","2"
"387","FB",1,"17",0.299,0.241,"4","1",0.375,0.125,"1","1","6","2"
"387","LR",0,"17",0.299,0.241,"4","1",0.375,0.125,"1","1","6","2"
"387","LR",0,"17",0.299,0.241,"4","1",0.375,0.125,"1","1","6","2"
"387","LR",0,"17",0.299,0.241,"4","1",0.375,0.125,"1","1","6","2"
"387","LR",0,"17",0.299,0.241,"4","1",0.375,0.125,"1","1","6","2"
"387","LR",0,"17",0.299,0.241,"4","1",0.375,0.125,"1","1","6","2"
"387","LR",0,"17",0.299,0.241,"4","1",0.375,0.125,"1","1","6","2"
"387","LR",0,"17",0.299,0.241,"4","1",0.375,0.125,"1","1","6","2"
"387","LR",1,"17",0.299,0.241,"4","1",0.375,0.125,"1","1","6","2"
"388","FB",0,"9",0.632,0.743,"5","2",0.875,0.375,"2","2","1","1"
"388","FB",1,"9",0.632,0.743,"5","2",0.875,0.375,"2","2","1","1"
"388","FB",1,"9",0.632,0.743,"5","2",0.875,0.375,"2","2","1","1"
"388","FB",1,"9",0.632,0.743,"5","2",0.875,0.375,"2","2","1","1"
"388","FB",1,"9",0.632,0.743,"5","2",0.875,0.375,"2","2","1","1"
"388","FB",1,"9",0.632,0.743,"5","2",0.875,0.375,"2","2","1","1"
"388","FB",1,"9",0.632,0.743,"5","2",0.875,0.375,"2","2","1","1"
"388","FB",1,"9",0.632,0.743,"5","2",0.875,0.375,"2","2","1","1"
"388","LR",0,"9",0.632,0.743,"5","2",0.875,0.375,"2","2","1","1"
"388","LR",0,"9",0.632,0.743,"5","2",0.875,0.375,"2","2","1","1"
"388","LR",0,"9",0.632,0.743,"5","2",0.875,0.375,"2","2","1","1"
"388","LR",0,"9",0.632,0.743,"5","2",0.875,0.375,"2","2","1","1"
"388","LR",0,"9",0.632,0.743,"5","2",0.875,0.375,"2","2","1","1"
"388","LR",1,"9",0.632,0.743,"5","2",0.875,0.375,"2","2","1","1"
"388","LR",1,"9",0.632,0.743,"5","2",0.875,0.375,"2","2","1","1"
"388","LR",1,"9",0.632,0.743,"5","2",0.875,0.375,"2","2","1","1"
"389","FB",0,"9",0.724,0.707,"2","2",0.625,1,"2","2","2","1"
"389","FB",0,"9",0.724,0.707,"2","2",0.625,1,"2","2","2","1"
"389","FB",0,"9",0.724,0.707,"2","2",0.625,1,"2","2","2","1"
"389","FB",1,"9",0.724,0.707,"2","2",0.625,1,"2","2","2","1"
"389","FB",1,"9",0.724,0.707,"2","2",0.625,1,"2","2","2","1"
"389","FB",1,"9",0.724,0.707,"2","2",0.625,1,"2","2","2","1"
"389","FB",1,"9",0.724,0.707,"2","2",0.625,1,"2","2","2","1"
"389","FB",1,"9",0.724,0.707,"2","2",0.625,1,"2","2","2","1"
"389","LR",1,"9",0.724,0.707,"2","2",0.625,1,"2","2","2","1"
"389","LR",1,"9",0.724,0.707,"2","2",0.625,1,"2","2","2","1"
"389","LR",1,"9",0.724,0.707,"2","2",0.625,1,"2","2","2","1"
"389","LR",1,"9",0.724,0.707,"2","2",0.625,1,"2","2","2","1"
"389","LR",1,"9",0.724,0.707,"2","2",0.625,1,"2","2","2","1"
"389","LR",1,"9",0.724,0.707,"2","2",0.625,1,"2","2","2","1"
"389","LR",1,"9",0.724,0.707,"2","2",0.625,1,"2","2","2","1"
"389","LR",1,"9",0.724,0.707,"2","2",0.625,1,"2","2","2","1"
"390","FB",0,"9",0.689,0.778,"5","2",0.75,0.75,"2","2","2","1"
"390","FB",0,"9",0.689,0.778,"5","2",0.75,0.75,"2","2","2","1"
"390","FB",1,"9",0.689,0.778,"5","2",0.75,0.75,"2","2","2","1"
"390","FB",1,"9",0.689,0.778,"5","2",0.75,0.75,"2","2","2","1"
"390","FB",1,"9",0.689,0.778,"5","2",0.75,0.75,"2","2","2","1"
"390","FB",1,"9",0.689,0.778,"5","2",0.75,0.75,"2","2","2","1"
"390","FB",1,"9",0.689,0.778,"5","2",0.75,0.75,"2","2","2","1"
"390","FB",1,"9",0.689,0.778,"5","2",0.75,0.75,"2","2","2","1"
"390","LR",0,"9",0.689,0.778,"5","2",0.75,0.75,"2","2","2","1"
"390","LR",0,"9",0.689,0.778,"5","2",0.75,0.75,"2","2","2","1"
"390","LR",1,"9",0.689,0.778,"5","2",0.75,0.75,"2","2","2","1"
"390","LR",1,"9",0.689,0.778,"5","2",0.75,0.75,"2","2","2","1"
"390","LR",1,"9",0.689,0.778,"5","2",0.75,0.75,"2","2","2","1"
"390","LR",1,"9",0.689,0.778,"5","2",0.75,0.75,"2","2","2","1"
"390","LR",1,"9",0.689,0.778,"5","2",0.75,0.75,"2","2","2","1"
"390","LR",1,"9",0.689,0.778,"5","2",0.75,0.75,"2","2","2","1"
"391","FB",0,"17",0.178,0.269,"4","1",0.375,0.25,"1","1","5","2"
"391","FB",0,"17",0.178,0.269,"4","1",0.375,0.25,"1","1","5","2"
"391","FB",0,"17",0.178,0.269,"4","1",0.375,0.25,"1","1","5","2"
"391","FB",0,"17",0.178,0.269,"4","1",0.375,0.25,"1","1","5","2"
"391","FB",0,"17",0.178,0.269,"4","1",0.375,0.25,"1","1","5","2"
"391","FB",1,"17",0.178,0.269,"4","1",0.375,0.25,"1","1","5","2"
"391","FB",1,"17",0.178,0.269,"4","1",0.375,0.25,"1","1","5","2"
"391","FB",1,"17",0.178,0.269,"4","1",0.375,0.25,"1","1","5","2"
"391","LR",0,"17",0.178,0.269,"4","1",0.375,0.25,"1","1","5","2"
"391","LR",0,"17",0.178,0.269,"4","1",0.375,0.25,"1","1","5","2"
"391","LR",0,"17",0.178,0.269,"4","1",0.375,0.25,"1","1","5","2"
"391","LR",0,"17",0.178,0.269,"4","1",0.375,0.25,"1","1","5","2"
"391","LR",0,"17",0.178,0.269,"4","1",0.375,0.25,"1","1","5","2"
"391","LR",0,"17",0.178,0.269,"4","1",0.375,0.25,"1","1","5","2"
"391","LR",1,"17",0.178,0.269,"4","1",0.375,0.25,"1","1","5","2"
"391","LR",1,"17",0.178,0.269,"4","1",0.375,0.25,"1","1","5","2"
"392","FB",0,"9",0.72,0.714,"2","2",0.375,1,"2","2","1","1"
"392","FB",0,"9",0.72,0.714,"2","2",0.375,1,"2","2","1","1"
"392","FB",0,"9",0.72,0.714,"2","2",0.375,1,"2","2","1","1"
"392","FB",0,"9",0.72,0.714,"2","2",0.375,1,"2","2","1","1"
"392","FB",0,"9",0.72,0.714,"2","2",0.375,1,"2","2","1","1"
"392","FB",1,"9",0.72,0.714,"2","2",0.375,1,"2","2","1","1"
"392","FB",1,"9",0.72,0.714,"2","2",0.375,1,"2","2","1","1"
"392","FB",1,"9",0.72,0.714,"2","2",0.375,1,"2","2","1","1"
"392","LR",1,"9",0.72,0.714,"2","2",0.375,1,"2","2","1","1"
"392","LR",1,"9",0.72,0.714,"2","2",0.375,1,"2","2","1","1"
"392","LR",1,"9",0.72,0.714,"2","2",0.375,1,"2","2","1","1"
"392","LR",1,"9",0.72,0.714,"2","2",0.375,1,"2","2","1","1"
"392","LR",1,"9",0.72,0.714,"2","2",0.375,1,"2","2","1","1"
"392","LR",1,"9",0.72,0.714,"2","2",0.375,1,"2","2","1","1"
"392","LR",1,"9",0.72,0.714,"2","2",0.375,1,"2","2","1","1"
"392","LR",1,"9",0.72,0.714,"2","2",0.375,1,"2","2","1","1"
"393","FB",0,"9",0.681,0.704,"5","2",0.75,0.625,"2","2","1","1"
"393","FB",0,"9",0.681,0.704,"5","2",0.75,0.625,"2","2","1","1"
"393","FB",1,"9",0.681,0.704,"5","2",0.75,0.625,"2","2","1","1"
"393","FB",1,"9",0.681,0.704,"5","2",0.75,0.625,"2","2","1","1"
"393","FB",1,"9",0.681,0.704,"5","2",0.75,0.625,"2","2","1","1"
"393","FB",1,"9",0.681,0.704,"5","2",0.75,0.625,"2","2","1","1"
"393","FB",1,"9",0.681,0.704,"5","2",0.75,0.625,"2","2","1","1"
"393","FB",1,"9",0.681,0.704,"5","2",0.75,0.625,"2","2","1","1"
"393","LR",0,"9",0.681,0.704,"5","2",0.75,0.625,"2","2","1","1"
"393","LR",0,"9",0.681,0.704,"5","2",0.75,0.625,"2","2","1","1"
"393","LR",0,"9",0.681,0.704,"5","2",0.75,0.625,"2","2","1","1"
"393","LR",1,"9",0.681,0.704,"5","2",0.75,0.625,"2","2","1","1"
"393","LR",1,"9",0.681,0.704,"5","2",0.75,0.625,"2","2","1","1"
"393","LR",1,"9",0.681,0.704,"5","2",0.75,0.625,"2","2","1","1"
"393","LR",1,"9",0.681,0.704,"5","2",0.75,0.625,"2","2","1","1"
"393","LR",1,"9",0.681,0.704,"5","2",0.75,0.625,"2","2","1","1"
"394","FB",0,"17",0.277,0.32,"3","1",0.25,0.25,"1","1","6","2"
"394","FB",0,"17",0.277,0.32,"3","1",0.25,0.25,"1","1","6","2"
"394","FB",0,"17",0.277,0.32,"3","1",0.25,0.25,"1","1","6","2"
"394","FB",0,"17",0.277,0.32,"3","1",0.25,0.25,"1","1","6","2"
"394","FB",0,"17",0.277,0.32,"3","1",0.25,0.25,"1","1","6","2"
"394","FB",0,"17",0.277,0.32,"3","1",0.25,0.25,"1","1","6","2"
"394","FB",1,"17",0.277,0.32,"3","1",0.25,0.25,"1","1","6","2"
"394","FB",1,"17",0.277,0.32,"3","1",0.25,0.25,"1","1","6","2"
"394","LR",0,"17",0.277,0.32,"3","1",0.25,0.25,"1","1","6","2"
"394","LR",0,"17",0.277,0.32,"3","1",0.25,0.25,"1","1","6","2"
"394","LR",0,"17",0.277,0.32,"3","1",0.25,0.25,"1","1","6","2"
"394","LR",0,"17",0.277,0.32,"3","1",0.25,0.25,"1","1","6","2"
"394","LR",0,"17",0.277,0.32,"3","1",0.25,0.25,"1","1","6","2"
"394","LR",0,"17",0.277,0.32,"3","1",0.25,0.25,"1","1","6","2"
"394","LR",1,"17",0.277,0.32,"3","1",0.25,0.25,"1","1","6","2"
"394","LR",1,"17",0.277,0.32,"3","1",0.25,0.25,"1","1","6","2"
"395","FB",0,"17",0.246,0.238,"3","1",0,0.5,"1","1","6","2"
"395","FB",0,"17",0.246,0.238,"3","1",0,0.5,"1","1","6","2"
"395","FB",0,"17",0.246,0.238,"3","1",0,0.5,"1","1","6","2"
"395","FB",0,"17",0.246,0.238,"3","1",0,0.5,"1","1","6","2"
"395","FB",0,"17",0.246,0.238,"3","1",0,0.5,"1","1","6","2"
"395","FB",0,"17",0.246,0.238,"3","1",0,0.5,"1","1","6","2"
"395","FB",0,"17",0.246,0.238,"3","1",0,0.5,"1","1","6","2"
"395","FB",0,"17",0.246,0.238,"3","1",0,0.5,"1","1","6","2"
"395","LR",0,"17",0.246,0.238,"3","1",0,0.5,"1","1","6","2"
"395","LR",0,"17",0.246,0.238,"3","1",0,0.5,"1","1","6","2"
"395","LR",0,"17",0.246,0.238,"3","1",0,0.5,"1","1","6","2"
"395","LR",0,"17",0.246,0.238,"3","1",0,0.5,"1","1","6","2"
"395","LR",1,"17",0.246,0.238,"3","1",0,0.5,"1","1","6","2"
"395","LR",1,"17",0.246,0.238,"3","1",0,0.5,"1","1","6","2"
"395","LR",1,"17",0.246,0.238,"3","1",0,0.5,"1","1","6","2"
"395","LR",1,"17",0.246,0.238,"3","1",0,0.5,"1","1","6","2"
"396","FB",0,"9",0.736,0.735,"2","2",0.625,1,"2","2","2","1"
"396","FB",0,"9",0.736,0.735,"2","2",0.625,1,"2","2","2","1"
"396","FB",0,"9",0.736,0.735,"2","2",0.625,1,"2","2","2","1"
"396","FB",1,"9",0.736,0.735,"2","2",0.625,1,"2","2","2","1"
"396","FB",1,"9",0.736,0.735,"2","2",0.625,1,"2","2","2","1"
"396","FB",1,"9",0.736,0.735,"2","2",0.625,1,"2","2","2","1"
"396","FB",1,"9",0.736,0.735,"2","2",0.625,1,"2","2","2","1"
"396","FB",1,"9",0.736,0.735,"2","2",0.625,1,"2","2","2","1"
"396","LR",1,"9",0.736,0.735,"2","2",0.625,1,"2","2","2","1"
"396","LR",1,"9",0.736,0.735,"2","2",0.625,1,"2","2","2","1"
"396","LR",1,"9",0.736,0.735,"2","2",0.625,1,"2","2","2","1"
"396","LR",1,"9",0.736,0.735,"2","2",0.625,1,"2","2","2","1"
"396","LR",1,"9",0.736,0.735,"2","2",0.625,1,"2","2","2","1"
"396","LR",1,"9",0.736,0.735,"2","2",0.625,1,"2","2","2","1"
"396","LR",1,"9",0.736,0.735,"2","2",0.625,1,"2","2","2","1"
"396","LR",1,"9",0.736,0.735,"2","2",0.625,1,"2","2","2","1"
"397","FB",0,"17",0.26,0.259,"4","1",0.375,0.375,"1","1","5","2"
"397","FB",0,"17",0.26,0.259,"4","1",0.375,0.375,"1","1","5","2"
"397","FB",0,"17",0.26,0.259,"4","1",0.375,0.375,"1","1","5","2"
"397","FB",0,"17",0.26,0.259,"4","1",0.375,0.375,"1","1","5","2"
"397","FB",0,"17",0.26,0.259,"4","1",0.375,0.375,"1","1","5","2"
"397","FB",1,"17",0.26,0.259,"4","1",0.375,0.375,"1","1","5","2"
"397","FB",1,"17",0.26,0.259,"4","1",0.375,0.375,"1","1","5","2"
"397","FB",1,"17",0.26,0.259,"4","1",0.375,0.375,"1","1","5","2"
"397","LR",0,"17",0.26,0.259,"4","1",0.375,0.375,"1","1","5","2"
"397","LR",0,"17",0.26,0.259,"4","1",0.375,0.375,"1","1","5","2"
"397","LR",0,"17",0.26,0.259,"4","1",0.375,0.375,"1","1","5","2"
"397","LR",0,"17",0.26,0.259,"4","1",0.375,0.375,"1","1","5","2"
"397","LR",0,"17",0.26,0.259,"4","1",0.375,0.375,"1","1","5","2"
"397","LR",1,"17",0.26,0.259,"4","1",0.375,0.375,"1","1","5","2"
"397","LR",1,"17",0.26,0.259,"4","1",0.375,0.375,"1","1","5","2"
"397","LR",1,"17",0.26,0.259,"4","1",0.375,0.375,"1","1","5","2"
"398","FB",0,"17",0.25,0.261,"4","1",0.375,0,"1","1","6","2"
"398","FB",0,"17",0.25,0.261,"4","1",0.375,0,"1","1","6","2"
"398","FB",0,"17",0.25,0.261,"4","1",0.375,0,"1","1","6","2"
"398","FB",0,"17",0.25,0.261,"4","1",0.375,0,"1","1","6","2"
"398","FB",0,"17",0.25,0.261,"4","1",0.375,0,"1","1","6","2"
"398","FB",1,"17",0.25,0.261,"4","1",0.375,0,"1","1","6","2"
"398","FB",1,"17",0.25,0.261,"4","1",0.375,0,"1","1","6","2"
"398","FB",1,"17",0.25,0.261,"4","1",0.375,0,"1","1","6","2"
"398","LR",0,"17",0.25,0.261,"4","1",0.375,0,"1","1","6","2"
"398","LR",0,"17",0.25,0.261,"4","1",0.375,0,"1","1","6","2"
"398","LR",0,"17",0.25,0.261,"4","1",0.375,0,"1","1","6","2"
"398","LR",0,"17",0.25,0.261,"4","1",0.375,0,"1","1","6","2"
"398","LR",0,"17",0.25,0.261,"4","1",0.375,0,"1","1","6","2"
"398","LR",0,"17",0.25,0.261,"4","1",0.375,0,"1","1","6","2"
"398","LR",0,"17",0.25,0.261,"4","1",0.375,0,"1","1","6","2"
"398","LR",0,"17",0.25,0.261,"4","1",0.375,0,"1","1","6","2"
"399","FB",0,"9",0.704,0.779,"2","2",0.625,0.875,"2","2","2","1"
"399","FB",0,"9",0.704,0.779,"2","2",0.625,0.875,"2","2","2","1"
"399","FB",0,"9",0.704,0.779,"2","2",0.625,0.875,"2","2","2","1"
"399","FB",1,"9",0.704,0.779,"2","2",0.625,0.875,"2","2","2","1"
"399","FB",1,"9",0.704,0.779,"2","2",0.625,0.875,"2","2","2","1"
"399","FB",1,"9",0.704,0.779,"2","2",0.625,0.875,"2","2","2","1"
"399","FB",1,"9",0.704,0.779,"2","2",0.625,0.875,"2","2","2","1"
"399","FB",1,"9",0.704,0.779,"2","2",0.625,0.875,"2","2","2","1"
"399","LR",0,"9",0.704,0.779,"2","2",0.625,0.875,"2","2","2","1"
"399","LR",1,"9",0.704,0.779,"2","2",0.625,0.875,"2","2","2","1"
"399","LR",1,"9",0.704,0.779,"2","2",0.625,0.875,"2","2","2","1"
"399","LR",1,"9",0.704,0.779,"2","2",0.625,0.875,"2","2","2","1"
"399","LR",1,"9",0.704,0.779,"2","2",0.625,0.875,"2","2","2","1"
"399","LR",1,"9",0.704,0.779,"2","2",0.625,0.875,"2","2","2","1"
"399","LR",1,"9",0.704,0.779,"2","2",0.625,0.875,"2","2","2","1"
"399","LR",1,"9",0.704,0.779,"2","2",0.625,0.875,"2","2","2","1"
"400","FB",0,"9",0.709,0.758,"2","2",0.5,0.75,"2","2","1","1"
"400","FB",0,"9",0.709,0.758,"2","2",0.5,0.75,"2","2","1","1"
"400","FB",0,"9",0.709,0.758,"2","2",0.5,0.75,"2","2","1","1"
"400","FB",0,"9",0.709,0.758,"2","2",0.5,0.75,"2","2","1","1"
"400","FB",1,"9",0.709,0.758,"2","2",0.5,0.75,"2","2","1","1"
"400","FB",1,"9",0.709,0.758,"2","2",0.5,0.75,"2","2","1","1"
"400","FB",1,"9",0.709,0.758,"2","2",0.5,0.75,"2","2","1","1"
"400","FB",1,"9",0.709,0.758,"2","2",0.5,0.75,"2","2","1","1"
"400","LR",0,"9",0.709,0.758,"2","2",0.5,0.75,"2","2","1","1"
"400","LR",0,"9",0.709,0.758,"2","2",0.5,0.75,"2","2","1","1"
"400","LR",1,"9",0.709,0.758,"2","2",0.5,0.75,"2","2","1","1"
"400","LR",1,"9",0.709,0.758,"2","2",0.5,0.75,"2","2","1","1"
"400","LR",1,"9",0.709,0.758,"2","2",0.5,0.75,"2","2","1","1"
"400","LR",1,"9",0.709,0.758,"2","2",0.5,0.75,"2","2","1","1"
"400","LR",1,"9",0.709,0.758,"2","2",0.5,0.75,"2","2","1","1"
"400","LR",1,"9",0.709,0.758,"2","2",0.5,0.75,"2","2","1","1"
