"Subject","trial_type","own.cod","true_class","true_FB","true_LR","lca.class","lca.tc","fb_tend","lr_tend","lmem.class","lmem.tc","bm.class","bm.tc"
"1","FB",0,"13",0.491,0.536,"1","1",0.75,0.75,"6","1","1","1"
"1","FB",1,"13",0.491,0.536,"1","1",0.75,0.75,"6","1","1","1"
"1","FB",1,"13",0.491,0.536,"1","1",0.75,0.75,"6","1","1","1"
"1","FB",1,"13",0.491,0.536,"1","1",0.75,0.75,"6","1","1","1"
"1","LR",0,"13",0.491,0.536,"1","1",0.75,0.75,"6","1","1","1"
"1","LR",1,"13",0.491,0.536,"1","1",0.75,0.75,"6","1","1","1"
"1","LR",1,"13",0.491,0.536,"1","1",0.75,0.75,"6","1","1","1"
"1","LR",1,"13",0.491,0.536,"1","1",0.75,0.75,"6","1","1","1"
"2","FB",0,"25",0.063,1,"2","2",0,1,"2","2","2","2"
"2","FB",0,"25",0.063,1,"2","2",0,1,"2","2","2","2"
"2","FB",0,"25",0.063,1,"2","2",0,1,"2","2","2","2"
"2","FB",0,"25",0.063,1,"2","2",0,1,"2","2","2","2"
"2","LR",1,"25",0.063,1,"2","2",0,1,"2","2","2","2"
"2","LR",1,"25",0.063,1,"2","2",0,1,"2","2","2","2"
"2","LR",1,"25",0.063,1,"2","2",0,1,"2","2","2","2"
"2","LR",1,"25",0.063,1,"2","2",0,1,"2","2","2","2"
"3","FB",0,"25",0.009,1,"2","2",0,1,"2","2","2","2"
"3","FB",0,"25",0.009,1,"2","2",0,1,"2","2","2","2"
"3","FB",0,"25",0.009,1,"2","2",0,1,"2","2","2","2"
"3","FB",0,"25",0.009,1,"2","2",0,1,"2","2","2","2"
"3","LR",1,"25",0.009,1,"2","2",0,1,"2","2","2","2"
"3","LR",1,"25",0.009,1,"2","2",0,1,"2","2","2","2"
"3","LR",1,"25",0.009,1,"2","2",0,1,"2","2","2","2"
"3","LR",1,"25",0.009,1,"2","2",0,1,"2","2","2","2"
"4","FB",1,"1",1,0.06,"3","3",1,0.25,"3","1","3","3"
"4","FB",1,"1",1,0.06,"3","3",1,0.25,"3","1","3","3"
"4","FB",1,"1",1,0.06,"3","3",1,0.25,"3","1","3","3"
"4","FB",1,"1",1,0.06,"3","3",1,0.25,"3","1","3","3"
"4","LR",0,"1",1,0.06,"3","3",1,0.25,"3","1","3","3"
"4","LR",0,"1",1,0.06,"3","3",1,0.25,"3","1","3","3"
"4","LR",0,"1",1,0.06,"3","3",1,0.25,"3","1","3","3"
"4","LR",1,"1",1,0.06,"3","3",1,0.25,"3","1","3","3"
"5","FB",0,"25",0.046,1,"2","2",0,1,"2","2","2","2"
"5","FB",0,"25",0.046,1,"2","2",0,1,"2","2","2","2"
"5","FB",0,"25",0.046,1,"2","2",0,1,"2","2","2","2"
"5","FB",0,"25",0.046,1,"2","2",0,1,"2","2","2","2"
"5","LR",1,"25",0.046,1,"2","2",0,1,"2","2","2","2"
"5","LR",1,"25",0.046,1,"2","2",0,1,"2","2","2","2"
"5","LR",1,"25",0.046,1,"2","2",0,1,"2","2","2","2"
"5","LR",1,"25",0.046,1,"2","2",0,1,"2","2","2","2"
"6","FB",1,"1",1,0.01,"3","3",1,0,"4","3","4","3"
"6","FB",1,"1",1,0.01,"3","3",1,0,"4","3","4","3"
"6","FB",1,"1",1,0.01,"3","3",1,0,"4","3","4","3"
"6","FB",1,"1",1,0.01,"3","3",1,0,"4","3","4","3"
"6","LR",0,"1",1,0.01,"3","3",1,0,"4","3","4","3"
"6","LR",0,"1",1,0.01,"3","3",1,0,"4","3","4","3"
"6","LR",0,"1",1,0.01,"3","3",1,0,"4","3","4","3"
"6","LR",0,"1",1,0.01,"3","3",1,0,"4","3","4","3"
"7","FB",0,"13",0.42,0.599,"1","1",0.25,0.25,"6","1","5","1"
"7","FB",0,"13",0.42,0.599,"1","1",0.25,0.25,"6","1","5","1"
"7","FB",0,"13",0.42,0.599,"1","1",0.25,0.25,"6","1","5","1"
"7","FB",1,"13",0.42,0.599,"1","1",0.25,0.25,"6","1","5","1"
"7","LR",0,"13",0.42,0.599,"1","1",0.25,0.25,"6","1","5","1"
"7","LR",0,"13",0.42,0.599,"1","1",0.25,0.25,"6","1","5","1"
"7","LR",0,"13",0.42,0.599,"1","1",0.25,0.25,"6","1","5","1"
"7","LR",1,"13",0.42,0.599,"1","1",0.25,0.25,"6","1","5","1"
"8","FB",1,"1",0.972,0,"3","3",1,0,"4","3","4","3"
"8","FB",1,"1",0.972,0,"3","3",1,0,"4","3","4","3"
"8","FB",1,"1",0.972,0,"3","3",1,0,"4","3","4","3"
"8","FB",1,"1",0.972,0,"3","3",1,0,"4","3","4","3"
"8","LR",0,"1",0.972,0,"3","3",1,0,"4","3","4","3"
"8","LR",0,"1",0.972,0,"3","3",1,0,"4","3","4","3"
"8","LR",0,"1",0.972,0,"3","3",1,0,"4","3","4","3"
"8","LR",0,"1",0.972,0,"3","3",1,0,"4","3","4","3"
"9","FB",0,"13",0.449,0.495,"2","2",0,0.5,"5","1","5","2"
"9","FB",0,"13",0.449,0.495,"2","2",0,0.5,"5","1","5","2"
"9","FB",0,"13",0.449,0.495,"2","2",0,0.5,"5","1","5","2"
"9","FB",0,"13",0.449,0.495,"2","2",0,0.5,"5","1","5","2"
"9","LR",0,"13",0.449,0.495,"2","2",0,0.5,"5","1","5","2"
"9","LR",0,"13",0.449,0.495,"2","2",0,0.5,"5","1","5","2"
"9","LR",1,"13",0.449,0.495,"2","2",0,0.5,"5","1","5","2"
"9","LR",1,"13",0.449,0.495,"2","2",0,0.5,"5","1","5","2"
"10","FB",0,"25",0,1,"2","2",0,1,"2","2","2","2"
"10","FB",0,"25",0,1,"2","2",0,1,"2","2","2","2"
"10","FB",0,"25",0,1,"2","2",0,1,"2","2","2","2"
"10","FB",0,"25",0,1,"2","2",0,1,"2","2","2","2"
"10","LR",1,"25",0,1,"2","2",0,1,"2","2","2","2"
"10","LR",1,"25",0,1,"2","2",0,1,"2","2","2","2"
"10","LR",1,"25",0,1,"2","2",0,1,"2","2","2","2"
"10","LR",1,"25",0,1,"2","2",0,1,"2","2","2","2"
"11","FB",0,"13",0.578,0.584,"1","1",0.25,0.5,"6","1","5","1"
"11","FB",0,"13",0.578,0.584,"1","1",0.25,0.5,"6","1","5","1"
"11","FB",0,"13",0.578,0.584,"1","1",0.25,0.5,"6","1","5","1"
"11","FB",1,"13",0.578,0.584,"1","1",0.25,0.5,"6","1","5","1"
"11","LR",0,"13",0.578,0.584,"1","1",0.25,0.5,"6","1","5","1"
"11","LR",0,"13",0.578,0.584,"1","1",0.25,0.5,"6","1","5","1"
"11","LR",1,"13",0.578,0.584,"1","1",0.25,0.5,"6","1","5","1"
"11","LR",1,"13",0.578,0.584,"1","1",0.25,0.5,"6","1","5","1"
"12","FB",1,"1",0.944,0.016,"3","3",1,0,"4","3","4","3"
"12","FB",1,"1",0.944,0.016,"3","3",1,0,"4","3","4","3"
"12","FB",1,"1",0.944,0.016,"3","3",1,0,"4","3","4","3"
"12","FB",1,"1",0.944,0.016,"3","3",1,0,"4","3","4","3"
"12","LR",0,"1",0.944,0.016,"3","3",1,0,"4","3","4","3"
"12","LR",0,"1",0.944,0.016,"3","3",1,0,"4","3","4","3"
"12","LR",0,"1",0.944,0.016,"3","3",1,0,"4","3","4","3"
"12","LR",0,"1",0.944,0.016,"3","3",1,0,"4","3","4","3"
"13","FB",1,"1",0.986,0.031,"3","3",1,0,"4","3","4","3"
"13","FB",1,"1",0.986,0.031,"3","3",1,0,"4","3","4","3"
"13","FB",1,"1",0.986,0.031,"3","3",1,0,"4","3","4","3"
"13","FB",1,"1",0.986,0.031,"3","3",1,0,"4","3","4","3"
"13","LR",0,"1",0.986,0.031,"3","3",1,0,"4","3","4","3"
"13","LR",0,"1",0.986,0.031,"3","3",1,0,"4","3","4","3"
"13","LR",0,"1",0.986,0.031,"3","3",1,0,"4","3","4","3"
"13","LR",0,"1",0.986,0.031,"3","3",1,0,"4","3","4","3"
"14","FB",0,"25",0,1,"2","2",0,1,"2","2","2","2"
"14","FB",0,"25",0,1,"2","2",0,1,"2","2","2","2"
"14","FB",0,"25",0,1,"2","2",0,1,"2","2","2","2"
"14","FB",0,"25",0,1,"2","2",0,1,"2","2","2","2"
"14","LR",1,"25",0,1,"2","2",0,1,"2","2","2","2"
"14","LR",1,"25",0,1,"2","2",0,1,"2","2","2","2"
"14","LR",1,"25",0,1,"2","2",0,1,"2","2","2","2"
"14","LR",1,"25",0,1,"2","2",0,1,"2","2","2","2"
"15","FB",0,"25",0,0.946,"2","2",0,1,"2","2","2","2"
"15","FB",0,"25",0,0.946,"2","2",0,1,"2","2","2","2"
"15","FB",0,"25",0,0.946,"2","2",0,1,"2","2","2","2"
"15","FB",0,"25",0,0.946,"2","2",0,1,"2","2","2","2"
"15","LR",1,"25",0,0.946,"2","2",0,1,"2","2","2","2"
"15","LR",1,"25",0,0.946,"2","2",0,1,"2","2","2","2"
"15","LR",1,"25",0,0.946,"2","2",0,1,"2","2","2","2"
"15","LR",1,"25",0,0.946,"2","2",0,1,"2","2","2","2"
"16","FB",1,"1",1,0,"3","3",1,0,"4","3","4","3"
"16","FB",1,"1",1,0,"3","3",1,0,"4","3","4","3"
"16","FB",1,"1",1,0,"3","3",1,0,"4","3","4","3"
"16","FB",1,"1",1,0,"3","3",1,0,"4","3","4","3"
"16","LR",0,"1",1,0,"3","3",1,0,"4","3","4","3"
"16","LR",0,"1",1,0,"3","3",1,0,"4","3","4","3"
"16","LR",0,"1",1,0,"3","3",1,0,"4","3","4","3"
"16","LR",0,"1",1,0,"3","3",1,0,"4","3","4","3"
"17","FB",0,"13",0.483,0.402,"1","1",0.5,0.5,"6","1","6","1"
"17","FB",0,"13",0.483,0.402,"1","1",0.5,0.5,"6","1","6","1"
"17","FB",1,"13",0.483,0.402,"1","1",0.5,0.5,"6","1","6","1"
"17","FB",1,"13",0.483,0.402,"1","1",0.5,0.5,"6","1","6","1"
"17","LR",0,"13",0.483,0.402,"1","1",0.5,0.5,"6","1","6","1"
"17","LR",0,"13",0.483,0.402,"1","1",0.5,0.5,"6","1","6","1"
"17","LR",1,"13",0.483,0.402,"1","1",0.5,0.5,"6","1","6","1"
"17","LR",1,"13",0.483,0.402,"1","1",0.5,0.5,"6","1","6","1"
"18","FB",1,"13",0.528,0.562,"3","3",1,0.25,"3","1","3","3"
"18","FB",1,"13",0.528,0.562,"3","3",1,0.25,"3","1","3","3"
"18","FB",1,"13",0.528,0.562,"3","3",1,0.25,"3","1","3","3"
"18","FB",1,"13",0.528,0.562,"3","3",1,0.25,"3","1","3","3"
"18","LR",0,"13",0.528,0.562,"3","3",1,0.25,"3","1","3","3"
"18","LR",0,"13",0.528,0.562,"3","3",1,0.25,"3","1","3","3"
"18","LR",0,"13",0.528,0.562,"3","3",1,0.25,"3","1","3","3"
"18","LR",1,"13",0.528,0.562,"3","3",1,0.25,"3","1","3","3"
"19","FB",1,"1",1,0,"3","3",1,0,"4","3","4","3"
"19","FB",1,"1",1,0,"3","3",1,0,"4","3","4","3"
"19","FB",1,"1",1,0,"3","3",1,0,"4","3","4","3"
"19","FB",1,"1",1,0,"3","3",1,0,"4","3","4","3"
"19","LR",0,"1",1,0,"3","3",1,0,"4","3","4","3"
"19","LR",0,"1",1,0,"3","3",1,0,"4","3","4","3"
"19","LR",0,"1",1,0,"3","3",1,0,"4","3","4","3"
"19","LR",0,"1",1,0,"3","3",1,0,"4","3","4","3"
"20","FB",0,"13",0.494,0.515,"1","1",0.75,0.25,"1","1","1","1"
"20","FB",1,"13",0.494,0.515,"1","1",0.75,0.25,"1","1","1","1"
"20","FB",1,"13",0.494,0.515,"1","1",0.75,0.25,"1","1","1","1"
"20","FB",1,"13",0.494,0.515,"1","1",0.75,0.25,"1","1","1","1"
"20","LR",0,"13",0.494,0.515,"1","1",0.75,0.25,"1","1","1","1"
"20","LR",0,"13",0.494,0.515,"1","1",0.75,0.25,"1","1","1","1"
"20","LR",0,"13",0.494,0.515,"1","1",0.75,0.25,"1","1","1","1"
"20","LR",1,"13",0.494,0.515,"1","1",0.75,0.25,"1","1","1","1"
"21","FB",0,"25",0.043,0.957,"2","2",0,1,"2","2","2","2"
"21","FB",0,"25",0.043,0.957,"2","2",0,1,"2","2","2","2"
"21","FB",0,"25",0.043,0.957,"2","2",0,1,"2","2","2","2"
"21","FB",0,"25",0.043,0.957,"2","2",0,1,"2","2","2","2"
"21","LR",1,"25",0.043,0.957,"2","2",0,1,"2","2","2","2"
"21","LR",1,"25",0.043,0.957,"2","2",0,1,"2","2","2","2"
"21","LR",1,"25",0.043,0.957,"2","2",0,1,"2","2","2","2"
"21","LR",1,"25",0.043,0.957,"2","2",0,1,"2","2","2","2"
"22","FB",0,"13",0.522,0.494,"1","1",0.75,0.5,"1","1","1","1"
"22","FB",1,"13",0.522,0.494,"1","1",0.75,0.5,"1","1","1","1"
"22","FB",1,"13",0.522,0.494,"1","1",0.75,0.5,"1","1","1","1"
"22","FB",1,"13",0.522,0.494,"1","1",0.75,0.5,"1","1","1","1"
"22","LR",0,"13",0.522,0.494,"1","1",0.75,0.5,"1","1","1","1"
"22","LR",0,"13",0.522,0.494,"1","1",0.75,0.5,"1","1","1","1"
"22","LR",1,"13",0.522,0.494,"1","1",0.75,0.5,"1","1","1","1"
"22","LR",1,"13",0.522,0.494,"1","1",0.75,0.5,"1","1","1","1"
"23","FB",1,"1",0.989,0,"3","3",1,0,"4","3","4","3"
"23","FB",1,"1",0.989,0,"3","3",1,0,"4","3","4","3"
"23","FB",1,"1",0.989,0,"3","3",1,0,"4","3","4","3"
"23","FB",1,"1",0.989,0,"3","3",1,0,"4","3","4","3"
"23","LR",0,"1",0.989,0,"3","3",1,0,"4","3","4","3"
"23","LR",0,"1",0.989,0,"3","3",1,0,"4","3","4","3"
"23","LR",0,"1",0.989,0,"3","3",1,0,"4","3","4","3"
"23","LR",0,"1",0.989,0,"3","3",1,0,"4","3","4","3"
"24","FB",1,"13",0.575,0.554,"3","3",1,0.25,"3","1","3","3"
"24","FB",1,"13",0.575,0.554,"3","3",1,0.25,"3","1","3","3"
"24","FB",1,"13",0.575,0.554,"3","3",1,0.25,"3","1","3","3"
"24","FB",1,"13",0.575,0.554,"3","3",1,0.25,"3","1","3","3"
"24","LR",0,"13",0.575,0.554,"3","3",1,0.25,"3","1","3","3"
"24","LR",0,"13",0.575,0.554,"3","3",1,0.25,"3","1","3","3"
"24","LR",0,"13",0.575,0.554,"3","3",1,0.25,"3","1","3","3"
"24","LR",1,"13",0.575,0.554,"3","3",1,0.25,"3","1","3","3"
"25","FB",1,"1",1,0,"3","3",1,0,"4","3","4","3"
"25","FB",1,"1",1,0,"3","3",1,0,"4","3","4","3"
"25","FB",1,"1",1,0,"3","3",1,0,"4","3","4","3"
"25","FB",1,"1",1,0,"3","3",1,0,"4","3","4","3"
"25","LR",0,"1",1,0,"3","3",1,0,"4","3","4","3"
"25","LR",0,"1",1,0,"3","3",1,0,"4","3","4","3"
"25","LR",0,"1",1,0,"3","3",1,0,"4","3","4","3"
"25","LR",0,"1",1,0,"3","3",1,0,"4","3","4","3"
"26","FB",1,"13",0.474,0.472,"1","1",1,0.5,"1","1","3","1"
"26","FB",1,"13",0.474,0.472,"1","1",1,0.5,"1","1","3","1"
"26","FB",1,"13",0.474,0.472,"1","1",1,0.5,"1","1","3","1"
"26","FB",1,"13",0.474,0.472,"1","1",1,0.5,"1","1","3","1"
"26","LR",0,"13",0.474,0.472,"1","1",1,0.5,"1","1","3","1"
"26","LR",0,"13",0.474,0.472,"1","1",1,0.5,"1","1","3","1"
"26","LR",1,"13",0.474,0.472,"1","1",1,0.5,"1","1","3","1"
"26","LR",1,"13",0.474,0.472,"1","1",1,0.5,"1","1","3","1"
"27","FB",0,"13",0.516,0.525,"1","1",0.5,0.75,"6","1","6","1"
"27","FB",0,"13",0.516,0.525,"1","1",0.5,0.75,"6","1","6","1"
"27","FB",1,"13",0.516,0.525,"1","1",0.5,0.75,"6","1","6","1"
"27","FB",1,"13",0.516,0.525,"1","1",0.5,0.75,"6","1","6","1"
"27","LR",0,"13",0.516,0.525,"1","1",0.5,0.75,"6","1","6","1"
"27","LR",1,"13",0.516,0.525,"1","1",0.5,0.75,"6","1","6","1"
"27","LR",1,"13",0.516,0.525,"1","1",0.5,0.75,"6","1","6","1"
"27","LR",1,"13",0.516,0.525,"1","1",0.5,0.75,"6","1","6","1"
"28","FB",1,"1",0.966,0.036,"3","3",1,0.25,"3","1","3","3"
"28","FB",1,"1",0.966,0.036,"3","3",1,0.25,"3","1","3","3"
"28","FB",1,"1",0.966,0.036,"3","3",1,0.25,"3","1","3","3"
"28","FB",1,"1",0.966,0.036,"3","3",1,0.25,"3","1","3","3"
"28","LR",0,"1",0.966,0.036,"3","3",1,0.25,"3","1","3","3"
"28","LR",0,"1",0.966,0.036,"3","3",1,0.25,"3","1","3","3"
"28","LR",0,"1",0.966,0.036,"3","3",1,0.25,"3","1","3","3"
"28","LR",1,"1",0.966,0.036,"3","3",1,0.25,"3","1","3","3"
"29","FB",1,"1",1,0,"3","3",1,0,"4","3","4","3"
"29","FB",1,"1",1,0,"3","3",1,0,"4","3","4","3"
"29","FB",1,"1",1,0,"3","3",1,0,"4","3","4","3"
"29","FB",1,"1",1,0,"3","3",1,0,"4","3","4","3"
"29","LR",0,"1",1,0,"3","3",1,0,"4","3","4","3"
"29","LR",0,"1",1,0,"3","3",1,0,"4","3","4","3"
"29","LR",0,"1",1,0,"3","3",1,0,"4","3","4","3"
"29","LR",0,"1",1,0,"3","3",1,0,"4","3","4","3"
"30","FB",0,"13",0.48,0.487,"1","1",0.25,0.25,"6","1","5","1"
"30","FB",0,"13",0.48,0.487,"1","1",0.25,0.25,"6","1","5","1"
"30","FB",0,"13",0.48,0.487,"1","1",0.25,0.25,"6","1","5","1"
"30","FB",1,"13",0.48,0.487,"1","1",0.25,0.25,"6","1","5","1"
"30","LR",0,"13",0.48,0.487,"1","1",0.25,0.25,"6","1","5","1"
"30","LR",0,"13",0.48,0.487,"1","1",0.25,0.25,"6","1","5","1"
"30","LR",0,"13",0.48,0.487,"1","1",0.25,0.25,"6","1","5","1"
"30","LR",1,"13",0.48,0.487,"1","1",0.25,0.25,"6","1","5","1"
"31","FB",1,"1",1,0.059,"1","1",1,0.5,"1","1","3","1"
"31","FB",1,"1",1,0.059,"1","1",1,0.5,"1","1","3","1"
"31","FB",1,"1",1,0.059,"1","1",1,0.5,"1","1","3","1"
"31","FB",1,"1",1,0.059,"1","1",1,0.5,"1","1","3","1"
"31","LR",0,"1",1,0.059,"1","1",1,0.5,"1","1","3","1"
"31","LR",0,"1",1,0.059,"1","1",1,0.5,"1","1","3","1"
"31","LR",1,"1",1,0.059,"1","1",1,0.5,"1","1","3","1"
"31","LR",1,"1",1,0.059,"1","1",1,0.5,"1","1","3","1"
"32","FB",0,"13",0.512,0.46,"1","1",0.5,0.5,"6","1","6","1"
"32","FB",0,"13",0.512,0.46,"1","1",0.5,0.5,"6","1","6","1"
"32","FB",1,"13",0.512,0.46,"1","1",0.5,0.5,"6","1","6","1"
"32","FB",1,"13",0.512,0.46,"1","1",0.5,0.5,"6","1","6","1"
"32","LR",0,"13",0.512,0.46,"1","1",0.5,0.5,"6","1","6","1"
"32","LR",0,"13",0.512,0.46,"1","1",0.5,0.5,"6","1","6","1"
"32","LR",1,"13",0.512,0.46,"1","1",0.5,0.5,"6","1","6","1"
"32","LR",1,"13",0.512,0.46,"1","1",0.5,0.5,"6","1","6","1"
"33","FB",0,"25",0,1,"2","2",0,1,"2","2","2","2"
"33","FB",0,"25",0,1,"2","2",0,1,"2","2","2","2"
"33","FB",0,"25",0,1,"2","2",0,1,"2","2","2","2"
"33","FB",0,"25",0,1,"2","2",0,1,"2","2","2","2"
"33","LR",1,"25",0,1,"2","2",0,1,"2","2","2","2"
"33","LR",1,"25",0,1,"2","2",0,1,"2","2","2","2"
"33","LR",1,"25",0,1,"2","2",0,1,"2","2","2","2"
"33","LR",1,"25",0,1,"2","2",0,1,"2","2","2","2"
"34","FB",0,"13",0.475,0.468,"1","1",0.5,0.5,"6","1","6","1"
"34","FB",0,"13",0.475,0.468,"1","1",0.5,0.5,"6","1","6","1"
"34","FB",1,"13",0.475,0.468,"1","1",0.5,0.5,"6","1","6","1"
"34","FB",1,"13",0.475,0.468,"1","1",0.5,0.5,"6","1","6","1"
"34","LR",0,"13",0.475,0.468,"1","1",0.5,0.5,"6","1","6","1"
"34","LR",0,"13",0.475,0.468,"1","1",0.5,0.5,"6","1","6","1"
"34","LR",1,"13",0.475,0.468,"1","1",0.5,0.5,"6","1","6","1"
"34","LR",1,"13",0.475,0.468,"1","1",0.5,0.5,"6","1","6","1"
"35","FB",0,"25",0.003,0.96,"2","2",0,1,"2","2","2","2"
"35","FB",0,"25",0.003,0.96,"2","2",0,1,"2","2","2","2"
"35","FB",0,"25",0.003,0.96,"2","2",0,1,"2","2","2","2"
"35","FB",0,"25",0.003,0.96,"2","2",0,1,"2","2","2","2"
"35","LR",1,"25",0.003,0.96,"2","2",0,1,"2","2","2","2"
"35","LR",1,"25",0.003,0.96,"2","2",0,1,"2","2","2","2"
"35","LR",1,"25",0.003,0.96,"2","2",0,1,"2","2","2","2"
"35","LR",1,"25",0.003,0.96,"2","2",0,1,"2","2","2","2"
"36","FB",1,"1",0.992,0.016,"3","3",1,0,"4","3","4","3"
"36","FB",1,"1",0.992,0.016,"3","3",1,0,"4","3","4","3"
"36","FB",1,"1",0.992,0.016,"3","3",1,0,"4","3","4","3"
"36","FB",1,"1",0.992,0.016,"3","3",1,0,"4","3","4","3"
"36","LR",0,"1",0.992,0.016,"3","3",1,0,"4","3","4","3"
"36","LR",0,"1",0.992,0.016,"3","3",1,0,"4","3","4","3"
"36","LR",0,"1",0.992,0.016,"3","3",1,0,"4","3","4","3"
"36","LR",0,"1",0.992,0.016,"3","3",1,0,"4","3","4","3"
"37","FB",1,"1",1,0,"3","3",1,0,"4","3","4","3"
"37","FB",1,"1",1,0,"3","3",1,0,"4","3","4","3"
"37","FB",1,"1",1,0,"3","3",1,0,"4","3","4","3"
"37","FB",1,"1",1,0,"3","3",1,0,"4","3","4","3"
"37","LR",0,"1",1,0,"3","3",1,0,"4","3","4","3"
"37","LR",0,"1",1,0,"3","3",1,0,"4","3","4","3"
"37","LR",0,"1",1,0,"3","3",1,0,"4","3","4","3"
"37","LR",0,"1",1,0,"3","3",1,0,"4","3","4","3"
"38","FB",1,"1",1,0,"3","3",1,0,"4","3","4","3"
"38","FB",1,"1",1,0,"3","3",1,0,"4","3","4","3"
"38","FB",1,"1",1,0,"3","3",1,0,"4","3","4","3"
"38","FB",1,"1",1,0,"3","3",1,0,"4","3","4","3"
"38","LR",0,"1",1,0,"3","3",1,0,"4","3","4","3"
"38","LR",0,"1",1,0,"3","3",1,0,"4","3","4","3"
"38","LR",0,"1",1,0,"3","3",1,0,"4","3","4","3"
"38","LR",0,"1",1,0,"3","3",1,0,"4","3","4","3"
"39","FB",0,"13",0.493,0.426,"1","1",0.75,0.5,"1","1","1","1"
"39","FB",1,"13",0.493,0.426,"1","1",0.75,0.5,"1","1","1","1"
"39","FB",1,"13",0.493,0.426,"1","1",0.75,0.5,"1","1","1","1"
"39","FB",1,"13",0.493,0.426,"1","1",0.75,0.5,"1","1","1","1"
"39","LR",0,"13",0.493,0.426,"1","1",0.75,0.5,"1","1","1","1"
"39","LR",0,"13",0.493,0.426,"1","1",0.75,0.5,"1","1","1","1"
"39","LR",1,"13",0.493,0.426,"1","1",0.75,0.5,"1","1","1","1"
"39","LR",1,"13",0.493,0.426,"1","1",0.75,0.5,"1","1","1","1"
"40","FB",0,"25",0.006,0.956,"2","2",0,0.75,"5","2","5","2"
"40","FB",0,"25",0.006,0.956,"2","2",0,0.75,"5","2","5","2"
"40","FB",0,"25",0.006,0.956,"2","2",0,0.75,"5","2","5","2"
"40","FB",0,"25",0.006,0.956,"2","2",0,0.75,"5","2","5","2"
"40","LR",0,"25",0.006,0.956,"2","2",0,0.75,"5","2","5","2"
"40","LR",1,"25",0.006,0.956,"2","2",0,0.75,"5","2","5","2"
"40","LR",1,"25",0.006,0.956,"2","2",0,0.75,"5","2","5","2"
"40","LR",1,"25",0.006,0.956,"2","2",0,0.75,"5","2","5","2"
"41","FB",1,"1",0.962,0.025,"3","3",1,0,"4","3","4","3"
"41","FB",1,"1",0.962,0.025,"3","3",1,0,"4","3","4","3"
"41","FB",1,"1",0.962,0.025,"3","3",1,0,"4","3","4","3"
"41","FB",1,"1",0.962,0.025,"3","3",1,0,"4","3","4","3"
"41","LR",0,"1",0.962,0.025,"3","3",1,0,"4","3","4","3"
"41","LR",0,"1",0.962,0.025,"3","3",1,0,"4","3","4","3"
"41","LR",0,"1",0.962,0.025,"3","3",1,0,"4","3","4","3"
"41","LR",0,"1",0.962,0.025,"3","3",1,0,"4","3","4","3"
"42","FB",1,"1",1,0,"3","3",1,0,"4","3","4","3"
"42","FB",1,"1",1,0,"3","3",1,0,"4","3","4","3"
"42","FB",1,"1",1,0,"3","3",1,0,"4","3","4","3"
"42","FB",1,"1",1,0,"3","3",1,0,"4","3","4","3"
"42","LR",0,"1",1,0,"3","3",1,0,"4","3","4","3"
"42","LR",0,"1",1,0,"3","3",1,0,"4","3","4","3"
"42","LR",0,"1",1,0,"3","3",1,0,"4","3","4","3"
"42","LR",0,"1",1,0,"3","3",1,0,"4","3","4","3"
"43","FB",0,"13",0.491,0.451,"1","1",0.75,0.5,"1","1","1","1"
"43","FB",1,"13",0.491,0.451,"1","1",0.75,0.5,"1","1","1","1"
"43","FB",1,"13",0.491,0.451,"1","1",0.75,0.5,"1","1","1","1"
"43","FB",1,"13",0.491,0.451,"1","1",0.75,0.5,"1","1","1","1"
"43","LR",0,"13",0.491,0.451,"1","1",0.75,0.5,"1","1","1","1"
"43","LR",0,"13",0.491,0.451,"1","1",0.75,0.5,"1","1","1","1"
"43","LR",1,"13",0.491,0.451,"1","1",0.75,0.5,"1","1","1","1"
"43","LR",1,"13",0.491,0.451,"1","1",0.75,0.5,"1","1","1","1"
"44","FB",1,"1",0.961,0,"3","3",1,0,"4","3","4","3"
"44","FB",1,"1",0.961,0,"3","3",1,0,"4","3","4","3"
"44","FB",1,"1",0.961,0,"3","3",1,0,"4","3","4","3"
"44","FB",1,"1",0.961,0,"3","3",1,0,"4","3","4","3"
"44","LR",0,"1",0.961,0,"3","3",1,0,"4","3","4","3"
"44","LR",0,"1",0.961,0,"3","3",1,0,"4","3","4","3"
"44","LR",0,"1",0.961,0,"3","3",1,0,"4","3","4","3"
"44","LR",0,"1",0.961,0,"3","3",1,0,"4","3","4","3"
"45","FB",0,"25",0,0.982,"2","2",0,1,"2","2","2","2"
"45","FB",0,"25",0,0.982,"2","2",0,1,"2","2","2","2"
"45","FB",0,"25",0,0.982,"2","2",0,1,"2","2","2","2"
"45","FB",0,"25",0,0.982,"2","2",0,1,"2","2","2","2"
"45","LR",1,"25",0,0.982,"2","2",0,1,"2","2","2","2"
"45","LR",1,"25",0,0.982,"2","2",0,1,"2","2","2","2"
"45","LR",1,"25",0,0.982,"2","2",0,1,"2","2","2","2"
"45","LR",1,"25",0,0.982,"2","2",0,1,"2","2","2","2"
"46","FB",1,"1",1,0.028,"3","3",1,0,"4","3","4","3"
"46","FB",1,"1",1,0.028,"3","3",1,0,"4","3","4","3"
"46","FB",1,"1",1,0.028,"3","3",1,0,"4","3","4","3"
"46","FB",1,"1",1,0.028,"3","3",1,0,"4","3","4","3"
"46","LR",0,"1",1,0.028,"3","3",1,0,"4","3","4","3"
"46","LR",0,"1",1,0.028,"3","3",1,0,"4","3","4","3"
"46","LR",0,"1",1,0.028,"3","3",1,0,"4","3","4","3"
"46","LR",0,"1",1,0.028,"3","3",1,0,"4","3","4","3"
"47","FB",1,"1",1,0,"3","3",1,0,"4","3","4","3"
"47","FB",1,"1",1,0,"3","3",1,0,"4","3","4","3"
"47","FB",1,"1",1,0,"3","3",1,0,"4","3","4","3"
"47","FB",1,"1",1,0,"3","3",1,0,"4","3","4","3"
"47","LR",0,"1",1,0,"3","3",1,0,"4","3","4","3"
"47","LR",0,"1",1,0,"3","3",1,0,"4","3","4","3"
"47","LR",0,"1",1,0,"3","3",1,0,"4","3","4","3"
"47","LR",0,"1",1,0,"3","3",1,0,"4","3","4","3"
"48","FB",1,"1",1,0.008,"3","3",1,0,"4","3","4","3"
"48","FB",1,"1",1,0.008,"3","3",1,0,"4","3","4","3"
"48","FB",1,"1",1,0.008,"3","3",1,0,"4","3","4","3"
"48","FB",1,"1",1,0.008,"3","3",1,0,"4","3","4","3"
"48","LR",0,"1",1,0.008,"3","3",1,0,"4","3","4","3"
"48","LR",0,"1",1,0.008,"3","3",1,0,"4","3","4","3"
"48","LR",0,"1",1,0.008,"3","3",1,0,"4","3","4","3"
"48","LR",0,"1",1,0.008,"3","3",1,0,"4","3","4","3"
"49","FB",0,"13",0.524,0.492,"1","1",0.75,0.25,"1","1","1","1"
"49","FB",1,"13",0.524,0.492,"1","1",0.75,0.25,"1","1","1","1"
"49","FB",1,"13",0.524,0.492,"1","1",0.75,0.25,"1","1","1","1"
"49","FB",1,"13",0.524,0.492,"1","1",0.75,0.25,"1","1","1","1"
"49","LR",0,"13",0.524,0.492,"1","1",0.75,0.25,"1","1","1","1"
"49","LR",0,"13",0.524,0.492,"1","1",0.75,0.25,"1","1","1","1"
"49","LR",0,"13",0.524,0.492,"1","1",0.75,0.25,"1","1","1","1"
"49","LR",1,"13",0.524,0.492,"1","1",0.75,0.25,"1","1","1","1"
"50","FB",0,"13",0.469,0.458,"1","1",0.75,0.5,"1","1","1","1"
"50","FB",1,"13",0.469,0.458,"1","1",0.75,0.5,"1","1","1","1"
"50","FB",1,"13",0.469,0.458,"1","1",0.75,0.5,"1","1","1","1"
"50","FB",1,"13",0.469,0.458,"1","1",0.75,0.5,"1","1","1","1"
"50","LR",0,"13",0.469,0.458,"1","1",0.75,0.5,"1","1","1","1"
"50","LR",0,"13",0.469,0.458,"1","1",0.75,0.5,"1","1","1","1"
"50","LR",1,"13",0.469,0.458,"1","1",0.75,0.5,"1","1","1","1"
"50","LR",1,"13",0.469,0.458,"1","1",0.75,0.5,"1","1","1","1"
"51","FB",1,"1",0.906,0.014,"3","3",1,0,"4","3","4","3"
"51","FB",1,"1",0.906,0.014,"3","3",1,0,"4","3","4","3"
"51","FB",1,"1",0.906,0.014,"3","3",1,0,"4","3","4","3"
"51","FB",1,"1",0.906,0.014,"3","3",1,0,"4","3","4","3"
"51","LR",0,"1",0.906,0.014,"3","3",1,0,"4","3","4","3"
"51","LR",0,"1",0.906,0.014,"3","3",1,0,"4","3","4","3"
"51","LR",0,"1",0.906,0.014,"3","3",1,0,"4","3","4","3"
"51","LR",0,"1",0.906,0.014,"3","3",1,0,"4","3","4","3"
"52","FB",0,"25",0,1,"2","2",0,1,"2","2","2","2"
"52","FB",0,"25",0,1,"2","2",0,1,"2","2","2","2"
"52","FB",0,"25",0,1,"2","2",0,1,"2","2","2","2"
"52","FB",0,"25",0,1,"2","2",0,1,"2","2","2","2"
"52","LR",1,"25",0,1,"2","2",0,1,"2","2","2","2"
"52","LR",1,"25",0,1,"2","2",0,1,"2","2","2","2"
"52","LR",1,"25",0,1,"2","2",0,1,"2","2","2","2"
"52","LR",1,"25",0,1,"2","2",0,1,"2","2","2","2"
"53","FB",1,"1",1,0,"3","3",1,0,"4","3","4","3"
"53","FB",1,"1",1,0,"3","3",1,0,"4","3","4","3"
"53","FB",1,"1",1,0,"3","3",1,0,"4","3","4","3"
"53","FB",1,"1",1,0,"3","3",1,0,"4","3","4","3"
"53","LR",0,"1",1,0,"3","3",1,0,"4","3","4","3"
"53","LR",0,"1",1,0,"3","3",1,0,"4","3","4","3"
"53","LR",0,"1",1,0,"3","3",1,0,"4","3","4","3"
"53","LR",0,"1",1,0,"3","3",1,0,"4","3","4","3"
"54","FB",0,"1",0.971,0,"3","3",0.75,0,"3","1","1","1"
"54","FB",1,"1",0.971,0,"3","3",0.75,0,"3","1","1","1"
"54","FB",1,"1",0.971,0,"3","3",0.75,0,"3","1","1","1"
"54","FB",1,"1",0.971,0,"3","3",0.75,0,"3","1","1","1"
"54","LR",0,"1",0.971,0,"3","3",0.75,0,"3","1","1","1"
"54","LR",0,"1",0.971,0,"3","3",0.75,0,"3","1","1","1"
"54","LR",0,"1",0.971,0,"3","3",0.75,0,"3","1","1","1"
"54","LR",0,"1",0.971,0,"3","3",0.75,0,"3","1","1","1"
"55","FB",0,"1",0.98,0.06,"3","3",0.75,0,"3","1","1","1"
"55","FB",1,"1",0.98,0.06,"3","3",0.75,0,"3","1","1","1"
"55","FB",1,"1",0.98,0.06,"3","3",0.75,0,"3","1","1","1"
"55","FB",1,"1",0.98,0.06,"3","3",0.75,0,"3","1","1","1"
"55","LR",0,"1",0.98,0.06,"3","3",0.75,0,"3","1","1","1"
"55","LR",0,"1",0.98,0.06,"3","3",0.75,0,"3","1","1","1"
"55","LR",0,"1",0.98,0.06,"3","3",0.75,0,"3","1","1","1"
"55","LR",0,"1",0.98,0.06,"3","3",0.75,0,"3","1","1","1"
"56","FB",0,"25",0,0.908,"2","2",0,0.75,"5","2","5","2"
"56","FB",0,"25",0,0.908,"2","2",0,0.75,"5","2","5","2"
"56","FB",0,"25",0,0.908,"2","2",0,0.75,"5","2","5","2"
"56","FB",0,"25",0,0.908,"2","2",0,0.75,"5","2","5","2"
"56","LR",0,"25",0,0.908,"2","2",0,0.75,"5","2","5","2"
"56","LR",1,"25",0,0.908,"2","2",0,0.75,"5","2","5","2"
"56","LR",1,"25",0,0.908,"2","2",0,0.75,"5","2","5","2"
"56","LR",1,"25",0,0.908,"2","2",0,0.75,"5","2","5","2"
"57","FB",0,"25",0,0.941,"2","2",0,1,"2","2","2","2"
"57","FB",0,"25",0,0.941,"2","2",0,1,"2","2","2","2"
"57","FB",0,"25",0,0.941,"2","2",0,1,"2","2","2","2"
"57","FB",0,"25",0,0.941,"2","2",0,1,"2","2","2","2"
"57","LR",1,"25",0,0.941,"2","2",0,1,"2","2","2","2"
"57","LR",1,"25",0,0.941,"2","2",0,1,"2","2","2","2"
"57","LR",1,"25",0,0.941,"2","2",0,1,"2","2","2","2"
"57","LR",1,"25",0,0.941,"2","2",0,1,"2","2","2","2"
"58","FB",1,"1",0.991,0,"3","3",1,0,"4","3","4","3"
"58","FB",1,"1",0.991,0,"3","3",1,0,"4","3","4","3"
"58","FB",1,"1",0.991,0,"3","3",1,0,"4","3","4","3"
"58","FB",1,"1",0.991,0,"3","3",1,0,"4","3","4","3"
"58","LR",0,"1",0.991,0,"3","3",1,0,"4","3","4","3"
"58","LR",0,"1",0.991,0,"3","3",1,0,"4","3","4","3"
"58","LR",0,"1",0.991,0,"3","3",1,0,"4","3","4","3"
"58","LR",0,"1",0.991,0,"3","3",1,0,"4","3","4","3"
"59","FB",0,"13",0.485,0.563,"1","1",0.5,0.5,"6","1","6","1"
"59","FB",0,"13",0.485,0.563,"1","1",0.5,0.5,"6","1","6","1"
"59","FB",1,"13",0.485,0.563,"1","1",0.5,0.5,"6","1","6","1"
"59","FB",1,"13",0.485,0.563,"1","1",0.5,0.5,"6","1","6","1"
"59","LR",0,"13",0.485,0.563,"1","1",0.5,0.5,"6","1","6","1"
"59","LR",0,"13",0.485,0.563,"1","1",0.5,0.5,"6","1","6","1"
"59","LR",1,"13",0.485,0.563,"1","1",0.5,0.5,"6","1","6","1"
"59","LR",1,"13",0.485,0.563,"1","1",0.5,0.5,"6","1","6","1"
"60","FB",1,"1",1,0.006,"3","3",1,0,"4","3","4","3"
"60","FB",1,"1",1,0.006,"3","3",1,0,"4","3","4","3"
"60","FB",1,"1",1,0.006,"3","3",1,0,"4","3","4","3"
"60","FB",1,"1",1,0.006,"3","3",1,0,"4","3","4","3"
"60","LR",0,"1",1,0.006,"3","3",1,0,"4","3","4","3"
"60","LR",0,"1",1,0.006,"3","3",1,0,"4","3","4","3"
"60","LR",0,"1",1,0.006,"3","3",1,0,"4","3","4","3"
"60","LR",0,"1",1,0.006,"3","3",1,0,"4","3","4","3"
"61","FB",1,"1",1,0.005,"3","3",1,0,"4","3","4","3"
"61","FB",1,"1",1,0.005,"3","3",1,0,"4","3","4","3"
"61","FB",1,"1",1,0.005,"3","3",1,0,"4","3","4","3"
"61","FB",1,"1",1,0.005,"3","3",1,0,"4","3","4","3"
"61","LR",0,"1",1,0.005,"3","3",1,0,"4","3","4","3"
"61","LR",0,"1",1,0.005,"3","3",1,0,"4","3","4","3"
"61","LR",0,"1",1,0.005,"3","3",1,0,"4","3","4","3"
"61","LR",0,"1",1,0.005,"3","3",1,0,"4","3","4","3"
"62","FB",1,"1",1,0.03,"3","3",1,0,"4","3","4","3"
"62","FB",1,"1",1,0.03,"3","3",1,0,"4","3","4","3"
"62","FB",1,"1",1,0.03,"3","3",1,0,"4","3","4","3"
"62","FB",1,"1",1,0.03,"3","3",1,0,"4","3","4","3"
"62","LR",0,"1",1,0.03,"3","3",1,0,"4","3","4","3"
"62","LR",0,"1",1,0.03,"3","3",1,0,"4","3","4","3"
"62","LR",0,"1",1,0.03,"3","3",1,0,"4","3","4","3"
"62","LR",0,"1",1,0.03,"3","3",1,0,"4","3","4","3"
"63","FB",0,"25",0,1,"2","2",0,1,"2","2","2","2"
"63","FB",0,"25",0,1,"2","2",0,1,"2","2","2","2"
"63","FB",0,"25",0,1,"2","2",0,1,"2","2","2","2"
"63","FB",0,"25",0,1,"2","2",0,1,"2","2","2","2"
"63","LR",1,"25",0,1,"2","2",0,1,"2","2","2","2"
"63","LR",1,"25",0,1,"2","2",0,1,"2","2","2","2"
"63","LR",1,"25",0,1,"2","2",0,1,"2","2","2","2"
"63","LR",1,"25",0,1,"2","2",0,1,"2","2","2","2"
"64","FB",1,"1",1,0,"3","3",1,0,"4","3","4","3"
"64","FB",1,"1",1,0,"3","3",1,0,"4","3","4","3"
"64","FB",1,"1",1,0,"3","3",1,0,"4","3","4","3"
"64","FB",1,"1",1,0,"3","3",1,0,"4","3","4","3"
"64","LR",0,"1",1,0,"3","3",1,0,"4","3","4","3"
"64","LR",0,"1",1,0,"3","3",1,0,"4","3","4","3"
"64","LR",0,"1",1,0,"3","3",1,0,"4","3","4","3"
"64","LR",0,"1",1,0,"3","3",1,0,"4","3","4","3"
"65","FB",0,"13",0.452,0.471,"1","1",0.75,0.75,"6","1","1","1"
"65","FB",1,"13",0.452,0.471,"1","1",0.75,0.75,"6","1","1","1"
"65","FB",1,"13",0.452,0.471,"1","1",0.75,0.75,"6","1","1","1"
"65","FB",1,"13",0.452,0.471,"1","1",0.75,0.75,"6","1","1","1"
"65","LR",0,"13",0.452,0.471,"1","1",0.75,0.75,"6","1","1","1"
"65","LR",1,"13",0.452,0.471,"1","1",0.75,0.75,"6","1","1","1"
"65","LR",1,"13",0.452,0.471,"1","1",0.75,0.75,"6","1","1","1"
"65","LR",1,"13",0.452,0.471,"1","1",0.75,0.75,"6","1","1","1"
"66","FB",0,"13",0.417,0.521,"2","2",0,0.5,"5","1","5","2"
"66","FB",0,"13",0.417,0.521,"2","2",0,0.5,"5","1","5","2"
"66","FB",0,"13",0.417,0.521,"2","2",0,0.5,"5","1","5","2"
"66","FB",0,"13",0.417,0.521,"2","2",0,0.5,"5","1","5","2"
"66","LR",0,"13",0.417,0.521,"2","2",0,0.5,"5","1","5","2"
"66","LR",0,"13",0.417,0.521,"2","2",0,0.5,"5","1","5","2"
"66","LR",1,"13",0.417,0.521,"2","2",0,0.5,"5","1","5","2"
"66","LR",1,"13",0.417,0.521,"2","2",0,0.5,"5","1","5","2"
"67","FB",0,"13",0.45,0.542,"1","1",0.75,0.5,"1","1","1","1"
"67","FB",1,"13",0.45,0.542,"1","1",0.75,0.5,"1","1","1","1"
"67","FB",1,"13",0.45,0.542,"1","1",0.75,0.5,"1","1","1","1"
"67","FB",1,"13",0.45,0.542,"1","1",0.75,0.5,"1","1","1","1"
"67","LR",0,"13",0.45,0.542,"1","1",0.75,0.5,"1","1","1","1"
"67","LR",0,"13",0.45,0.542,"1","1",0.75,0.5,"1","1","1","1"
"67","LR",1,"13",0.45,0.542,"1","1",0.75,0.5,"1","1","1","1"
"67","LR",1,"13",0.45,0.542,"1","1",0.75,0.5,"1","1","1","1"
"68","FB",0,"25",0,1,"2","2",0,1,"2","2","2","2"
"68","FB",0,"25",0,1,"2","2",0,1,"2","2","2","2"
"68","FB",0,"25",0,1,"2","2",0,1,"2","2","2","2"
"68","FB",0,"25",0,1,"2","2",0,1,"2","2","2","2"
"68","LR",1,"25",0,1,"2","2",0,1,"2","2","2","2"
"68","LR",1,"25",0,1,"2","2",0,1,"2","2","2","2"
"68","LR",1,"25",0,1,"2","2",0,1,"2","2","2","2"
"68","LR",1,"25",0,1,"2","2",0,1,"2","2","2","2"
"69","FB",1,"1",0.927,0,"3","3",1,0,"4","3","4","3"
"69","FB",1,"1",0.927,0,"3","3",1,0,"4","3","4","3"
"69","FB",1,"1",0.927,0,"3","3",1,0,"4","3","4","3"
"69","FB",1,"1",0.927,0,"3","3",1,0,"4","3","4","3"
"69","LR",0,"1",0.927,0,"3","3",1,0,"4","3","4","3"
"69","LR",0,"1",0.927,0,"3","3",1,0,"4","3","4","3"
"69","LR",0,"1",0.927,0,"3","3",1,0,"4","3","4","3"
"69","LR",0,"1",0.927,0,"3","3",1,0,"4","3","4","3"
"70","FB",1,"1",0.995,0,"3","3",1,0,"4","3","4","3"
"70","FB",1,"1",0.995,0,"3","3",1,0,"4","3","4","3"
"70","FB",1,"1",0.995,0,"3","3",1,0,"4","3","4","3"
"70","FB",1,"1",0.995,0,"3","3",1,0,"4","3","4","3"
"70","LR",0,"1",0.995,0,"3","3",1,0,"4","3","4","3"
"70","LR",0,"1",0.995,0,"3","3",1,0,"4","3","4","3"
"70","LR",0,"1",0.995,0,"3","3",1,0,"4","3","4","3"
"70","LR",0,"1",0.995,0,"3","3",1,0,"4","3","4","3"
"71","FB",0,"25",0,0.97,"2","2",0,0.75,"5","2","5","2"
"71","FB",0,"25",0,0.97,"2","2",0,0.75,"5","2","5","2"
"71","FB",0,"25",0,0.97,"2","2",0,0.75,"5","2","5","2"
"71","FB",0,"25",0,0.97,"2","2",0,0.75,"5","2","5","2"
"71","LR",0,"25",0,0.97,"2","2",0,0.75,"5","2","5","2"
"71","LR",1,"25",0,0.97,"2","2",0,0.75,"5","2","5","2"
"71","LR",1,"25",0,0.97,"2","2",0,0.75,"5","2","5","2"
"71","LR",1,"25",0,0.97,"2","2",0,0.75,"5","2","5","2"
"72","FB",0,"25",0,0.978,"2","2",0,1,"2","2","2","2"
"72","FB",0,"25",0,0.978,"2","2",0,1,"2","2","2","2"
"72","FB",0,"25",0,0.978,"2","2",0,1,"2","2","2","2"
"72","FB",0,"25",0,0.978,"2","2",0,1,"2","2","2","2"
"72","LR",1,"25",0,0.978,"2","2",0,1,"2","2","2","2"
"72","LR",1,"25",0,0.978,"2","2",0,1,"2","2","2","2"
"72","LR",1,"25",0,0.978,"2","2",0,1,"2","2","2","2"
"72","LR",1,"25",0,0.978,"2","2",0,1,"2","2","2","2"
"73","FB",0,"25",0,1,"2","2",0,1,"2","2","2","2"
"73","FB",0,"25",0,1,"2","2",0,1,"2","2","2","2"
"73","FB",0,"25",0,1,"2","2",0,1,"2","2","2","2"
"73","FB",0,"25",0,1,"2","2",0,1,"2","2","2","2"
"73","LR",1,"25",0,1,"2","2",0,1,"2","2","2","2"
"73","LR",1,"25",0,1,"2","2",0,1,"2","2","2","2"
"73","LR",1,"25",0,1,"2","2",0,1,"2","2","2","2"
"73","LR",1,"25",0,1,"2","2",0,1,"2","2","2","2"
"74","FB",1,"1",1,0.032,"3","3",1,0,"4","3","4","3"
"74","FB",1,"1",1,0.032,"3","3",1,0,"4","3","4","3"
"74","FB",1,"1",1,0.032,"3","3",1,0,"4","3","4","3"
"74","FB",1,"1",1,0.032,"3","3",1,0,"4","3","4","3"
"74","LR",0,"1",1,0.032,"3","3",1,0,"4","3","4","3"
"74","LR",0,"1",1,0.032,"3","3",1,0,"4","3","4","3"
"74","LR",0,"1",1,0.032,"3","3",1,0,"4","3","4","3"
"74","LR",0,"1",1,0.032,"3","3",1,0,"4","3","4","3"
"75","FB",0,"13",0.465,0.517,"1","1",0.75,0.75,"6","1","1","1"
"75","FB",1,"13",0.465,0.517,"1","1",0.75,0.75,"6","1","1","1"
"75","FB",1,"13",0.465,0.517,"1","1",0.75,0.75,"6","1","1","1"
"75","FB",1,"13",0.465,0.517,"1","1",0.75,0.75,"6","1","1","1"
"75","LR",0,"13",0.465,0.517,"1","1",0.75,0.75,"6","1","1","1"
"75","LR",1,"13",0.465,0.517,"1","1",0.75,0.75,"6","1","1","1"
"75","LR",1,"13",0.465,0.517,"1","1",0.75,0.75,"6","1","1","1"
"75","LR",1,"13",0.465,0.517,"1","1",0.75,0.75,"6","1","1","1"
"76","FB",1,"1",0.972,0,"3","3",1,0,"4","3","4","3"
"76","FB",1,"1",0.972,0,"3","3",1,0,"4","3","4","3"
"76","FB",1,"1",0.972,0,"3","3",1,0,"4","3","4","3"
"76","FB",1,"1",0.972,0,"3","3",1,0,"4","3","4","3"
"76","LR",0,"1",0.972,0,"3","3",1,0,"4","3","4","3"
"76","LR",0,"1",0.972,0,"3","3",1,0,"4","3","4","3"
"76","LR",0,"1",0.972,0,"3","3",1,0,"4","3","4","3"
"76","LR",0,"1",0.972,0,"3","3",1,0,"4","3","4","3"
"77","FB",0,"13",0.549,0.501,"1","1",0.25,0.25,"6","1","5","1"
"77","FB",0,"13",0.549,0.501,"1","1",0.25,0.25,"6","1","5","1"
"77","FB",0,"13",0.549,0.501,"1","1",0.25,0.25,"6","1","5","1"
"77","FB",1,"13",0.549,0.501,"1","1",0.25,0.25,"6","1","5","1"
"77","LR",0,"13",0.549,0.501,"1","1",0.25,0.25,"6","1","5","1"
"77","LR",0,"13",0.549,0.501,"1","1",0.25,0.25,"6","1","5","1"
"77","LR",0,"13",0.549,0.501,"1","1",0.25,0.25,"6","1","5","1"
"77","LR",1,"13",0.549,0.501,"1","1",0.25,0.25,"6","1","5","1"
"78","FB",0,"13",0.475,0.51,"1","1",0.75,0.5,"1","1","1","1"
"78","FB",1,"13",0.475,0.51,"1","1",0.75,0.5,"1","1","1","1"
"78","FB",1,"13",0.475,0.51,"1","1",0.75,0.5,"1","1","1","1"
"78","FB",1,"13",0.475,0.51,"1","1",0.75,0.5,"1","1","1","1"
"78","LR",0,"13",0.475,0.51,"1","1",0.75,0.5,"1","1","1","1"
"78","LR",0,"13",0.475,0.51,"1","1",0.75,0.5,"1","1","1","1"
"78","LR",1,"13",0.475,0.51,"1","1",0.75,0.5,"1","1","1","1"
"78","LR",1,"13",0.475,0.51,"1","1",0.75,0.5,"1","1","1","1"
"79","FB",0,"13",0.518,0.468,"1","1",0.25,0.5,"6","1","5","1"
"79","FB",0,"13",0.518,0.468,"1","1",0.25,0.5,"6","1","5","1"
"79","FB",0,"13",0.518,0.468,"1","1",0.25,0.5,"6","1","5","1"
"79","FB",1,"13",0.518,0.468,"1","1",0.25,0.5,"6","1","5","1"
"79","LR",0,"13",0.518,0.468,"1","1",0.25,0.5,"6","1","5","1"
"79","LR",0,"13",0.518,0.468,"1","1",0.25,0.5,"6","1","5","1"
"79","LR",1,"13",0.518,0.468,"1","1",0.25,0.5,"6","1","5","1"
"79","LR",1,"13",0.518,0.468,"1","1",0.25,0.5,"6","1","5","1"
"80","FB",1,"1",1,0,"3","3",1,0,"4","3","4","3"
"80","FB",1,"1",1,0,"3","3",1,0,"4","3","4","3"
"80","FB",1,"1",1,0,"3","3",1,0,"4","3","4","3"
"80","FB",1,"1",1,0,"3","3",1,0,"4","3","4","3"
"80","LR",0,"1",1,0,"3","3",1,0,"4","3","4","3"
"80","LR",0,"1",1,0,"3","3",1,0,"4","3","4","3"
"80","LR",0,"1",1,0,"3","3",1,0,"4","3","4","3"
"80","LR",0,"1",1,0,"3","3",1,0,"4","3","4","3"
"81","FB",0,"25",0,0.88,"2","2",0,1,"2","2","2","2"
"81","FB",0,"25",0,0.88,"2","2",0,1,"2","2","2","2"
"81","FB",0,"25",0,0.88,"2","2",0,1,"2","2","2","2"
"81","FB",0,"25",0,0.88,"2","2",0,1,"2","2","2","2"
"81","LR",1,"25",0,0.88,"2","2",0,1,"2","2","2","2"
"81","LR",1,"25",0,0.88,"2","2",0,1,"2","2","2","2"
"81","LR",1,"25",0,0.88,"2","2",0,1,"2","2","2","2"
"81","LR",1,"25",0,0.88,"2","2",0,1,"2","2","2","2"
"82","FB",0,"13",0.515,0.552,"1","1",0.5,1,"5","1","6","1"
"82","FB",0,"13",0.515,0.552,"1","1",0.5,1,"5","1","6","1"
"82","FB",1,"13",0.515,0.552,"1","1",0.5,1,"5","1","6","1"
"82","FB",1,"13",0.515,0.552,"1","1",0.5,1,"5","1","6","1"
"82","LR",1,"13",0.515,0.552,"1","1",0.5,1,"5","1","6","1"
"82","LR",1,"13",0.515,0.552,"1","1",0.5,1,"5","1","6","1"
"82","LR",1,"13",0.515,0.552,"1","1",0.5,1,"5","1","6","1"
"82","LR",1,"13",0.515,0.552,"1","1",0.5,1,"5","1","6","1"
"83","FB",0,"25",0,1,"2","2",0,1,"2","2","2","2"
"83","FB",0,"25",0,1,"2","2",0,1,"2","2","2","2"
"83","FB",0,"25",0,1,"2","2",0,1,"2","2","2","2"
"83","FB",0,"25",0,1,"2","2",0,1,"2","2","2","2"
"83","LR",1,"25",0,1,"2","2",0,1,"2","2","2","2"
"83","LR",1,"25",0,1,"2","2",0,1,"2","2","2","2"
"83","LR",1,"25",0,1,"2","2",0,1,"2","2","2","2"
"83","LR",1,"25",0,1,"2","2",0,1,"2","2","2","2"
"84","FB",0,"13",0.509,0.488,"1","1",0.5,0.5,"6","1","6","1"
"84","FB",0,"13",0.509,0.488,"1","1",0.5,0.5,"6","1","6","1"
"84","FB",1,"13",0.509,0.488,"1","1",0.5,0.5,"6","1","6","1"
"84","FB",1,"13",0.509,0.488,"1","1",0.5,0.5,"6","1","6","1"
"84","LR",0,"13",0.509,0.488,"1","1",0.5,0.5,"6","1","6","1"
"84","LR",0,"13",0.509,0.488,"1","1",0.5,0.5,"6","1","6","1"
"84","LR",1,"13",0.509,0.488,"1","1",0.5,0.5,"6","1","6","1"
"84","LR",1,"13",0.509,0.488,"1","1",0.5,0.5,"6","1","6","1"
"85","FB",0,"13",0.487,0.528,"3","3",0.75,0,"3","1","1","1"
"85","FB",1,"13",0.487,0.528,"3","3",0.75,0,"3","1","1","1"
"85","FB",1,"13",0.487,0.528,"3","3",0.75,0,"3","1","1","1"
"85","FB",1,"13",0.487,0.528,"3","3",0.75,0,"3","1","1","1"
"85","LR",0,"13",0.487,0.528,"3","3",0.75,0,"3","1","1","1"
"85","LR",0,"13",0.487,0.528,"3","3",0.75,0,"3","1","1","1"
"85","LR",0,"13",0.487,0.528,"3","3",0.75,0,"3","1","1","1"
"85","LR",0,"13",0.487,0.528,"3","3",0.75,0,"3","1","1","1"
"86","FB",0,"13",0.558,0.411,"1","1",0.75,0.5,"1","1","1","1"
"86","FB",1,"13",0.558,0.411,"1","1",0.75,0.5,"1","1","1","1"
"86","FB",1,"13",0.558,0.411,"1","1",0.75,0.5,"1","1","1","1"
"86","FB",1,"13",0.558,0.411,"1","1",0.75,0.5,"1","1","1","1"
"86","LR",0,"13",0.558,0.411,"1","1",0.75,0.5,"1","1","1","1"
"86","LR",0,"13",0.558,0.411,"1","1",0.75,0.5,"1","1","1","1"
"86","LR",1,"13",0.558,0.411,"1","1",0.75,0.5,"1","1","1","1"
"86","LR",1,"13",0.558,0.411,"1","1",0.75,0.5,"1","1","1","1"
"87","FB",0,"13",0.532,0.574,"1","1",0.5,0.75,"6","1","6","1"
"87","FB",0,"13",0.532,0.574,"1","1",0.5,0.75,"6","1","6","1"
"87","FB",1,"13",0.532,0.574,"1","1",0.5,0.75,"6","1","6","1"
"87","FB",1,"13",0.532,0.574,"1","1",0.5,0.75,"6","1","6","1"
"87","LR",0,"13",0.532,0.574,"1","1",0.5,0.75,"6","1","6","1"
"87","LR",1,"13",0.532,0.574,"1","1",0.5,0.75,"6","1","6","1"
"87","LR",1,"13",0.532,0.574,"1","1",0.5,0.75,"6","1","6","1"
"87","LR",1,"13",0.532,0.574,"1","1",0.5,0.75,"6","1","6","1"
"88","FB",0,"25",0,0.952,"2","2",0,1,"2","2","2","2"
"88","FB",0,"25",0,0.952,"2","2",0,1,"2","2","2","2"
"88","FB",0,"25",0,0.952,"2","2",0,1,"2","2","2","2"
"88","FB",0,"25",0,0.952,"2","2",0,1,"2","2","2","2"
"88","LR",1,"25",0,0.952,"2","2",0,1,"2","2","2","2"
"88","LR",1,"25",0,0.952,"2","2",0,1,"2","2","2","2"
"88","LR",1,"25",0,0.952,"2","2",0,1,"2","2","2","2"
"88","LR",1,"25",0,0.952,"2","2",0,1,"2","2","2","2"
"89","FB",1,"1",1,0.077,"3","3",1,0,"4","3","4","3"
"89","FB",1,"1",1,0.077,"3","3",1,0,"4","3","4","3"
"89","FB",1,"1",1,0.077,"3","3",1,0,"4","3","4","3"
"89","FB",1,"1",1,0.077,"3","3",1,0,"4","3","4","3"
"89","LR",0,"1",1,0.077,"3","3",1,0,"4","3","4","3"
"89","LR",0,"1",1,0.077,"3","3",1,0,"4","3","4","3"
"89","LR",0,"1",1,0.077,"3","3",1,0,"4","3","4","3"
"89","LR",0,"1",1,0.077,"3","3",1,0,"4","3","4","3"
"90","FB",0,"1",0.959,0.043,"3","3",0.75,0,"3","1","1","1"
"90","FB",1,"1",0.959,0.043,"3","3",0.75,0,"3","1","1","1"
"90","FB",1,"1",0.959,0.043,"3","3",0.75,0,"3","1","1","1"
"90","FB",1,"1",0.959,0.043,"3","3",0.75,0,"3","1","1","1"
"90","LR",0,"1",0.959,0.043,"3","3",0.75,0,"3","1","1","1"
"90","LR",0,"1",0.959,0.043,"3","3",0.75,0,"3","1","1","1"
"90","LR",0,"1",0.959,0.043,"3","3",0.75,0,"3","1","1","1"
"90","LR",0,"1",0.959,0.043,"3","3",0.75,0,"3","1","1","1"
"91","FB",0,"25",0,1,"2","2",0,1,"2","2","2","2"
"91","FB",0,"25",0,1,"2","2",0,1,"2","2","2","2"
"91","FB",0,"25",0,1,"2","2",0,1,"2","2","2","2"
"91","FB",0,"25",0,1,"2","2",0,1,"2","2","2","2"
"91","LR",1,"25",0,1,"2","2",0,1,"2","2","2","2"
"91","LR",1,"25",0,1,"2","2",0,1,"2","2","2","2"
"91","LR",1,"25",0,1,"2","2",0,1,"2","2","2","2"
"91","LR",1,"25",0,1,"2","2",0,1,"2","2","2","2"
"92","FB",0,"13",0.56,0.457,"1","1",0.5,0.75,"6","1","6","1"
"92","FB",0,"13",0.56,0.457,"1","1",0.5,0.75,"6","1","6","1"
"92","FB",1,"13",0.56,0.457,"1","1",0.5,0.75,"6","1","6","1"
"92","FB",1,"13",0.56,0.457,"1","1",0.5,0.75,"6","1","6","1"
"92","LR",0,"13",0.56,0.457,"1","1",0.5,0.75,"6","1","6","1"
"92","LR",1,"13",0.56,0.457,"1","1",0.5,0.75,"6","1","6","1"
"92","LR",1,"13",0.56,0.457,"1","1",0.5,0.75,"6","1","6","1"
"92","LR",1,"13",0.56,0.457,"1","1",0.5,0.75,"6","1","6","1"
"93","FB",1,"1",0.895,0.062,"3","3",1,0.25,"3","1","3","3"
"93","FB",1,"1",0.895,0.062,"3","3",1,0.25,"3","1","3","3"
"93","FB",1,"1",0.895,0.062,"3","3",1,0.25,"3","1","3","3"
"93","FB",1,"1",0.895,0.062,"3","3",1,0.25,"3","1","3","3"
"93","LR",0,"1",0.895,0.062,"3","3",1,0.25,"3","1","3","3"
"93","LR",0,"1",0.895,0.062,"3","3",1,0.25,"3","1","3","3"
"93","LR",0,"1",0.895,0.062,"3","3",1,0.25,"3","1","3","3"
"93","LR",1,"1",0.895,0.062,"3","3",1,0.25,"3","1","3","3"
"94","FB",1,"1",1,0.024,"3","3",1,0,"4","3","4","3"
"94","FB",1,"1",1,0.024,"3","3",1,0,"4","3","4","3"
"94","FB",1,"1",1,0.024,"3","3",1,0,"4","3","4","3"
"94","FB",1,"1",1,0.024,"3","3",1,0,"4","3","4","3"
"94","LR",0,"1",1,0.024,"3","3",1,0,"4","3","4","3"
"94","LR",0,"1",1,0.024,"3","3",1,0,"4","3","4","3"
"94","LR",0,"1",1,0.024,"3","3",1,0,"4","3","4","3"
"94","LR",0,"1",1,0.024,"3","3",1,0,"4","3","4","3"
"95","FB",0,"25",0,0.996,"2","2",0,1,"2","2","2","2"
"95","FB",0,"25",0,0.996,"2","2",0,1,"2","2","2","2"
"95","FB",0,"25",0,0.996,"2","2",0,1,"2","2","2","2"
"95","FB",0,"25",0,0.996,"2","2",0,1,"2","2","2","2"
"95","LR",1,"25",0,0.996,"2","2",0,1,"2","2","2","2"
"95","LR",1,"25",0,0.996,"2","2",0,1,"2","2","2","2"
"95","LR",1,"25",0,0.996,"2","2",0,1,"2","2","2","2"
"95","LR",1,"25",0,0.996,"2","2",0,1,"2","2","2","2"
"96","FB",0,"13",0.536,0.451,"1","1",0.75,0.5,"1","1","1","1"
"96","FB",1,"13",0.536,0.451,"1","1",0.75,0.5,"1","1","1","1"
"96","FB",1,"13",0.536,0.451,"1","1",0.75,0.5,"1","1","1","1"
"96","FB",1,"13",0.536,0.451,"1","1",0.75,0.5,"1","1","1","1"
"96","LR",0,"13",0.536,0.451,"1","1",0.75,0.5,"1","1","1","1"
"96","LR",0,"13",0.536,0.451,"1","1",0.75,0.5,"1","1","1","1"
"96","LR",1,"13",0.536,0.451,"1","1",0.75,0.5,"1","1","1","1"
"96","LR",1,"13",0.536,0.451,"1","1",0.75,0.5,"1","1","1","1"
"97","FB",0,"13",0.542,0.475,"1","1",0.5,0.25,"1","1","6","1"
"97","FB",0,"13",0.542,0.475,"1","1",0.5,0.25,"1","1","6","1"
"97","FB",1,"13",0.542,0.475,"1","1",0.5,0.25,"1","1","6","1"
"97","FB",1,"13",0.542,0.475,"1","1",0.5,0.25,"1","1","6","1"
"97","LR",0,"13",0.542,0.475,"1","1",0.5,0.25,"1","1","6","1"
"97","LR",0,"13",0.542,0.475,"1","1",0.5,0.25,"1","1","6","1"
"97","LR",0,"13",0.542,0.475,"1","1",0.5,0.25,"1","1","6","1"
"97","LR",1,"13",0.542,0.475,"1","1",0.5,0.25,"1","1","6","1"
"98","FB",0,"13",0.519,0.505,"1","1",0.25,0.25,"6","1","5","1"
"98","FB",0,"13",0.519,0.505,"1","1",0.25,0.25,"6","1","5","1"
"98","FB",0,"13",0.519,0.505,"1","1",0.25,0.25,"6","1","5","1"
"98","FB",1,"13",0.519,0.505,"1","1",0.25,0.25,"6","1","5","1"
"98","LR",0,"13",0.519,0.505,"1","1",0.25,0.25,"6","1","5","1"
"98","LR",0,"13",0.519,0.505,"1","1",0.25,0.25,"6","1","5","1"
"98","LR",0,"13",0.519,0.505,"1","1",0.25,0.25,"6","1","5","1"
"98","LR",1,"13",0.519,0.505,"1","1",0.25,0.25,"6","1","5","1"
"99","FB",0,"25",0.063,0.983,"2","2",0,1,"2","2","2","2"
"99","FB",0,"25",0.063,0.983,"2","2",0,1,"2","2","2","2"
"99","FB",0,"25",0.063,0.983,"2","2",0,1,"2","2","2","2"
"99","FB",0,"25",0.063,0.983,"2","2",0,1,"2","2","2","2"
"99","LR",1,"25",0.063,0.983,"2","2",0,1,"2","2","2","2"
"99","LR",1,"25",0.063,0.983,"2","2",0,1,"2","2","2","2"
"99","LR",1,"25",0.063,0.983,"2","2",0,1,"2","2","2","2"
"99","LR",1,"25",0.063,0.983,"2","2",0,1,"2","2","2","2"
"100","FB",0,"25",0.015,0.994,"2","2",0,1,"2","2","2","2"
"100","FB",0,"25",0.015,0.994,"2","2",0,1,"2","2","2","2"
"100","FB",0,"25",0.015,0.994,"2","2",0,1,"2","2","2","2"
"100","FB",0,"25",0.015,0.994,"2","2",0,1,"2","2","2","2"
"100","LR",1,"25",0.015,0.994,"2","2",0,1,"2","2","2","2"
"100","LR",1,"25",0.015,0.994,"2","2",0,1,"2","2","2","2"
"100","LR",1,"25",0.015,0.994,"2","2",0,1,"2","2","2","2"
"100","LR",1,"25",0.015,0.994,"2","2",0,1,"2","2","2","2"
"101","FB",0,"25",0,1,"2","2",0,1,"2","2","2","2"
"101","FB",0,"25",0,1,"2","2",0,1,"2","2","2","2"
"101","FB",0,"25",0,1,"2","2",0,1,"2","2","2","2"
"101","FB",0,"25",0,1,"2","2",0,1,"2","2","2","2"
"101","LR",1,"25",0,1,"2","2",0,1,"2","2","2","2"
"101","LR",1,"25",0,1,"2","2",0,1,"2","2","2","2"
"101","LR",1,"25",0,1,"2","2",0,1,"2","2","2","2"
"101","LR",1,"25",0,1,"2","2",0,1,"2","2","2","2"
"102","FB",1,"1",1,0.116,"3","3",1,0,"4","3","4","3"
"102","FB",1,"1",1,0.116,"3","3",1,0,"4","3","4","3"
"102","FB",1,"1",1,0.116,"3","3",1,0,"4","3","4","3"
"102","FB",1,"1",1,0.116,"3","3",1,0,"4","3","4","3"
"102","LR",0,"1",1,0.116,"3","3",1,0,"4","3","4","3"
"102","LR",0,"1",1,0.116,"3","3",1,0,"4","3","4","3"
"102","LR",0,"1",1,0.116,"3","3",1,0,"4","3","4","3"
"102","LR",0,"1",1,0.116,"3","3",1,0,"4","3","4","3"
"103","FB",0,"13",0.442,0.552,"1","1",0.75,0.75,"6","1","1","1"
"103","FB",1,"13",0.442,0.552,"1","1",0.75,0.75,"6","1","1","1"
"103","FB",1,"13",0.442,0.552,"1","1",0.75,0.75,"6","1","1","1"
"103","FB",1,"13",0.442,0.552,"1","1",0.75,0.75,"6","1","1","1"
"103","LR",0,"13",0.442,0.552,"1","1",0.75,0.75,"6","1","1","1"
"103","LR",1,"13",0.442,0.552,"1","1",0.75,0.75,"6","1","1","1"
"103","LR",1,"13",0.442,0.552,"1","1",0.75,0.75,"6","1","1","1"
"103","LR",1,"13",0.442,0.552,"1","1",0.75,0.75,"6","1","1","1"
"104","FB",0,"25",0.038,1,"2","2",0,1,"2","2","2","2"
"104","FB",0,"25",0.038,1,"2","2",0,1,"2","2","2","2"
"104","FB",0,"25",0.038,1,"2","2",0,1,"2","2","2","2"
"104","FB",0,"25",0.038,1,"2","2",0,1,"2","2","2","2"
"104","LR",1,"25",0.038,1,"2","2",0,1,"2","2","2","2"
"104","LR",1,"25",0.038,1,"2","2",0,1,"2","2","2","2"
"104","LR",1,"25",0.038,1,"2","2",0,1,"2","2","2","2"
"104","LR",1,"25",0.038,1,"2","2",0,1,"2","2","2","2"
"105","FB",0,"25",0,0.974,"2","2",0,1,"2","2","2","2"
"105","FB",0,"25",0,0.974,"2","2",0,1,"2","2","2","2"
"105","FB",0,"25",0,0.974,"2","2",0,1,"2","2","2","2"
"105","FB",0,"25",0,0.974,"2","2",0,1,"2","2","2","2"
"105","LR",1,"25",0,0.974,"2","2",0,1,"2","2","2","2"
"105","LR",1,"25",0,0.974,"2","2",0,1,"2","2","2","2"
"105","LR",1,"25",0,0.974,"2","2",0,1,"2","2","2","2"
"105","LR",1,"25",0,0.974,"2","2",0,1,"2","2","2","2"
"106","FB",1,"1",0.99,0.01,"3","3",1,0,"4","3","4","3"
"106","FB",1,"1",0.99,0.01,"3","3",1,0,"4","3","4","3"
"106","FB",1,"1",0.99,0.01,"3","3",1,0,"4","3","4","3"
"106","FB",1,"1",0.99,0.01,"3","3",1,0,"4","3","4","3"
"106","LR",0,"1",0.99,0.01,"3","3",1,0,"4","3","4","3"
"106","LR",0,"1",0.99,0.01,"3","3",1,0,"4","3","4","3"
"106","LR",0,"1",0.99,0.01,"3","3",1,0,"4","3","4","3"
"106","LR",0,"1",0.99,0.01,"3","3",1,0,"4","3","4","3"
"107","FB",0,"25",0.026,1,"2","2",0.25,1,"5","2","5","1"
"107","FB",0,"25",0.026,1,"2","2",0.25,1,"5","2","5","1"
"107","FB",0,"25",0.026,1,"2","2",0.25,1,"5","2","5","1"
"107","FB",1,"25",0.026,1,"2","2",0.25,1,"5","2","5","1"
"107","LR",1,"25",0.026,1,"2","2",0.25,1,"5","2","5","1"
"107","LR",1,"25",0.026,1,"2","2",0.25,1,"5","2","5","1"
"107","LR",1,"25",0.026,1,"2","2",0.25,1,"5","2","5","1"
"107","LR",1,"25",0.026,1,"2","2",0.25,1,"5","2","5","1"
"108","FB",1,"1",0.971,0.012,"3","3",1,0,"4","3","4","3"
"108","FB",1,"1",0.971,0.012,"3","3",1,0,"4","3","4","3"
"108","FB",1,"1",0.971,0.012,"3","3",1,0,"4","3","4","3"
"108","FB",1,"1",0.971,0.012,"3","3",1,0,"4","3","4","3"
"108","LR",0,"1",0.971,0.012,"3","3",1,0,"4","3","4","3"
"108","LR",0,"1",0.971,0.012,"3","3",1,0,"4","3","4","3"
"108","LR",0,"1",0.971,0.012,"3","3",1,0,"4","3","4","3"
"108","LR",0,"1",0.971,0.012,"3","3",1,0,"4","3","4","3"
"109","FB",1,"1",0.962,0.023,"3","3",1,0.25,"3","1","3","3"
"109","FB",1,"1",0.962,0.023,"3","3",1,0.25,"3","1","3","3"
"109","FB",1,"1",0.962,0.023,"3","3",1,0.25,"3","1","3","3"
"109","FB",1,"1",0.962,0.023,"3","3",1,0.25,"3","1","3","3"
"109","LR",0,"1",0.962,0.023,"3","3",1,0.25,"3","1","3","3"
"109","LR",0,"1",0.962,0.023,"3","3",1,0.25,"3","1","3","3"
"109","LR",0,"1",0.962,0.023,"3","3",1,0.25,"3","1","3","3"
"109","LR",1,"1",0.962,0.023,"3","3",1,0.25,"3","1","3","3"
"110","FB",0,"25",0,1,"2","2",0,1,"2","2","2","2"
"110","FB",0,"25",0,1,"2","2",0,1,"2","2","2","2"
"110","FB",0,"25",0,1,"2","2",0,1,"2","2","2","2"
"110","FB",0,"25",0,1,"2","2",0,1,"2","2","2","2"
"110","LR",1,"25",0,1,"2","2",0,1,"2","2","2","2"
"110","LR",1,"25",0,1,"2","2",0,1,"2","2","2","2"
"110","LR",1,"25",0,1,"2","2",0,1,"2","2","2","2"
"110","LR",1,"25",0,1,"2","2",0,1,"2","2","2","2"
"111","FB",0,"13",0.468,0.547,"1","1",0.75,0.5,"1","1","1","1"
"111","FB",1,"13",0.468,0.547,"1","1",0.75,0.5,"1","1","1","1"
"111","FB",1,"13",0.468,0.547,"1","1",0.75,0.5,"1","1","1","1"
"111","FB",1,"13",0.468,0.547,"1","1",0.75,0.5,"1","1","1","1"
"111","LR",0,"13",0.468,0.547,"1","1",0.75,0.5,"1","1","1","1"
"111","LR",0,"13",0.468,0.547,"1","1",0.75,0.5,"1","1","1","1"
"111","LR",1,"13",0.468,0.547,"1","1",0.75,0.5,"1","1","1","1"
"111","LR",1,"13",0.468,0.547,"1","1",0.75,0.5,"1","1","1","1"
"112","FB",1,"1",1,0,"3","3",1,0,"4","3","4","3"
"112","FB",1,"1",1,0,"3","3",1,0,"4","3","4","3"
"112","FB",1,"1",1,0,"3","3",1,0,"4","3","4","3"
"112","FB",1,"1",1,0,"3","3",1,0,"4","3","4","3"
"112","LR",0,"1",1,0,"3","3",1,0,"4","3","4","3"
"112","LR",0,"1",1,0,"3","3",1,0,"4","3","4","3"
"112","LR",0,"1",1,0,"3","3",1,0,"4","3","4","3"
"112","LR",0,"1",1,0,"3","3",1,0,"4","3","4","3"
"113","FB",1,"1",0.967,0.038,"3","3",1,0,"4","3","4","3"
"113","FB",1,"1",0.967,0.038,"3","3",1,0,"4","3","4","3"
"113","FB",1,"1",0.967,0.038,"3","3",1,0,"4","3","4","3"
"113","FB",1,"1",0.967,0.038,"3","3",1,0,"4","3","4","3"
"113","LR",0,"1",0.967,0.038,"3","3",1,0,"4","3","4","3"
"113","LR",0,"1",0.967,0.038,"3","3",1,0,"4","3","4","3"
"113","LR",0,"1",0.967,0.038,"3","3",1,0,"4","3","4","3"
"113","LR",0,"1",0.967,0.038,"3","3",1,0,"4","3","4","3"
"114","FB",1,"1",1,0,"3","3",1,0,"4","3","4","3"
"114","FB",1,"1",1,0,"3","3",1,0,"4","3","4","3"
"114","FB",1,"1",1,0,"3","3",1,0,"4","3","4","3"
"114","FB",1,"1",1,0,"3","3",1,0,"4","3","4","3"
"114","LR",0,"1",1,0,"3","3",1,0,"4","3","4","3"
"114","LR",0,"1",1,0,"3","3",1,0,"4","3","4","3"
"114","LR",0,"1",1,0,"3","3",1,0,"4","3","4","3"
"114","LR",0,"1",1,0,"3","3",1,0,"4","3","4","3"
"115","FB",0,"25",0,0.968,"2","2",0,1,"2","2","2","2"
"115","FB",0,"25",0,0.968,"2","2",0,1,"2","2","2","2"
"115","FB",0,"25",0,0.968,"2","2",0,1,"2","2","2","2"
"115","FB",0,"25",0,0.968,"2","2",0,1,"2","2","2","2"
"115","LR",1,"25",0,0.968,"2","2",0,1,"2","2","2","2"
"115","LR",1,"25",0,0.968,"2","2",0,1,"2","2","2","2"
"115","LR",1,"25",0,0.968,"2","2",0,1,"2","2","2","2"
"115","LR",1,"25",0,0.968,"2","2",0,1,"2","2","2","2"
"116","FB",0,"25",0.095,0.979,"2","2",0,1,"2","2","2","2"
"116","FB",0,"25",0.095,0.979,"2","2",0,1,"2","2","2","2"
"116","FB",0,"25",0.095,0.979,"2","2",0,1,"2","2","2","2"
"116","FB",0,"25",0.095,0.979,"2","2",0,1,"2","2","2","2"
"116","LR",1,"25",0.095,0.979,"2","2",0,1,"2","2","2","2"
"116","LR",1,"25",0.095,0.979,"2","2",0,1,"2","2","2","2"
"116","LR",1,"25",0.095,0.979,"2","2",0,1,"2","2","2","2"
"116","LR",1,"25",0.095,0.979,"2","2",0,1,"2","2","2","2"
"117","FB",0,"13",0.575,0.518,"1","1",0.5,0.75,"6","1","6","1"
"117","FB",0,"13",0.575,0.518,"1","1",0.5,0.75,"6","1","6","1"
"117","FB",1,"13",0.575,0.518,"1","1",0.5,0.75,"6","1","6","1"
"117","FB",1,"13",0.575,0.518,"1","1",0.5,0.75,"6","1","6","1"
"117","LR",0,"13",0.575,0.518,"1","1",0.5,0.75,"6","1","6","1"
"117","LR",1,"13",0.575,0.518,"1","1",0.5,0.75,"6","1","6","1"
"117","LR",1,"13",0.575,0.518,"1","1",0.5,0.75,"6","1","6","1"
"117","LR",1,"13",0.575,0.518,"1","1",0.5,0.75,"6","1","6","1"
"118","FB",0,"25",0.024,0.998,"2","2",0,1,"2","2","2","2"
"118","FB",0,"25",0.024,0.998,"2","2",0,1,"2","2","2","2"
"118","FB",0,"25",0.024,0.998,"2","2",0,1,"2","2","2","2"
"118","FB",0,"25",0.024,0.998,"2","2",0,1,"2","2","2","2"
"118","LR",1,"25",0.024,0.998,"2","2",0,1,"2","2","2","2"
"118","LR",1,"25",0.024,0.998,"2","2",0,1,"2","2","2","2"
"118","LR",1,"25",0.024,0.998,"2","2",0,1,"2","2","2","2"
"118","LR",1,"25",0.024,0.998,"2","2",0,1,"2","2","2","2"
"119","FB",0,"25",0,0.986,"2","2",0,1,"2","2","2","2"
"119","FB",0,"25",0,0.986,"2","2",0,1,"2","2","2","2"
"119","FB",0,"25",0,0.986,"2","2",0,1,"2","2","2","2"
"119","FB",0,"25",0,0.986,"2","2",0,1,"2","2","2","2"
"119","LR",1,"25",0,0.986,"2","2",0,1,"2","2","2","2"
"119","LR",1,"25",0,0.986,"2","2",0,1,"2","2","2","2"
"119","LR",1,"25",0,0.986,"2","2",0,1,"2","2","2","2"
"119","LR",1,"25",0,0.986,"2","2",0,1,"2","2","2","2"
"120","FB",0,"13",0.492,0.445,"1","1",0.5,0.5,"6","1","6","1"
"120","FB",0,"13",0.492,0.445,"1","1",0.5,0.5,"6","1","6","1"
"120","FB",1,"13",0.492,0.445,"1","1",0.5,0.5,"6","1","6","1"
"120","FB",1,"13",0.492,0.445,"1","1",0.5,0.5,"6","1","6","1"
"120","LR",0,"13",0.492,0.445,"1","1",0.5,0.5,"6","1","6","1"
"120","LR",0,"13",0.492,0.445,"1","1",0.5,0.5,"6","1","6","1"
"120","LR",1,"13",0.492,0.445,"1","1",0.5,0.5,"6","1","6","1"
"120","LR",1,"13",0.492,0.445,"1","1",0.5,0.5,"6","1","6","1"
"121","FB",0,"25",0.025,0.9,"2","2",0,1,"2","2","2","2"
"121","FB",0,"25",0.025,0.9,"2","2",0,1,"2","2","2","2"
"121","FB",0,"25",0.025,0.9,"2","2",0,1,"2","2","2","2"
"121","FB",0,"25",0.025,0.9,"2","2",0,1,"2","2","2","2"
"121","LR",1,"25",0.025,0.9,"2","2",0,1,"2","2","2","2"
"121","LR",1,"25",0.025,0.9,"2","2",0,1,"2","2","2","2"
"121","LR",1,"25",0.025,0.9,"2","2",0,1,"2","2","2","2"
"121","LR",1,"25",0.025,0.9,"2","2",0,1,"2","2","2","2"
"122","FB",1,"1",0.985,0,"3","3",1,0,"4","3","4","3"
"122","FB",1,"1",0.985,0,"3","3",1,0,"4","3","4","3"
"122","FB",1,"1",0.985,0,"3","3",1,0,"4","3","4","3"
"122","FB",1,"1",0.985,0,"3","3",1,0,"4","3","4","3"
"122","LR",0,"1",0.985,0,"3","3",1,0,"4","3","4","3"
"122","LR",0,"1",0.985,0,"3","3",1,0,"4","3","4","3"
"122","LR",0,"1",0.985,0,"3","3",1,0,"4","3","4","3"
"122","LR",0,"1",0.985,0,"3","3",1,0,"4","3","4","3"
"123","FB",1,"1",1,0,"3","3",1,0,"4","3","4","3"
"123","FB",1,"1",1,0,"3","3",1,0,"4","3","4","3"
"123","FB",1,"1",1,0,"3","3",1,0,"4","3","4","3"
"123","FB",1,"1",1,0,"3","3",1,0,"4","3","4","3"
"123","LR",0,"1",1,0,"3","3",1,0,"4","3","4","3"
"123","LR",0,"1",1,0,"3","3",1,0,"4","3","4","3"
"123","LR",0,"1",1,0,"3","3",1,0,"4","3","4","3"
"123","LR",0,"1",1,0,"3","3",1,0,"4","3","4","3"
"124","FB",0,"25",0,1,"2","2",0,1,"2","2","2","2"
"124","FB",0,"25",0,1,"2","2",0,1,"2","2","2","2"
"124","FB",0,"25",0,1,"2","2",0,1,"2","2","2","2"
"124","FB",0,"25",0,1,"2","2",0,1,"2","2","2","2"
"124","LR",1,"25",0,1,"2","2",0,1,"2","2","2","2"
"124","LR",1,"25",0,1,"2","2",0,1,"2","2","2","2"
"124","LR",1,"25",0,1,"2","2",0,1,"2","2","2","2"
"124","LR",1,"25",0,1,"2","2",0,1,"2","2","2","2"
"125","FB",0,"25",0,0.865,"2","2",0,0.75,"5","2","5","2"
"125","FB",0,"25",0,0.865,"2","2",0,0.75,"5","2","5","2"
"125","FB",0,"25",0,0.865,"2","2",0,0.75,"5","2","5","2"
"125","FB",0,"25",0,0.865,"2","2",0,0.75,"5","2","5","2"
"125","LR",0,"25",0,0.865,"2","2",0,0.75,"5","2","5","2"
"125","LR",1,"25",0,0.865,"2","2",0,0.75,"5","2","5","2"
"125","LR",1,"25",0,0.865,"2","2",0,0.75,"5","2","5","2"
"125","LR",1,"25",0,0.865,"2","2",0,0.75,"5","2","5","2"
"126","FB",0,"13",0.473,0.581,"1","1",0.5,0,"1","1","6","1"
"126","FB",0,"13",0.473,0.581,"1","1",0.5,0,"1","1","6","1"
"126","FB",1,"13",0.473,0.581,"1","1",0.5,0,"1","1","6","1"
"126","FB",1,"13",0.473,0.581,"1","1",0.5,0,"1","1","6","1"
"126","LR",0,"13",0.473,0.581,"1","1",0.5,0,"1","1","6","1"
"126","LR",0,"13",0.473,0.581,"1","1",0.5,0,"1","1","6","1"
"126","LR",0,"13",0.473,0.581,"1","1",0.5,0,"1","1","6","1"
"126","LR",0,"13",0.473,0.581,"1","1",0.5,0,"1","1","6","1"
"127","FB",1,"1",1,0,"3","3",1,0,"4","3","4","3"
"127","FB",1,"1",1,0,"3","3",1,0,"4","3","4","3"
"127","FB",1,"1",1,0,"3","3",1,0,"4","3","4","3"
"127","FB",1,"1",1,0,"3","3",1,0,"4","3","4","3"
"127","LR",0,"1",1,0,"3","3",1,0,"4","3","4","3"
"127","LR",0,"1",1,0,"3","3",1,0,"4","3","4","3"
"127","LR",0,"1",1,0,"3","3",1,0,"4","3","4","3"
"127","LR",0,"1",1,0,"3","3",1,0,"4","3","4","3"
"128","FB",0,"13",0.558,0.511,"1","1",0.5,0.5,"6","1","6","1"
"128","FB",0,"13",0.558,0.511,"1","1",0.5,0.5,"6","1","6","1"
"128","FB",1,"13",0.558,0.511,"1","1",0.5,0.5,"6","1","6","1"
"128","FB",1,"13",0.558,0.511,"1","1",0.5,0.5,"6","1","6","1"
"128","LR",0,"13",0.558,0.511,"1","1",0.5,0.5,"6","1","6","1"
"128","LR",0,"13",0.558,0.511,"1","1",0.5,0.5,"6","1","6","1"
"128","LR",1,"13",0.558,0.511,"1","1",0.5,0.5,"6","1","6","1"
"128","LR",1,"13",0.558,0.511,"1","1",0.5,0.5,"6","1","6","1"
"129","FB",0,"25",0,0.933,"2","2",0,1,"2","2","2","2"
"129","FB",0,"25",0,0.933,"2","2",0,1,"2","2","2","2"
"129","FB",0,"25",0,0.933,"2","2",0,1,"2","2","2","2"
"129","FB",0,"25",0,0.933,"2","2",0,1,"2","2","2","2"
"129","LR",1,"25",0,0.933,"2","2",0,1,"2","2","2","2"
"129","LR",1,"25",0,0.933,"2","2",0,1,"2","2","2","2"
"129","LR",1,"25",0,0.933,"2","2",0,1,"2","2","2","2"
"129","LR",1,"25",0,0.933,"2","2",0,1,"2","2","2","2"
"130","FB",1,"1",0.968,0,"3","3",1,0,"4","3","4","3"
"130","FB",1,"1",0.968,0,"3","3",1,0,"4","3","4","3"
"130","FB",1,"1",0.968,0,"3","3",1,0,"4","3","4","3"
"130","FB",1,"1",0.968,0,"3","3",1,0,"4","3","4","3"
"130","LR",0,"1",0.968,0,"3","3",1,0,"4","3","4","3"
"130","LR",0,"1",0.968,0,"3","3",1,0,"4","3","4","3"
"130","LR",0,"1",0.968,0,"3","3",1,0,"4","3","4","3"
"130","LR",0,"1",0.968,0,"3","3",1,0,"4","3","4","3"
"131","FB",1,"1",0.991,0.016,"3","3",1,0,"4","3","4","3"
"131","FB",1,"1",0.991,0.016,"3","3",1,0,"4","3","4","3"
"131","FB",1,"1",0.991,0.016,"3","3",1,0,"4","3","4","3"
"131","FB",1,"1",0.991,0.016,"3","3",1,0,"4","3","4","3"
"131","LR",0,"1",0.991,0.016,"3","3",1,0,"4","3","4","3"
"131","LR",0,"1",0.991,0.016,"3","3",1,0,"4","3","4","3"
"131","LR",0,"1",0.991,0.016,"3","3",1,0,"4","3","4","3"
"131","LR",0,"1",0.991,0.016,"3","3",1,0,"4","3","4","3"
"132","FB",0,"13",0.549,0.518,"1","1",0.75,0.5,"1","1","1","1"
"132","FB",1,"13",0.549,0.518,"1","1",0.75,0.5,"1","1","1","1"
"132","FB",1,"13",0.549,0.518,"1","1",0.75,0.5,"1","1","1","1"
"132","FB",1,"13",0.549,0.518,"1","1",0.75,0.5,"1","1","1","1"
"132","LR",0,"13",0.549,0.518,"1","1",0.75,0.5,"1","1","1","1"
"132","LR",0,"13",0.549,0.518,"1","1",0.75,0.5,"1","1","1","1"
"132","LR",1,"13",0.549,0.518,"1","1",0.75,0.5,"1","1","1","1"
"132","LR",1,"13",0.549,0.518,"1","1",0.75,0.5,"1","1","1","1"
"133","FB",0,"13",0.509,0.492,"1","1",0.75,0.25,"1","1","1","1"
"133","FB",1,"13",0.509,0.492,"1","1",0.75,0.25,"1","1","1","1"
"133","FB",1,"13",0.509,0.492,"1","1",0.75,0.25,"1","1","1","1"
"133","FB",1,"13",0.509,0.492,"1","1",0.75,0.25,"1","1","1","1"
"133","LR",0,"13",0.509,0.492,"1","1",0.75,0.25,"1","1","1","1"
"133","LR",0,"13",0.509,0.492,"1","1",0.75,0.25,"1","1","1","1"
"133","LR",0,"13",0.509,0.492,"1","1",0.75,0.25,"1","1","1","1"
"133","LR",1,"13",0.509,0.492,"1","1",0.75,0.25,"1","1","1","1"
"134","FB",0,"1",0.981,0.002,"3","3",0.75,0,"3","1","1","1"
"134","FB",1,"1",0.981,0.002,"3","3",0.75,0,"3","1","1","1"
"134","FB",1,"1",0.981,0.002,"3","3",0.75,0,"3","1","1","1"
"134","FB",1,"1",0.981,0.002,"3","3",0.75,0,"3","1","1","1"
"134","LR",0,"1",0.981,0.002,"3","3",0.75,0,"3","1","1","1"
"134","LR",0,"1",0.981,0.002,"3","3",0.75,0,"3","1","1","1"
"134","LR",0,"1",0.981,0.002,"3","3",0.75,0,"3","1","1","1"
"134","LR",0,"1",0.981,0.002,"3","3",0.75,0,"3","1","1","1"
"135","FB",0,"25",0,1,"2","2",0,1,"2","2","2","2"
"135","FB",0,"25",0,1,"2","2",0,1,"2","2","2","2"
"135","FB",0,"25",0,1,"2","2",0,1,"2","2","2","2"
"135","FB",0,"25",0,1,"2","2",0,1,"2","2","2","2"
"135","LR",1,"25",0,1,"2","2",0,1,"2","2","2","2"
"135","LR",1,"25",0,1,"2","2",0,1,"2","2","2","2"
"135","LR",1,"25",0,1,"2","2",0,1,"2","2","2","2"
"135","LR",1,"25",0,1,"2","2",0,1,"2","2","2","2"
"136","FB",0,"13",0.536,0.472,"1","1",0.75,0.25,"1","1","1","1"
"136","FB",1,"13",0.536,0.472,"1","1",0.75,0.25,"1","1","1","1"
"136","FB",1,"13",0.536,0.472,"1","1",0.75,0.25,"1","1","1","1"
"136","FB",1,"13",0.536,0.472,"1","1",0.75,0.25,"1","1","1","1"
"136","LR",0,"13",0.536,0.472,"1","1",0.75,0.25,"1","1","1","1"
"136","LR",0,"13",0.536,0.472,"1","1",0.75,0.25,"1","1","1","1"
"136","LR",0,"13",0.536,0.472,"1","1",0.75,0.25,"1","1","1","1"
"136","LR",1,"13",0.536,0.472,"1","1",0.75,0.25,"1","1","1","1"
"137","FB",0,"13",0.605,0.448,"1","1",0.25,0.5,"6","1","5","1"
"137","FB",0,"13",0.605,0.448,"1","1",0.25,0.5,"6","1","5","1"
"137","FB",0,"13",0.605,0.448,"1","1",0.25,0.5,"6","1","5","1"
"137","FB",1,"13",0.605,0.448,"1","1",0.25,0.5,"6","1","5","1"
"137","LR",0,"13",0.605,0.448,"1","1",0.25,0.5,"6","1","5","1"
"137","LR",0,"13",0.605,0.448,"1","1",0.25,0.5,"6","1","5","1"
"137","LR",1,"13",0.605,0.448,"1","1",0.25,0.5,"6","1","5","1"
"137","LR",1,"13",0.605,0.448,"1","1",0.25,0.5,"6","1","5","1"
"138","FB",1,"1",1,0,"3","3",1,0,"4","3","4","3"
"138","FB",1,"1",1,0,"3","3",1,0,"4","3","4","3"
"138","FB",1,"1",1,0,"3","3",1,0,"4","3","4","3"
"138","FB",1,"1",1,0,"3","3",1,0,"4","3","4","3"
"138","LR",0,"1",1,0,"3","3",1,0,"4","3","4","3"
"138","LR",0,"1",1,0,"3","3",1,0,"4","3","4","3"
"138","LR",0,"1",1,0,"3","3",1,0,"4","3","4","3"
"138","LR",0,"1",1,0,"3","3",1,0,"4","3","4","3"
"139","FB",1,"1",0.995,0.009,"3","3",1,0,"4","3","4","3"
"139","FB",1,"1",0.995,0.009,"3","3",1,0,"4","3","4","3"
"139","FB",1,"1",0.995,0.009,"3","3",1,0,"4","3","4","3"
"139","FB",1,"1",0.995,0.009,"3","3",1,0,"4","3","4","3"
"139","LR",0,"1",0.995,0.009,"3","3",1,0,"4","3","4","3"
"139","LR",0,"1",0.995,0.009,"3","3",1,0,"4","3","4","3"
"139","LR",0,"1",0.995,0.009,"3","3",1,0,"4","3","4","3"
"139","LR",0,"1",0.995,0.009,"3","3",1,0,"4","3","4","3"
"140","FB",1,"1",1,0,"3","3",1,0,"4","3","4","3"
"140","FB",1,"1",1,0,"3","3",1,0,"4","3","4","3"
"140","FB",1,"1",1,0,"3","3",1,0,"4","3","4","3"
"140","FB",1,"1",1,0,"3","3",1,0,"4","3","4","3"
"140","LR",0,"1",1,0,"3","3",1,0,"4","3","4","3"
"140","LR",0,"1",1,0,"3","3",1,0,"4","3","4","3"
"140","LR",0,"1",1,0,"3","3",1,0,"4","3","4","3"
"140","LR",0,"1",1,0,"3","3",1,0,"4","3","4","3"
"141","FB",1,"1",0.998,0,"3","3",1,0,"4","3","4","3"
"141","FB",1,"1",0.998,0,"3","3",1,0,"4","3","4","3"
"141","FB",1,"1",0.998,0,"3","3",1,0,"4","3","4","3"
"141","FB",1,"1",0.998,0,"3","3",1,0,"4","3","4","3"
"141","LR",0,"1",0.998,0,"3","3",1,0,"4","3","4","3"
"141","LR",0,"1",0.998,0,"3","3",1,0,"4","3","4","3"
"141","LR",0,"1",0.998,0,"3","3",1,0,"4","3","4","3"
"141","LR",0,"1",0.998,0,"3","3",1,0,"4","3","4","3"
"142","FB",0,"25",0,1,"2","2",0,1,"2","2","2","2"
"142","FB",0,"25",0,1,"2","2",0,1,"2","2","2","2"
"142","FB",0,"25",0,1,"2","2",0,1,"2","2","2","2"
"142","FB",0,"25",0,1,"2","2",0,1,"2","2","2","2"
"142","LR",1,"25",0,1,"2","2",0,1,"2","2","2","2"
"142","LR",1,"25",0,1,"2","2",0,1,"2","2","2","2"
"142","LR",1,"25",0,1,"2","2",0,1,"2","2","2","2"
"142","LR",1,"25",0,1,"2","2",0,1,"2","2","2","2"
"143","FB",0,"25",0,1,"2","2",0,1,"2","2","2","2"
"143","FB",0,"25",0,1,"2","2",0,1,"2","2","2","2"
"143","FB",0,"25",0,1,"2","2",0,1,"2","2","2","2"
"143","FB",0,"25",0,1,"2","2",0,1,"2","2","2","2"
"143","LR",1,"25",0,1,"2","2",0,1,"2","2","2","2"
"143","LR",1,"25",0,1,"2","2",0,1,"2","2","2","2"
"143","LR",1,"25",0,1,"2","2",0,1,"2","2","2","2"
"143","LR",1,"25",0,1,"2","2",0,1,"2","2","2","2"
"144","FB",0,"25",0,1,"2","2",0,1,"2","2","2","2"
"144","FB",0,"25",0,1,"2","2",0,1,"2","2","2","2"
"144","FB",0,"25",0,1,"2","2",0,1,"2","2","2","2"
"144","FB",0,"25",0,1,"2","2",0,1,"2","2","2","2"
"144","LR",1,"25",0,1,"2","2",0,1,"2","2","2","2"
"144","LR",1,"25",0,1,"2","2",0,1,"2","2","2","2"
"144","LR",1,"25",0,1,"2","2",0,1,"2","2","2","2"
"144","LR",1,"25",0,1,"2","2",0,1,"2","2","2","2"
"145","FB",0,"13",0.5,0.454,"1","1",0.25,0.5,"6","1","5","1"
"145","FB",0,"13",0.5,0.454,"1","1",0.25,0.5,"6","1","5","1"
"145","FB",0,"13",0.5,0.454,"1","1",0.25,0.5,"6","1","5","1"
"145","FB",1,"13",0.5,0.454,"1","1",0.25,0.5,"6","1","5","1"
"145","LR",0,"13",0.5,0.454,"1","1",0.25,0.5,"6","1","5","1"
"145","LR",0,"13",0.5,0.454,"1","1",0.25,0.5,"6","1","5","1"
"145","LR",1,"13",0.5,0.454,"1","1",0.25,0.5,"6","1","5","1"
"145","LR",1,"13",0.5,0.454,"1","1",0.25,0.5,"6","1","5","1"
"146","FB",0,"25",0.005,0.994,"2","2",0,1,"2","2","2","2"
"146","FB",0,"25",0.005,0.994,"2","2",0,1,"2","2","2","2"
"146","FB",0,"25",0.005,0.994,"2","2",0,1,"2","2","2","2"
"146","FB",0,"25",0.005,0.994,"2","2",0,1,"2","2","2","2"
"146","LR",1,"25",0.005,0.994,"2","2",0,1,"2","2","2","2"
"146","LR",1,"25",0.005,0.994,"2","2",0,1,"2","2","2","2"
"146","LR",1,"25",0.005,0.994,"2","2",0,1,"2","2","2","2"
"146","LR",1,"25",0.005,0.994,"2","2",0,1,"2","2","2","2"
"147","FB",1,"1",1,0.021,"3","3",1,0,"4","3","4","3"
"147","FB",1,"1",1,0.021,"3","3",1,0,"4","3","4","3"
"147","FB",1,"1",1,0.021,"3","3",1,0,"4","3","4","3"
"147","FB",1,"1",1,0.021,"3","3",1,0,"4","3","4","3"
"147","LR",0,"1",1,0.021,"3","3",1,0,"4","3","4","3"
"147","LR",0,"1",1,0.021,"3","3",1,0,"4","3","4","3"
"147","LR",0,"1",1,0.021,"3","3",1,0,"4","3","4","3"
"147","LR",0,"1",1,0.021,"3","3",1,0,"4","3","4","3"
"148","FB",0,"25",0,0.965,"2","2",0,1,"2","2","2","2"
"148","FB",0,"25",0,0.965,"2","2",0,1,"2","2","2","2"
"148","FB",0,"25",0,0.965,"2","2",0,1,"2","2","2","2"
"148","FB",0,"25",0,0.965,"2","2",0,1,"2","2","2","2"
"148","LR",1,"25",0,0.965,"2","2",0,1,"2","2","2","2"
"148","LR",1,"25",0,0.965,"2","2",0,1,"2","2","2","2"
"148","LR",1,"25",0,0.965,"2","2",0,1,"2","2","2","2"
"148","LR",1,"25",0,0.965,"2","2",0,1,"2","2","2","2"
"149","FB",0,"13",0.444,0.469,"1","1",0.75,0.75,"6","1","1","1"
"149","FB",1,"13",0.444,0.469,"1","1",0.75,0.75,"6","1","1","1"
"149","FB",1,"13",0.444,0.469,"1","1",0.75,0.75,"6","1","1","1"
"149","FB",1,"13",0.444,0.469,"1","1",0.75,0.75,"6","1","1","1"
"149","LR",0,"13",0.444,0.469,"1","1",0.75,0.75,"6","1","1","1"
"149","LR",1,"13",0.444,0.469,"1","1",0.75,0.75,"6","1","1","1"
"149","LR",1,"13",0.444,0.469,"1","1",0.75,0.75,"6","1","1","1"
"149","LR",1,"13",0.444,0.469,"1","1",0.75,0.75,"6","1","1","1"
"150","FB",1,"1",0.977,0.002,"3","3",1,0.25,"3","1","3","3"
"150","FB",1,"1",0.977,0.002,"3","3",1,0.25,"3","1","3","3"
"150","FB",1,"1",0.977,0.002,"3","3",1,0.25,"3","1","3","3"
"150","FB",1,"1",0.977,0.002,"3","3",1,0.25,"3","1","3","3"
"150","LR",0,"1",0.977,0.002,"3","3",1,0.25,"3","1","3","3"
"150","LR",0,"1",0.977,0.002,"3","3",1,0.25,"3","1","3","3"
"150","LR",0,"1",0.977,0.002,"3","3",1,0.25,"3","1","3","3"
"150","LR",1,"1",0.977,0.002,"3","3",1,0.25,"3","1","3","3"
"151","FB",0,"25",0,1,"2","2",0,1,"2","2","2","2"
"151","FB",0,"25",0,1,"2","2",0,1,"2","2","2","2"
"151","FB",0,"25",0,1,"2","2",0,1,"2","2","2","2"
"151","FB",0,"25",0,1,"2","2",0,1,"2","2","2","2"
"151","LR",1,"25",0,1,"2","2",0,1,"2","2","2","2"
"151","LR",1,"25",0,1,"2","2",0,1,"2","2","2","2"
"151","LR",1,"25",0,1,"2","2",0,1,"2","2","2","2"
"151","LR",1,"25",0,1,"2","2",0,1,"2","2","2","2"
"152","FB",0,"25",0,1,"2","2",0,1,"2","2","2","2"
"152","FB",0,"25",0,1,"2","2",0,1,"2","2","2","2"
"152","FB",0,"25",0,1,"2","2",0,1,"2","2","2","2"
"152","FB",0,"25",0,1,"2","2",0,1,"2","2","2","2"
"152","LR",1,"25",0,1,"2","2",0,1,"2","2","2","2"
"152","LR",1,"25",0,1,"2","2",0,1,"2","2","2","2"
"152","LR",1,"25",0,1,"2","2",0,1,"2","2","2","2"
"152","LR",1,"25",0,1,"2","2",0,1,"2","2","2","2"
"153","FB",1,"1",0.993,0.031,"3","3",1,0.25,"3","1","3","3"
"153","FB",1,"1",0.993,0.031,"3","3",1,0.25,"3","1","3","3"
"153","FB",1,"1",0.993,0.031,"3","3",1,0.25,"3","1","3","3"
"153","FB",1,"1",0.993,0.031,"3","3",1,0.25,"3","1","3","3"
"153","LR",0,"1",0.993,0.031,"3","3",1,0.25,"3","1","3","3"
"153","LR",0,"1",0.993,0.031,"3","3",1,0.25,"3","1","3","3"
"153","LR",0,"1",0.993,0.031,"3","3",1,0.25,"3","1","3","3"
"153","LR",1,"1",0.993,0.031,"3","3",1,0.25,"3","1","3","3"
"154","FB",1,"1",1,0,"3","3",1,0,"4","3","4","3"
"154","FB",1,"1",1,0,"3","3",1,0,"4","3","4","3"
"154","FB",1,"1",1,0,"3","3",1,0,"4","3","4","3"
"154","FB",1,"1",1,0,"3","3",1,0,"4","3","4","3"
"154","LR",0,"1",1,0,"3","3",1,0,"4","3","4","3"
"154","LR",0,"1",1,0,"3","3",1,0,"4","3","4","3"
"154","LR",0,"1",1,0,"3","3",1,0,"4","3","4","3"
"154","LR",0,"1",1,0,"3","3",1,0,"4","3","4","3"
"155","FB",1,"1",0.995,0,"3","3",1,0,"4","3","4","3"
"155","FB",1,"1",0.995,0,"3","3",1,0,"4","3","4","3"
"155","FB",1,"1",0.995,0,"3","3",1,0,"4","3","4","3"
"155","FB",1,"1",0.995,0,"3","3",1,0,"4","3","4","3"
"155","LR",0,"1",0.995,0,"3","3",1,0,"4","3","4","3"
"155","LR",0,"1",0.995,0,"3","3",1,0,"4","3","4","3"
"155","LR",0,"1",0.995,0,"3","3",1,0,"4","3","4","3"
"155","LR",0,"1",0.995,0,"3","3",1,0,"4","3","4","3"
"156","FB",0,"25",0.008,1,"2","2",0,1,"2","2","2","2"
"156","FB",0,"25",0.008,1,"2","2",0,1,"2","2","2","2"
"156","FB",0,"25",0.008,1,"2","2",0,1,"2","2","2","2"
"156","FB",0,"25",0.008,1,"2","2",0,1,"2","2","2","2"
"156","LR",1,"25",0.008,1,"2","2",0,1,"2","2","2","2"
"156","LR",1,"25",0.008,1,"2","2",0,1,"2","2","2","2"
"156","LR",1,"25",0.008,1,"2","2",0,1,"2","2","2","2"
"156","LR",1,"25",0.008,1,"2","2",0,1,"2","2","2","2"
"157","FB",0,"25",0,1,"2","2",0,1,"2","2","2","2"
"157","FB",0,"25",0,1,"2","2",0,1,"2","2","2","2"
"157","FB",0,"25",0,1,"2","2",0,1,"2","2","2","2"
"157","FB",0,"25",0,1,"2","2",0,1,"2","2","2","2"
"157","LR",1,"25",0,1,"2","2",0,1,"2","2","2","2"
"157","LR",1,"25",0,1,"2","2",0,1,"2","2","2","2"
"157","LR",1,"25",0,1,"2","2",0,1,"2","2","2","2"
"157","LR",1,"25",0,1,"2","2",0,1,"2","2","2","2"
"158","FB",0,"25",0.062,1,"2","2",0,1,"2","2","2","2"
"158","FB",0,"25",0.062,1,"2","2",0,1,"2","2","2","2"
"158","FB",0,"25",0.062,1,"2","2",0,1,"2","2","2","2"
"158","FB",0,"25",0.062,1,"2","2",0,1,"2","2","2","2"
"158","LR",1,"25",0.062,1,"2","2",0,1,"2","2","2","2"
"158","LR",1,"25",0.062,1,"2","2",0,1,"2","2","2","2"
"158","LR",1,"25",0.062,1,"2","2",0,1,"2","2","2","2"
"158","LR",1,"25",0.062,1,"2","2",0,1,"2","2","2","2"
"159","FB",0,"13",0.52,0.482,"1","1",0.5,0.75,"6","1","6","1"
"159","FB",0,"13",0.52,0.482,"1","1",0.5,0.75,"6","1","6","1"
"159","FB",1,"13",0.52,0.482,"1","1",0.5,0.75,"6","1","6","1"
"159","FB",1,"13",0.52,0.482,"1","1",0.5,0.75,"6","1","6","1"
"159","LR",0,"13",0.52,0.482,"1","1",0.5,0.75,"6","1","6","1"
"159","LR",1,"13",0.52,0.482,"1","1",0.5,0.75,"6","1","6","1"
"159","LR",1,"13",0.52,0.482,"1","1",0.5,0.75,"6","1","6","1"
"159","LR",1,"13",0.52,0.482,"1","1",0.5,0.75,"6","1","6","1"
"160","FB",1,"1",1,0,"3","3",1,0,"4","3","4","3"
"160","FB",1,"1",1,0,"3","3",1,0,"4","3","4","3"
"160","FB",1,"1",1,0,"3","3",1,0,"4","3","4","3"
"160","FB",1,"1",1,0,"3","3",1,0,"4","3","4","3"
"160","LR",0,"1",1,0,"3","3",1,0,"4","3","4","3"
"160","LR",0,"1",1,0,"3","3",1,0,"4","3","4","3"
"160","LR",0,"1",1,0,"3","3",1,0,"4","3","4","3"
"160","LR",0,"1",1,0,"3","3",1,0,"4","3","4","3"
"161","FB",1,"1",1,0.048,"3","3",1,0,"4","3","4","3"
"161","FB",1,"1",1,0.048,"3","3",1,0,"4","3","4","3"
"161","FB",1,"1",1,0.048,"3","3",1,0,"4","3","4","3"
"161","FB",1,"1",1,0.048,"3","3",1,0,"4","3","4","3"
"161","LR",0,"1",1,0.048,"3","3",1,0,"4","3","4","3"
"161","LR",0,"1",1,0.048,"3","3",1,0,"4","3","4","3"
"161","LR",0,"1",1,0.048,"3","3",1,0,"4","3","4","3"
"161","LR",0,"1",1,0.048,"3","3",1,0,"4","3","4","3"
"162","FB",1,"1",0.976,0.004,"3","3",1,0,"4","3","4","3"
"162","FB",1,"1",0.976,0.004,"3","3",1,0,"4","3","4","3"
"162","FB",1,"1",0.976,0.004,"3","3",1,0,"4","3","4","3"
"162","FB",1,"1",0.976,0.004,"3","3",1,0,"4","3","4","3"
"162","LR",0,"1",0.976,0.004,"3","3",1,0,"4","3","4","3"
"162","LR",0,"1",0.976,0.004,"3","3",1,0,"4","3","4","3"
"162","LR",0,"1",0.976,0.004,"3","3",1,0,"4","3","4","3"
"162","LR",0,"1",0.976,0.004,"3","3",1,0,"4","3","4","3"
"163","FB",0,"13",0.514,0.41,"1","1",0.25,0.25,"6","1","5","1"
"163","FB",0,"13",0.514,0.41,"1","1",0.25,0.25,"6","1","5","1"
"163","FB",0,"13",0.514,0.41,"1","1",0.25,0.25,"6","1","5","1"
"163","FB",1,"13",0.514,0.41,"1","1",0.25,0.25,"6","1","5","1"
"163","LR",0,"13",0.514,0.41,"1","1",0.25,0.25,"6","1","5","1"
"163","LR",0,"13",0.514,0.41,"1","1",0.25,0.25,"6","1","5","1"
"163","LR",0,"13",0.514,0.41,"1","1",0.25,0.25,"6","1","5","1"
"163","LR",1,"13",0.514,0.41,"1","1",0.25,0.25,"6","1","5","1"
"164","FB",0,"25",0,0.959,"2","2",0,1,"2","2","2","2"
"164","FB",0,"25",0,0.959,"2","2",0,1,"2","2","2","2"
"164","FB",0,"25",0,0.959,"2","2",0,1,"2","2","2","2"
"164","FB",0,"25",0,0.959,"2","2",0,1,"2","2","2","2"
"164","LR",1,"25",0,0.959,"2","2",0,1,"2","2","2","2"
"164","LR",1,"25",0,0.959,"2","2",0,1,"2","2","2","2"
"164","LR",1,"25",0,0.959,"2","2",0,1,"2","2","2","2"
"164","LR",1,"25",0,0.959,"2","2",0,1,"2","2","2","2"
"165","FB",0,"13",0.548,0.452,"1","1",0.5,0.5,"6","1","6","1"
"165","FB",0,"13",0.548,0.452,"1","1",0.5,0.5,"6","1","6","1"
"165","FB",1,"13",0.548,0.452,"1","1",0.5,0.5,"6","1","6","1"
"165","FB",1,"13",0.548,0.452,"1","1",0.5,0.5,"6","1","6","1"
"165","LR",0,"13",0.548,0.452,"1","1",0.5,0.5,"6","1","6","1"
"165","LR",0,"13",0.548,0.452,"1","1",0.5,0.5,"6","1","6","1"
"165","LR",1,"13",0.548,0.452,"1","1",0.5,0.5,"6","1","6","1"
"165","LR",1,"13",0.548,0.452,"1","1",0.5,0.5,"6","1","6","1"
"166","FB",0,"25",0,1,"2","2",0,1,"2","2","2","2"
"166","FB",0,"25",0,1,"2","2",0,1,"2","2","2","2"
"166","FB",0,"25",0,1,"2","2",0,1,"2","2","2","2"
"166","FB",0,"25",0,1,"2","2",0,1,"2","2","2","2"
"166","LR",1,"25",0,1,"2","2",0,1,"2","2","2","2"
"166","LR",1,"25",0,1,"2","2",0,1,"2","2","2","2"
"166","LR",1,"25",0,1,"2","2",0,1,"2","2","2","2"
"166","LR",1,"25",0,1,"2","2",0,1,"2","2","2","2"
"167","FB",0,"13",0.574,0.482,"1","1",0.75,1,"6","1","1","1"
"167","FB",1,"13",0.574,0.482,"1","1",0.75,1,"6","1","1","1"
"167","FB",1,"13",0.574,0.482,"1","1",0.75,1,"6","1","1","1"
"167","FB",1,"13",0.574,0.482,"1","1",0.75,1,"6","1","1","1"
"167","LR",1,"13",0.574,0.482,"1","1",0.75,1,"6","1","1","1"
"167","LR",1,"13",0.574,0.482,"1","1",0.75,1,"6","1","1","1"
"167","LR",1,"13",0.574,0.482,"1","1",0.75,1,"6","1","1","1"
"167","LR",1,"13",0.574,0.482,"1","1",0.75,1,"6","1","1","1"
"168","FB",1,"1",1,0,"3","3",1,0,"4","3","4","3"
"168","FB",1,"1",1,0,"3","3",1,0,"4","3","4","3"
"168","FB",1,"1",1,0,"3","3",1,0,"4","3","4","3"
"168","FB",1,"1",1,0,"3","3",1,0,"4","3","4","3"
"168","LR",0,"1",1,0,"3","3",1,0,"4","3","4","3"
"168","LR",0,"1",1,0,"3","3",1,0,"4","3","4","3"
"168","LR",0,"1",1,0,"3","3",1,0,"4","3","4","3"
"168","LR",0,"1",1,0,"3","3",1,0,"4","3","4","3"
"169","FB",0,"13",0.512,0.448,"1","1",0.25,0.75,"5","1","5","1"
"169","FB",0,"13",0.512,0.448,"1","1",0.25,0.75,"5","1","5","1"
"169","FB",0,"13",0.512,0.448,"1","1",0.25,0.75,"5","1","5","1"
"169","FB",1,"13",0.512,0.448,"1","1",0.25,0.75,"5","1","5","1"
"169","LR",0,"13",0.512,0.448,"1","1",0.25,0.75,"5","1","5","1"
"169","LR",1,"13",0.512,0.448,"1","1",0.25,0.75,"5","1","5","1"
"169","LR",1,"13",0.512,0.448,"1","1",0.25,0.75,"5","1","5","1"
"169","LR",1,"13",0.512,0.448,"1","1",0.25,0.75,"5","1","5","1"
"170","FB",0,"25",0.015,0.906,"2","2",0,1,"2","2","2","2"
"170","FB",0,"25",0.015,0.906,"2","2",0,1,"2","2","2","2"
"170","FB",0,"25",0.015,0.906,"2","2",0,1,"2","2","2","2"
"170","FB",0,"25",0.015,0.906,"2","2",0,1,"2","2","2","2"
"170","LR",1,"25",0.015,0.906,"2","2",0,1,"2","2","2","2"
"170","LR",1,"25",0.015,0.906,"2","2",0,1,"2","2","2","2"
"170","LR",1,"25",0.015,0.906,"2","2",0,1,"2","2","2","2"
"170","LR",1,"25",0.015,0.906,"2","2",0,1,"2","2","2","2"
"171","FB",0,"25",0.026,0.935,"2","2",0,1,"2","2","2","2"
"171","FB",0,"25",0.026,0.935,"2","2",0,1,"2","2","2","2"
"171","FB",0,"25",0.026,0.935,"2","2",0,1,"2","2","2","2"
"171","FB",0,"25",0.026,0.935,"2","2",0,1,"2","2","2","2"
"171","LR",1,"25",0.026,0.935,"2","2",0,1,"2","2","2","2"
"171","LR",1,"25",0.026,0.935,"2","2",0,1,"2","2","2","2"
"171","LR",1,"25",0.026,0.935,"2","2",0,1,"2","2","2","2"
"171","LR",1,"25",0.026,0.935,"2","2",0,1,"2","2","2","2"
"172","FB",1,"1",1,0,"3","3",1,0,"4","3","4","3"
"172","FB",1,"1",1,0,"3","3",1,0,"4","3","4","3"
"172","FB",1,"1",1,0,"3","3",1,0,"4","3","4","3"
"172","FB",1,"1",1,0,"3","3",1,0,"4","3","4","3"
"172","LR",0,"1",1,0,"3","3",1,0,"4","3","4","3"
"172","LR",0,"1",1,0,"3","3",1,0,"4","3","4","3"
"172","LR",0,"1",1,0,"3","3",1,0,"4","3","4","3"
"172","LR",0,"1",1,0,"3","3",1,0,"4","3","4","3"
"173","FB",1,"1",1,0,"3","3",1,0,"4","3","4","3"
"173","FB",1,"1",1,0,"3","3",1,0,"4","3","4","3"
"173","FB",1,"1",1,0,"3","3",1,0,"4","3","4","3"
"173","FB",1,"1",1,0,"3","3",1,0,"4","3","4","3"
"173","LR",0,"1",1,0,"3","3",1,0,"4","3","4","3"
"173","LR",0,"1",1,0,"3","3",1,0,"4","3","4","3"
"173","LR",0,"1",1,0,"3","3",1,0,"4","3","4","3"
"173","LR",0,"1",1,0,"3","3",1,0,"4","3","4","3"
"174","FB",0,"25",0,1,"2","2",0,1,"2","2","2","2"
"174","FB",0,"25",0,1,"2","2",0,1,"2","2","2","2"
"174","FB",0,"25",0,1,"2","2",0,1,"2","2","2","2"
"174","FB",0,"25",0,1,"2","2",0,1,"2","2","2","2"
"174","LR",1,"25",0,1,"2","2",0,1,"2","2","2","2"
"174","LR",1,"25",0,1,"2","2",0,1,"2","2","2","2"
"174","LR",1,"25",0,1,"2","2",0,1,"2","2","2","2"
"174","LR",1,"25",0,1,"2","2",0,1,"2","2","2","2"
"175","FB",1,"1",0.963,0,"3","3",1,0,"4","3","4","3"
"175","FB",1,"1",0.963,0,"3","3",1,0,"4","3","4","3"
"175","FB",1,"1",0.963,0,"3","3",1,0,"4","3","4","3"
"175","FB",1,"1",0.963,0,"3","3",1,0,"4","3","4","3"
"175","LR",0,"1",0.963,0,"3","3",1,0,"4","3","4","3"
"175","LR",0,"1",0.963,0,"3","3",1,0,"4","3","4","3"
"175","LR",0,"1",0.963,0,"3","3",1,0,"4","3","4","3"
"175","LR",0,"1",0.963,0,"3","3",1,0,"4","3","4","3"
"176","FB",0,"25",0.033,1,"2","2",0,1,"2","2","2","2"
"176","FB",0,"25",0.033,1,"2","2",0,1,"2","2","2","2"
"176","FB",0,"25",0.033,1,"2","2",0,1,"2","2","2","2"
"176","FB",0,"25",0.033,1,"2","2",0,1,"2","2","2","2"
"176","LR",1,"25",0.033,1,"2","2",0,1,"2","2","2","2"
"176","LR",1,"25",0.033,1,"2","2",0,1,"2","2","2","2"
"176","LR",1,"25",0.033,1,"2","2",0,1,"2","2","2","2"
"176","LR",1,"25",0.033,1,"2","2",0,1,"2","2","2","2"
"177","FB",0,"13",0.494,0.551,"2","2",0,0.75,"5","2","5","2"
"177","FB",0,"13",0.494,0.551,"2","2",0,0.75,"5","2","5","2"
"177","FB",0,"13",0.494,0.551,"2","2",0,0.75,"5","2","5","2"
"177","FB",0,"13",0.494,0.551,"2","2",0,0.75,"5","2","5","2"
"177","LR",0,"13",0.494,0.551,"2","2",0,0.75,"5","2","5","2"
"177","LR",1,"13",0.494,0.551,"2","2",0,0.75,"5","2","5","2"
"177","LR",1,"13",0.494,0.551,"2","2",0,0.75,"5","2","5","2"
"177","LR",1,"13",0.494,0.551,"2","2",0,0.75,"5","2","5","2"
"178","FB",1,"1",0.948,0,"3","3",1,0,"4","3","4","3"
"178","FB",1,"1",0.948,0,"3","3",1,0,"4","3","4","3"
"178","FB",1,"1",0.948,0,"3","3",1,0,"4","3","4","3"
"178","FB",1,"1",0.948,0,"3","3",1,0,"4","3","4","3"
"178","LR",0,"1",0.948,0,"3","3",1,0,"4","3","4","3"
"178","LR",0,"1",0.948,0,"3","3",1,0,"4","3","4","3"
"178","LR",0,"1",0.948,0,"3","3",1,0,"4","3","4","3"
"178","LR",0,"1",0.948,0,"3","3",1,0,"4","3","4","3"
"179","FB",1,"1",1,0.009,"3","3",1,0.25,"3","1","3","3"
"179","FB",1,"1",1,0.009,"3","3",1,0.25,"3","1","3","3"
"179","FB",1,"1",1,0.009,"3","3",1,0.25,"3","1","3","3"
"179","FB",1,"1",1,0.009,"3","3",1,0.25,"3","1","3","3"
"179","LR",0,"1",1,0.009,"3","3",1,0.25,"3","1","3","3"
"179","LR",0,"1",1,0.009,"3","3",1,0.25,"3","1","3","3"
"179","LR",0,"1",1,0.009,"3","3",1,0.25,"3","1","3","3"
"179","LR",1,"1",1,0.009,"3","3",1,0.25,"3","1","3","3"
"180","FB",0,"13",0.517,0.546,"1","1",0.25,0.75,"5","1","5","1"
"180","FB",0,"13",0.517,0.546,"1","1",0.25,0.75,"5","1","5","1"
"180","FB",0,"13",0.517,0.546,"1","1",0.25,0.75,"5","1","5","1"
"180","FB",1,"13",0.517,0.546,"1","1",0.25,0.75,"5","1","5","1"
"180","LR",0,"13",0.517,0.546,"1","1",0.25,0.75,"5","1","5","1"
"180","LR",1,"13",0.517,0.546,"1","1",0.25,0.75,"5","1","5","1"
"180","LR",1,"13",0.517,0.546,"1","1",0.25,0.75,"5","1","5","1"
"180","LR",1,"13",0.517,0.546,"1","1",0.25,0.75,"5","1","5","1"
"181","FB",0,"13",0.518,0.531,"1","1",0.25,0,"1","1","5","1"
"181","FB",0,"13",0.518,0.531,"1","1",0.25,0,"1","1","5","1"
"181","FB",0,"13",0.518,0.531,"1","1",0.25,0,"1","1","5","1"
"181","FB",1,"13",0.518,0.531,"1","1",0.25,0,"1","1","5","1"
"181","LR",0,"13",0.518,0.531,"1","1",0.25,0,"1","1","5","1"
"181","LR",0,"13",0.518,0.531,"1","1",0.25,0,"1","1","5","1"
"181","LR",0,"13",0.518,0.531,"1","1",0.25,0,"1","1","5","1"
"181","LR",0,"13",0.518,0.531,"1","1",0.25,0,"1","1","5","1"
"182","FB",1,"1",0.989,0.043,"3","3",1,0,"4","3","4","3"
"182","FB",1,"1",0.989,0.043,"3","3",1,0,"4","3","4","3"
"182","FB",1,"1",0.989,0.043,"3","3",1,0,"4","3","4","3"
"182","FB",1,"1",0.989,0.043,"3","3",1,0,"4","3","4","3"
"182","LR",0,"1",0.989,0.043,"3","3",1,0,"4","3","4","3"
"182","LR",0,"1",0.989,0.043,"3","3",1,0,"4","3","4","3"
"182","LR",0,"1",0.989,0.043,"3","3",1,0,"4","3","4","3"
"182","LR",0,"1",0.989,0.043,"3","3",1,0,"4","3","4","3"
"183","FB",0,"25",0,0.93,"2","2",0,0.75,"5","2","5","2"
"183","FB",0,"25",0,0.93,"2","2",0,0.75,"5","2","5","2"
"183","FB",0,"25",0,0.93,"2","2",0,0.75,"5","2","5","2"
"183","FB",0,"25",0,0.93,"2","2",0,0.75,"5","2","5","2"
"183","LR",0,"25",0,0.93,"2","2",0,0.75,"5","2","5","2"
"183","LR",1,"25",0,0.93,"2","2",0,0.75,"5","2","5","2"
"183","LR",1,"25",0,0.93,"2","2",0,0.75,"5","2","5","2"
"183","LR",1,"25",0,0.93,"2","2",0,0.75,"5","2","5","2"
"184","FB",0,"13",0.483,0.35,"1","1",0.75,0.5,"1","1","1","1"
"184","FB",1,"13",0.483,0.35,"1","1",0.75,0.5,"1","1","1","1"
"184","FB",1,"13",0.483,0.35,"1","1",0.75,0.5,"1","1","1","1"
"184","FB",1,"13",0.483,0.35,"1","1",0.75,0.5,"1","1","1","1"
"184","LR",0,"13",0.483,0.35,"1","1",0.75,0.5,"1","1","1","1"
"184","LR",0,"13",0.483,0.35,"1","1",0.75,0.5,"1","1","1","1"
"184","LR",1,"13",0.483,0.35,"1","1",0.75,0.5,"1","1","1","1"
"184","LR",1,"13",0.483,0.35,"1","1",0.75,0.5,"1","1","1","1"
"185","FB",0,"13",0.528,0.428,"3","3",0.75,0,"3","1","1","1"
"185","FB",1,"13",0.528,0.428,"3","3",0.75,0,"3","1","1","1"
"185","FB",1,"13",0.528,0.428,"3","3",0.75,0,"3","1","1","1"
"185","FB",1,"13",0.528,0.428,"3","3",0.75,0,"3","1","1","1"
"185","LR",0,"13",0.528,0.428,"3","3",0.75,0,"3","1","1","1"
"185","LR",0,"13",0.528,0.428,"3","3",0.75,0,"3","1","1","1"
"185","LR",0,"13",0.528,0.428,"3","3",0.75,0,"3","1","1","1"
"185","LR",0,"13",0.528,0.428,"3","3",0.75,0,"3","1","1","1"
"186","FB",1,"1",1,0,"3","3",1,0,"4","3","4","3"
"186","FB",1,"1",1,0,"3","3",1,0,"4","3","4","3"
"186","FB",1,"1",1,0,"3","3",1,0,"4","3","4","3"
"186","FB",1,"1",1,0,"3","3",1,0,"4","3","4","3"
"186","LR",0,"1",1,0,"3","3",1,0,"4","3","4","3"
"186","LR",0,"1",1,0,"3","3",1,0,"4","3","4","3"
"186","LR",0,"1",1,0,"3","3",1,0,"4","3","4","3"
"186","LR",0,"1",1,0,"3","3",1,0,"4","3","4","3"
"187","FB",1,"1",1,0.017,"3","3",1,0,"4","3","4","3"
"187","FB",1,"1",1,0.017,"3","3",1,0,"4","3","4","3"
"187","FB",1,"1",1,0.017,"3","3",1,0,"4","3","4","3"
"187","FB",1,"1",1,0.017,"3","3",1,0,"4","3","4","3"
"187","LR",0,"1",1,0.017,"3","3",1,0,"4","3","4","3"
"187","LR",0,"1",1,0.017,"3","3",1,0,"4","3","4","3"
"187","LR",0,"1",1,0.017,"3","3",1,0,"4","3","4","3"
"187","LR",0,"1",1,0.017,"3","3",1,0,"4","3","4","3"
"188","FB",0,"13",0.458,0.512,"1","1",0.75,0.25,"1","1","1","1"
"188","FB",1,"13",0.458,0.512,"1","1",0.75,0.25,"1","1","1","1"
"188","FB",1,"13",0.458,0.512,"1","1",0.75,0.25,"1","1","1","1"
"188","FB",1,"13",0.458,0.512,"1","1",0.75,0.25,"1","1","1","1"
"188","LR",0,"13",0.458,0.512,"1","1",0.75,0.25,"1","1","1","1"
"188","LR",0,"13",0.458,0.512,"1","1",0.75,0.25,"1","1","1","1"
"188","LR",0,"13",0.458,0.512,"1","1",0.75,0.25,"1","1","1","1"
"188","LR",1,"13",0.458,0.512,"1","1",0.75,0.25,"1","1","1","1"
"189","FB",0,"13",0.474,0.462,"1","1",0.5,0.5,"6","1","6","1"
"189","FB",0,"13",0.474,0.462,"1","1",0.5,0.5,"6","1","6","1"
"189","FB",1,"13",0.474,0.462,"1","1",0.5,0.5,"6","1","6","1"
"189","FB",1,"13",0.474,0.462,"1","1",0.5,0.5,"6","1","6","1"
"189","LR",0,"13",0.474,0.462,"1","1",0.5,0.5,"6","1","6","1"
"189","LR",0,"13",0.474,0.462,"1","1",0.5,0.5,"6","1","6","1"
"189","LR",1,"13",0.474,0.462,"1","1",0.5,0.5,"6","1","6","1"
"189","LR",1,"13",0.474,0.462,"1","1",0.5,0.5,"6","1","6","1"
"190","FB",1,"1",1,0,"3","3",1,0,"4","3","4","3"
"190","FB",1,"1",1,0,"3","3",1,0,"4","3","4","3"
"190","FB",1,"1",1,0,"3","3",1,0,"4","3","4","3"
"190","FB",1,"1",1,0,"3","3",1,0,"4","3","4","3"
"190","LR",0,"1",1,0,"3","3",1,0,"4","3","4","3"
"190","LR",0,"1",1,0,"3","3",1,0,"4","3","4","3"
"190","LR",0,"1",1,0,"3","3",1,0,"4","3","4","3"
"190","LR",0,"1",1,0,"3","3",1,0,"4","3","4","3"
"191","FB",0,"25",0,0.958,"2","2",0,1,"2","2","2","2"
"191","FB",0,"25",0,0.958,"2","2",0,1,"2","2","2","2"
"191","FB",0,"25",0,0.958,"2","2",0,1,"2","2","2","2"
"191","FB",0,"25",0,0.958,"2","2",0,1,"2","2","2","2"
"191","LR",1,"25",0,0.958,"2","2",0,1,"2","2","2","2"
"191","LR",1,"25",0,0.958,"2","2",0,1,"2","2","2","2"
"191","LR",1,"25",0,0.958,"2","2",0,1,"2","2","2","2"
"191","LR",1,"25",0,0.958,"2","2",0,1,"2","2","2","2"
"192","FB",1,"1",1,0.009,"3","3",1,0,"4","3","4","3"
"192","FB",1,"1",1,0.009,"3","3",1,0,"4","3","4","3"
"192","FB",1,"1",1,0.009,"3","3",1,0,"4","3","4","3"
"192","FB",1,"1",1,0.009,"3","3",1,0,"4","3","4","3"
"192","LR",0,"1",1,0.009,"3","3",1,0,"4","3","4","3"
"192","LR",0,"1",1,0.009,"3","3",1,0,"4","3","4","3"
"192","LR",0,"1",1,0.009,"3","3",1,0,"4","3","4","3"
"192","LR",0,"1",1,0.009,"3","3",1,0,"4","3","4","3"
"193","FB",0,"13",0.53,0.454,"1","1",0.25,0.25,"6","1","5","1"
"193","FB",0,"13",0.53,0.454,"1","1",0.25,0.25,"6","1","5","1"
"193","FB",0,"13",0.53,0.454,"1","1",0.25,0.25,"6","1","5","1"
"193","FB",1,"13",0.53,0.454,"1","1",0.25,0.25,"6","1","5","1"
"193","LR",0,"13",0.53,0.454,"1","1",0.25,0.25,"6","1","5","1"
"193","LR",0,"13",0.53,0.454,"1","1",0.25,0.25,"6","1","5","1"
"193","LR",0,"13",0.53,0.454,"1","1",0.25,0.25,"6","1","5","1"
"193","LR",1,"13",0.53,0.454,"1","1",0.25,0.25,"6","1","5","1"
"194","FB",1,"1",1,0,"3","3",1,0,"4","3","4","3"
"194","FB",1,"1",1,0,"3","3",1,0,"4","3","4","3"
"194","FB",1,"1",1,0,"3","3",1,0,"4","3","4","3"
"194","FB",1,"1",1,0,"3","3",1,0,"4","3","4","3"
"194","LR",0,"1",1,0,"3","3",1,0,"4","3","4","3"
"194","LR",0,"1",1,0,"3","3",1,0,"4","3","4","3"
"194","LR",0,"1",1,0,"3","3",1,0,"4","3","4","3"
"194","LR",0,"1",1,0,"3","3",1,0,"4","3","4","3"
"195","FB",0,"1",0.921,0,"1","1",0.5,0,"1","1","6","1"
"195","FB",0,"1",0.921,0,"1","1",0.5,0,"1","1","6","1"
"195","FB",1,"1",0.921,0,"1","1",0.5,0,"1","1","6","1"
"195","FB",1,"1",0.921,0,"1","1",0.5,0,"1","1","6","1"
"195","LR",0,"1",0.921,0,"1","1",0.5,0,"1","1","6","1"
"195","LR",0,"1",0.921,0,"1","1",0.5,0,"1","1","6","1"
"195","LR",0,"1",0.921,0,"1","1",0.5,0,"1","1","6","1"
"195","LR",0,"1",0.921,0,"1","1",0.5,0,"1","1","6","1"
"196","FB",0,"25",0,1,"2","2",0,1,"2","2","2","2"
"196","FB",0,"25",0,1,"2","2",0,1,"2","2","2","2"
"196","FB",0,"25",0,1,"2","2",0,1,"2","2","2","2"
"196","FB",0,"25",0,1,"2","2",0,1,"2","2","2","2"
"196","LR",1,"25",0,1,"2","2",0,1,"2","2","2","2"
"196","LR",1,"25",0,1,"2","2",0,1,"2","2","2","2"
"196","LR",1,"25",0,1,"2","2",0,1,"2","2","2","2"
"196","LR",1,"25",0,1,"2","2",0,1,"2","2","2","2"
"197","FB",0,"13",0.494,0.458,"1","1",0.75,0.25,"1","1","1","1"
"197","FB",1,"13",0.494,0.458,"1","1",0.75,0.25,"1","1","1","1"
"197","FB",1,"13",0.494,0.458,"1","1",0.75,0.25,"1","1","1","1"
"197","FB",1,"13",0.494,0.458,"1","1",0.75,0.25,"1","1","1","1"
"197","LR",0,"13",0.494,0.458,"1","1",0.75,0.25,"1","1","1","1"
"197","LR",0,"13",0.494,0.458,"1","1",0.75,0.25,"1","1","1","1"
"197","LR",0,"13",0.494,0.458,"1","1",0.75,0.25,"1","1","1","1"
"197","LR",1,"13",0.494,0.458,"1","1",0.75,0.25,"1","1","1","1"
"198","FB",0,"25",0.005,0.984,"2","2",0,1,"2","2","2","2"
"198","FB",0,"25",0.005,0.984,"2","2",0,1,"2","2","2","2"
"198","FB",0,"25",0.005,0.984,"2","2",0,1,"2","2","2","2"
"198","FB",0,"25",0.005,0.984,"2","2",0,1,"2","2","2","2"
"198","LR",1,"25",0.005,0.984,"2","2",0,1,"2","2","2","2"
"198","LR",1,"25",0.005,0.984,"2","2",0,1,"2","2","2","2"
"198","LR",1,"25",0.005,0.984,"2","2",0,1,"2","2","2","2"
"198","LR",1,"25",0.005,0.984,"2","2",0,1,"2","2","2","2"
"199","FB",0,"25",0.024,1,"2","2",0,1,"2","2","2","2"
"199","FB",0,"25",0.024,1,"2","2",0,1,"2","2","2","2"
"199","FB",0,"25",0.024,1,"2","2",0,1,"2","2","2","2"
"199","FB",0,"25",0.024,1,"2","2",0,1,"2","2","2","2"
"199","LR",1,"25",0.024,1,"2","2",0,1,"2","2","2","2"
"199","LR",1,"25",0.024,1,"2","2",0,1,"2","2","2","2"
"199","LR",1,"25",0.024,1,"2","2",0,1,"2","2","2","2"
"199","LR",1,"25",0.024,1,"2","2",0,1,"2","2","2","2"
"200","FB",0,"25",0.05,1,"2","2",0.25,1,"5","2","5","1"
"200","FB",0,"25",0.05,1,"2","2",0.25,1,"5","2","5","1"
"200","FB",0,"25",0.05,1,"2","2",0.25,1,"5","2","5","1"
"200","FB",1,"25",0.05,1,"2","2",0.25,1,"5","2","5","1"
"200","LR",1,"25",0.05,1,"2","2",0.25,1,"5","2","5","1"
"200","LR",1,"25",0.05,1,"2","2",0.25,1,"5","2","5","1"
"200","LR",1,"25",0.05,1,"2","2",0.25,1,"5","2","5","1"
"200","LR",1,"25",0.05,1,"2","2",0.25,1,"5","2","5","1"
