"Subject","trial_type","own.cod","true_class","true_FB","true_LR","lca.class","lca.tc","fb_tend","lr_tend","glm.class","glm.tc","bbm.class","bbm.tc"
"1","FB",0,"25",0.038,0.968,"3","3",0,1,"1","1","1","1"
"1","FB",0,"25",0.038,0.968,"3","3",0,1,"1","1","1","1"
"1","FB",0,"25",0.038,0.968,"3","3",0,1,"1","1","1","1"
"1","FB",0,"25",0.038,0.968,"3","3",0,1,"1","1","1","1"
"1","LR",1,"25",0.038,0.968,"3","3",0,1,"1","1","1","1"
"1","LR",1,"25",0.038,0.968,"3","3",0,1,"1","1","1","1"
"1","LR",1,"25",0.038,0.968,"3","3",0,1,"1","1","1","1"
"1","LR",1,"25",0.038,0.968,"3","3",0,1,"1","1","1","1"
"2","FB",1,"1",1,0.021,"4","1",1,0,"2","2","2","2"
"2","FB",1,"1",1,0.021,"4","1",1,0,"2","2","2","2"
"2","FB",1,"1",1,0.021,"4","1",1,0,"2","2","2","2"
"2","FB",1,"1",1,0.021,"4","1",1,0,"2","2","2","2"
"2","LR",0,"1",1,0.021,"4","1",1,0,"2","2","2","2"
"2","LR",0,"1",1,0.021,"4","1",1,0,"2","2","2","2"
"2","LR",0,"1",1,0.021,"4","1",1,0,"2","2","2","2"
"2","LR",0,"1",1,0.021,"4","1",1,0,"2","2","2","2"
"3","FB",1,"1",1,0,"4","1",1,0,"2","2","2","2"
"3","FB",1,"1",1,0,"4","1",1,0,"2","2","2","2"
"3","FB",1,"1",1,0,"4","1",1,0,"2","2","2","2"
"3","FB",1,"1",1,0,"4","1",1,0,"2","2","2","2"
"3","LR",0,"1",1,0,"4","1",1,0,"2","2","2","2"
"3","LR",0,"1",1,0,"4","1",1,0,"2","2","2","2"
"3","LR",0,"1",1,0,"4","1",1,0,"2","2","2","2"
"3","LR",0,"1",1,0,"4","1",1,0,"2","2","2","2"
"4","FB",0,"25",0.08,0.975,"3","3",0,1,"1","1","1","1"
"4","FB",0,"25",0.08,0.975,"3","3",0,1,"1","1","1","1"
"4","FB",0,"25",0.08,0.975,"3","3",0,1,"1","1","1","1"
"4","FB",0,"25",0.08,0.975,"3","3",0,1,"1","1","1","1"
"4","LR",1,"25",0.08,0.975,"3","3",0,1,"1","1","1","1"
"4","LR",1,"25",0.08,0.975,"3","3",0,1,"1","1","1","1"
"4","LR",1,"25",0.08,0.975,"3","3",0,1,"1","1","1","1"
"4","LR",1,"25",0.08,0.975,"3","3",0,1,"1","1","1","1"
"5","FB",0,"13",0.525,0.457,"1","2",0.75,0.75,"3","3","4","3"
"5","FB",1,"13",0.525,0.457,"1","2",0.75,0.75,"3","3","4","3"
"5","FB",1,"13",0.525,0.457,"1","2",0.75,0.75,"3","3","4","3"
"5","FB",1,"13",0.525,0.457,"1","2",0.75,0.75,"3","3","4","3"
"5","LR",0,"13",0.525,0.457,"1","2",0.75,0.75,"3","3","4","3"
"5","LR",1,"13",0.525,0.457,"1","2",0.75,0.75,"3","3","4","3"
"5","LR",1,"13",0.525,0.457,"1","2",0.75,0.75,"3","3","4","3"
"5","LR",1,"13",0.525,0.457,"1","2",0.75,0.75,"3","3","4","3"
"6","FB",0,"25",0,1,"3","3",0,1,"1","1","1","1"
"6","FB",0,"25",0,1,"3","3",0,1,"1","1","1","1"
"6","FB",0,"25",0,1,"3","3",0,1,"1","1","1","1"
"6","FB",0,"25",0,1,"3","3",0,1,"1","1","1","1"
"6","LR",1,"25",0,1,"3","3",0,1,"1","1","1","1"
"6","LR",1,"25",0,1,"3","3",0,1,"1","1","1","1"
"6","LR",1,"25",0,1,"3","3",0,1,"1","1","1","1"
"6","LR",1,"25",0,1,"3","3",0,1,"1","1","1","1"
"7","FB",1,"1",0.97,0,"4","1",1,0,"2","2","2","2"
"7","FB",1,"1",0.97,0,"4","1",1,0,"2","2","2","2"
"7","FB",1,"1",0.97,0,"4","1",1,0,"2","2","2","2"
"7","FB",1,"1",0.97,0,"4","1",1,0,"2","2","2","2"
"7","LR",0,"1",0.97,0,"4","1",1,0,"2","2","2","2"
"7","LR",0,"1",0.97,0,"4","1",1,0,"2","2","2","2"
"7","LR",0,"1",0.97,0,"4","1",1,0,"2","2","2","2"
"7","LR",0,"1",0.97,0,"4","1",1,0,"2","2","2","2"
"8","FB",0,"13",0.537,0.443,"2","2",0.5,0.25,"5","3","4","3"
"8","FB",0,"13",0.537,0.443,"2","2",0.5,0.25,"5","3","4","3"
"8","FB",1,"13",0.537,0.443,"2","2",0.5,0.25,"5","3","4","3"
"8","FB",1,"13",0.537,0.443,"2","2",0.5,0.25,"5","3","4","3"
"8","LR",0,"13",0.537,0.443,"2","2",0.5,0.25,"5","3","4","3"
"8","LR",0,"13",0.537,0.443,"2","2",0.5,0.25,"5","3","4","3"
"8","LR",0,"13",0.537,0.443,"2","2",0.5,0.25,"5","3","4","3"
"8","LR",1,"13",0.537,0.443,"2","2",0.5,0.25,"5","3","4","3"
"9","FB",1,"1",0.979,0,"4","1",1,0,"2","2","2","2"
"9","FB",1,"1",0.979,0,"4","1",1,0,"2","2","2","2"
"9","FB",1,"1",0.979,0,"4","1",1,0,"2","2","2","2"
"9","FB",1,"1",0.979,0,"4","1",1,0,"2","2","2","2"
"9","LR",0,"1",0.979,0,"4","1",1,0,"2","2","2","2"
"9","LR",0,"1",0.979,0,"4","1",1,0,"2","2","2","2"
"9","LR",0,"1",0.979,0,"4","1",1,0,"2","2","2","2"
"9","LR",0,"1",0.979,0,"4","1",1,0,"2","2","2","2"
"10","FB",0,"13",0.479,0.49,"1","2",0.5,0.75,"3","3","3","3"
"10","FB",0,"13",0.479,0.49,"1","2",0.5,0.75,"3","3","3","3"
"10","FB",1,"13",0.479,0.49,"1","2",0.5,0.75,"3","3","3","3"
"10","FB",1,"13",0.479,0.49,"1","2",0.5,0.75,"3","3","3","3"
"10","LR",0,"13",0.479,0.49,"1","2",0.5,0.75,"3","3","3","3"
"10","LR",1,"13",0.479,0.49,"1","2",0.5,0.75,"3","3","3","3"
"10","LR",1,"13",0.479,0.49,"1","2",0.5,0.75,"3","3","3","3"
"10","LR",1,"13",0.479,0.49,"1","2",0.5,0.75,"3","3","3","3"
"11","FB",1,"1",1,0,"4","1",1,0,"2","2","2","2"
"11","FB",1,"1",1,0,"4","1",1,0,"2","2","2","2"
"11","FB",1,"1",1,0,"4","1",1,0,"2","2","2","2"
"11","FB",1,"1",1,0,"4","1",1,0,"2","2","2","2"
"11","LR",0,"1",1,0,"4","1",1,0,"2","2","2","2"
"11","LR",0,"1",1,0,"4","1",1,0,"2","2","2","2"
"11","LR",0,"1",1,0,"4","1",1,0,"2","2","2","2"
"11","LR",0,"1",1,0,"4","1",1,0,"2","2","2","2"
"12","FB",0,"13",0.374,0.519,"1","2",0.25,0.75,"4","3","3","3"
"12","FB",0,"13",0.374,0.519,"1","2",0.25,0.75,"4","3","3","3"
"12","FB",0,"13",0.374,0.519,"1","2",0.25,0.75,"4","3","3","3"
"12","FB",1,"13",0.374,0.519,"1","2",0.25,0.75,"4","3","3","3"
"12","LR",0,"13",0.374,0.519,"1","2",0.25,0.75,"4","3","3","3"
"12","LR",1,"13",0.374,0.519,"1","2",0.25,0.75,"4","3","3","3"
"12","LR",1,"13",0.374,0.519,"1","2",0.25,0.75,"4","3","3","3"
"12","LR",1,"13",0.374,0.519,"1","2",0.25,0.75,"4","3","3","3"
"13","FB",0,"13",0.449,0.392,"2","2",0.25,0,"5","3","4","3"
"13","FB",0,"13",0.449,0.392,"2","2",0.25,0,"5","3","4","3"
"13","FB",0,"13",0.449,0.392,"2","2",0.25,0,"5","3","4","3"
"13","FB",1,"13",0.449,0.392,"2","2",0.25,0,"5","3","4","3"
"13","LR",0,"13",0.449,0.392,"2","2",0.25,0,"5","3","4","3"
"13","LR",0,"13",0.449,0.392,"2","2",0.25,0,"5","3","4","3"
"13","LR",0,"13",0.449,0.392,"2","2",0.25,0,"5","3","4","3"
"13","LR",0,"13",0.449,0.392,"2","2",0.25,0,"5","3","4","3"
"14","FB",0,"13",0.519,0.507,"1","2",0.25,0.75,"4","3","3","3"
"14","FB",0,"13",0.519,0.507,"1","2",0.25,0.75,"4","3","3","3"
"14","FB",0,"13",0.519,0.507,"1","2",0.25,0.75,"4","3","3","3"
"14","FB",1,"13",0.519,0.507,"1","2",0.25,0.75,"4","3","3","3"
"14","LR",0,"13",0.519,0.507,"1","2",0.25,0.75,"4","3","3","3"
"14","LR",1,"13",0.519,0.507,"1","2",0.25,0.75,"4","3","3","3"
"14","LR",1,"13",0.519,0.507,"1","2",0.25,0.75,"4","3","3","3"
"14","LR",1,"13",0.519,0.507,"1","2",0.25,0.75,"4","3","3","3"
"15","FB",1,"1",0.956,0,"4","1",1,0,"2","2","2","2"
"15","FB",1,"1",0.956,0,"4","1",1,0,"2","2","2","2"
"15","FB",1,"1",0.956,0,"4","1",1,0,"2","2","2","2"
"15","FB",1,"1",0.956,0,"4","1",1,0,"2","2","2","2"
"15","LR",0,"1",0.956,0,"4","1",1,0,"2","2","2","2"
"15","LR",0,"1",0.956,0,"4","1",1,0,"2","2","2","2"
"15","LR",0,"1",0.956,0,"4","1",1,0,"2","2","2","2"
"15","LR",0,"1",0.956,0,"4","1",1,0,"2","2","2","2"
"16","FB",1,"1",1,0.022,"4","1",1,0.25,"6","2","6","3"
"16","FB",1,"1",1,0.022,"4","1",1,0.25,"6","2","6","3"
"16","FB",1,"1",1,0.022,"4","1",1,0.25,"6","2","6","3"
"16","FB",1,"1",1,0.022,"4","1",1,0.25,"6","2","6","3"
"16","LR",0,"1",1,0.022,"4","1",1,0.25,"6","2","6","3"
"16","LR",0,"1",1,0.022,"4","1",1,0.25,"6","2","6","3"
"16","LR",0,"1",1,0.022,"4","1",1,0.25,"6","2","6","3"
"16","LR",1,"1",1,0.022,"4","1",1,0.25,"6","2","6","3"
"17","FB",0,"25",0,1,"3","3",0,1,"1","1","1","1"
"17","FB",0,"25",0,1,"3","3",0,1,"1","1","1","1"
"17","FB",0,"25",0,1,"3","3",0,1,"1","1","1","1"
"17","FB",0,"25",0,1,"3","3",0,1,"1","1","1","1"
"17","LR",1,"25",0,1,"3","3",0,1,"1","1","1","1"
"17","LR",1,"25",0,1,"3","3",0,1,"1","1","1","1"
"17","LR",1,"25",0,1,"3","3",0,1,"1","1","1","1"
"17","LR",1,"25",0,1,"3","3",0,1,"1","1","1","1"
"18","FB",0,"13",0.548,0.589,"2","2",0.25,0.25,"3","3","4","3"
"18","FB",0,"13",0.548,0.589,"2","2",0.25,0.25,"3","3","4","3"
"18","FB",0,"13",0.548,0.589,"2","2",0.25,0.25,"3","3","4","3"
"18","FB",1,"13",0.548,0.589,"2","2",0.25,0.25,"3","3","4","3"
"18","LR",0,"13",0.548,0.589,"2","2",0.25,0.25,"3","3","4","3"
"18","LR",0,"13",0.548,0.589,"2","2",0.25,0.25,"3","3","4","3"
"18","LR",0,"13",0.548,0.589,"2","2",0.25,0.25,"3","3","4","3"
"18","LR",1,"13",0.548,0.589,"2","2",0.25,0.25,"3","3","4","3"
"19","FB",0,"13",0.485,0.569,"2","2",0,0.25,"3","3","3","3"
"19","FB",0,"13",0.485,0.569,"2","2",0,0.25,"3","3","3","3"
"19","FB",0,"13",0.485,0.569,"2","2",0,0.25,"3","3","3","3"
"19","FB",0,"13",0.485,0.569,"2","2",0,0.25,"3","3","3","3"
"19","LR",0,"13",0.485,0.569,"2","2",0,0.25,"3","3","3","3"
"19","LR",0,"13",0.485,0.569,"2","2",0,0.25,"3","3","3","3"
"19","LR",0,"13",0.485,0.569,"2","2",0,0.25,"3","3","3","3"
"19","LR",1,"13",0.485,0.569,"2","2",0,0.25,"3","3","3","3"
"20","FB",1,"1",1,0,"4","1",1,0,"2","2","2","2"
"20","FB",1,"1",1,0,"4","1",1,0,"2","2","2","2"
"20","FB",1,"1",1,0,"4","1",1,0,"2","2","2","2"
"20","FB",1,"1",1,0,"4","1",1,0,"2","2","2","2"
"20","LR",0,"1",1,0,"4","1",1,0,"2","2","2","2"
"20","LR",0,"1",1,0,"4","1",1,0,"2","2","2","2"
"20","LR",0,"1",1,0,"4","1",1,0,"2","2","2","2"
"20","LR",0,"1",1,0,"4","1",1,0,"2","2","2","2"
"21","FB",0,"13",0.489,0.495,"1","2",0.5,0.5,"3","3","4","3"
"21","FB",0,"13",0.489,0.495,"1","2",0.5,0.5,"3","3","4","3"
"21","FB",1,"13",0.489,0.495,"1","2",0.5,0.5,"3","3","4","3"
"21","FB",1,"13",0.489,0.495,"1","2",0.5,0.5,"3","3","4","3"
"21","LR",0,"13",0.489,0.495,"1","2",0.5,0.5,"3","3","4","3"
"21","LR",0,"13",0.489,0.495,"1","2",0.5,0.5,"3","3","4","3"
"21","LR",1,"13",0.489,0.495,"1","2",0.5,0.5,"3","3","4","3"
"21","LR",1,"13",0.489,0.495,"1","2",0.5,0.5,"3","3","4","3"
"22","FB",1,"1",1,0.039,"4","1",1,0,"2","2","2","2"
"22","FB",1,"1",1,0.039,"4","1",1,0,"2","2","2","2"
"22","FB",1,"1",1,0.039,"4","1",1,0,"2","2","2","2"
"22","FB",1,"1",1,0.039,"4","1",1,0,"2","2","2","2"
"22","LR",0,"1",1,0.039,"4","1",1,0,"2","2","2","2"
"22","LR",0,"1",1,0.039,"4","1",1,0,"2","2","2","2"
"22","LR",0,"1",1,0.039,"4","1",1,0,"2","2","2","2"
"22","LR",0,"1",1,0.039,"4","1",1,0,"2","2","2","2"
"23","FB",0,"25",0,1,"3","3",0,1,"1","1","1","1"
"23","FB",0,"25",0,1,"3","3",0,1,"1","1","1","1"
"23","FB",0,"25",0,1,"3","3",0,1,"1","1","1","1"
"23","FB",0,"25",0,1,"3","3",0,1,"1","1","1","1"
"23","LR",1,"25",0,1,"3","3",0,1,"1","1","1","1"
"23","LR",1,"25",0,1,"3","3",0,1,"1","1","1","1"
"23","LR",1,"25",0,1,"3","3",0,1,"1","1","1","1"
"23","LR",1,"25",0,1,"3","3",0,1,"1","1","1","1"
"24","FB",1,"1",1,0,"4","1",1,0,"2","2","2","2"
"24","FB",1,"1",1,0,"4","1",1,0,"2","2","2","2"
"24","FB",1,"1",1,0,"4","1",1,0,"2","2","2","2"
"24","FB",1,"1",1,0,"4","1",1,0,"2","2","2","2"
"24","LR",0,"1",1,0,"4","1",1,0,"2","2","2","2"
"24","LR",0,"1",1,0,"4","1",1,0,"2","2","2","2"
"24","LR",0,"1",1,0,"4","1",1,0,"2","2","2","2"
"24","LR",0,"1",1,0,"4","1",1,0,"2","2","2","2"
"25","FB",0,"25",0,0.981,"3","3",0,1,"1","1","1","1"
"25","FB",0,"25",0,0.981,"3","3",0,1,"1","1","1","1"
"25","FB",0,"25",0,0.981,"3","3",0,1,"1","1","1","1"
"25","FB",0,"25",0,0.981,"3","3",0,1,"1","1","1","1"
"25","LR",1,"25",0,0.981,"3","3",0,1,"1","1","1","1"
"25","LR",1,"25",0,0.981,"3","3",0,1,"1","1","1","1"
"25","LR",1,"25",0,0.981,"3","3",0,1,"1","1","1","1"
"25","LR",1,"25",0,0.981,"3","3",0,1,"1","1","1","1"
"26","FB",1,"13",0.57,0.539,"1","2",1,0.75,"5","3","4","3"
"26","FB",1,"13",0.57,0.539,"1","2",1,0.75,"5","3","4","3"
"26","FB",1,"13",0.57,0.539,"1","2",1,0.75,"5","3","4","3"
"26","FB",1,"13",0.57,0.539,"1","2",1,0.75,"5","3","4","3"
"26","LR",0,"13",0.57,0.539,"1","2",1,0.75,"5","3","4","3"
"26","LR",1,"13",0.57,0.539,"1","2",1,0.75,"5","3","4","3"
"26","LR",1,"13",0.57,0.539,"1","2",1,0.75,"5","3","4","3"
"26","LR",1,"13",0.57,0.539,"1","2",1,0.75,"5","3","4","3"
"27","FB",1,"1",1,0.006,"4","1",1,0,"2","2","2","2"
"27","FB",1,"1",1,0.006,"4","1",1,0,"2","2","2","2"
"27","FB",1,"1",1,0.006,"4","1",1,0,"2","2","2","2"
"27","FB",1,"1",1,0.006,"4","1",1,0,"2","2","2","2"
"27","LR",0,"1",1,0.006,"4","1",1,0,"2","2","2","2"
"27","LR",0,"1",1,0.006,"4","1",1,0,"2","2","2","2"
"27","LR",0,"1",1,0.006,"4","1",1,0,"2","2","2","2"
"27","LR",0,"1",1,0.006,"4","1",1,0,"2","2","2","2"
"28","FB",0,"13",0.478,0.502,"1","2",0.25,0.5,"3","3","3","3"
"28","FB",0,"13",0.478,0.502,"1","2",0.25,0.5,"3","3","3","3"
"28","FB",0,"13",0.478,0.502,"1","2",0.25,0.5,"3","3","3","3"
"28","FB",1,"13",0.478,0.502,"1","2",0.25,0.5,"3","3","3","3"
"28","LR",0,"13",0.478,0.502,"1","2",0.25,0.5,"3","3","3","3"
"28","LR",0,"13",0.478,0.502,"1","2",0.25,0.5,"3","3","3","3"
"28","LR",1,"13",0.478,0.502,"1","2",0.25,0.5,"3","3","3","3"
"28","LR",1,"13",0.478,0.502,"1","2",0.25,0.5,"3","3","3","3"
"29","FB",0,"25",0.073,1,"3","3",0.25,1,"4","1","5","1"
"29","FB",0,"25",0.073,1,"3","3",0.25,1,"4","1","5","1"
"29","FB",0,"25",0.073,1,"3","3",0.25,1,"4","1","5","1"
"29","FB",1,"25",0.073,1,"3","3",0.25,1,"4","1","5","1"
"29","LR",1,"25",0.073,1,"3","3",0.25,1,"4","1","5","1"
"29","LR",1,"25",0.073,1,"3","3",0.25,1,"4","1","5","1"
"29","LR",1,"25",0.073,1,"3","3",0.25,1,"4","1","5","1"
"29","LR",1,"25",0.073,1,"3","3",0.25,1,"4","1","5","1"
"30","FB",0,"13",0.449,0.578,"1","2",0.25,0.5,"3","3","3","3"
"30","FB",0,"13",0.449,0.578,"1","2",0.25,0.5,"3","3","3","3"
"30","FB",0,"13",0.449,0.578,"1","2",0.25,0.5,"3","3","3","3"
"30","FB",1,"13",0.449,0.578,"1","2",0.25,0.5,"3","3","3","3"
"30","LR",0,"13",0.449,0.578,"1","2",0.25,0.5,"3","3","3","3"
"30","LR",0,"13",0.449,0.578,"1","2",0.25,0.5,"3","3","3","3"
"30","LR",1,"13",0.449,0.578,"1","2",0.25,0.5,"3","3","3","3"
"30","LR",1,"13",0.449,0.578,"1","2",0.25,0.5,"3","3","3","3"
"31","FB",0,"13",0.469,0.508,"2","2",0.25,0.25,"3","3","4","3"
"31","FB",0,"13",0.469,0.508,"2","2",0.25,0.25,"3","3","4","3"
"31","FB",0,"13",0.469,0.508,"2","2",0.25,0.25,"3","3","4","3"
"31","FB",1,"13",0.469,0.508,"2","2",0.25,0.25,"3","3","4","3"
"31","LR",0,"13",0.469,0.508,"2","2",0.25,0.25,"3","3","4","3"
"31","LR",0,"13",0.469,0.508,"2","2",0.25,0.25,"3","3","4","3"
"31","LR",0,"13",0.469,0.508,"2","2",0.25,0.25,"3","3","4","3"
"31","LR",1,"13",0.469,0.508,"2","2",0.25,0.25,"3","3","4","3"
"32","FB",1,"1",1,0.013,"4","1",1,0,"2","2","2","2"
"32","FB",1,"1",1,0.013,"4","1",1,0,"2","2","2","2"
"32","FB",1,"1",1,0.013,"4","1",1,0,"2","2","2","2"
"32","FB",1,"1",1,0.013,"4","1",1,0,"2","2","2","2"
"32","LR",0,"1",1,0.013,"4","1",1,0,"2","2","2","2"
"32","LR",0,"1",1,0.013,"4","1",1,0,"2","2","2","2"
"32","LR",0,"1",1,0.013,"4","1",1,0,"2","2","2","2"
"32","LR",0,"1",1,0.013,"4","1",1,0,"2","2","2","2"
"33","FB",0,"25",0,1,"3","3",0,1,"1","1","1","1"
"33","FB",0,"25",0,1,"3","3",0,1,"1","1","1","1"
"33","FB",0,"25",0,1,"3","3",0,1,"1","1","1","1"
"33","FB",0,"25",0,1,"3","3",0,1,"1","1","1","1"
"33","LR",1,"25",0,1,"3","3",0,1,"1","1","1","1"
"33","LR",1,"25",0,1,"3","3",0,1,"1","1","1","1"
"33","LR",1,"25",0,1,"3","3",0,1,"1","1","1","1"
"33","LR",1,"25",0,1,"3","3",0,1,"1","1","1","1"
"34","FB",1,"1",1,0.026,"4","1",1,0,"2","2","2","2"
"34","FB",1,"1",1,0.026,"4","1",1,0,"2","2","2","2"
"34","FB",1,"1",1,0.026,"4","1",1,0,"2","2","2","2"
"34","FB",1,"1",1,0.026,"4","1",1,0,"2","2","2","2"
"34","LR",0,"1",1,0.026,"4","1",1,0,"2","2","2","2"
"34","LR",0,"1",1,0.026,"4","1",1,0,"2","2","2","2"
"34","LR",0,"1",1,0.026,"4","1",1,0,"2","2","2","2"
"34","LR",0,"1",1,0.026,"4","1",1,0,"2","2","2","2"
"35","FB",0,"13",0.479,0.548,"2","2",0.5,0.25,"5","3","4","3"
"35","FB",0,"13",0.479,0.548,"2","2",0.5,0.25,"5","3","4","3"
"35","FB",1,"13",0.479,0.548,"2","2",0.5,0.25,"5","3","4","3"
"35","FB",1,"13",0.479,0.548,"2","2",0.5,0.25,"5","3","4","3"
"35","LR",0,"13",0.479,0.548,"2","2",0.5,0.25,"5","3","4","3"
"35","LR",0,"13",0.479,0.548,"2","2",0.5,0.25,"5","3","4","3"
"35","LR",0,"13",0.479,0.548,"2","2",0.5,0.25,"5","3","4","3"
"35","LR",1,"13",0.479,0.548,"2","2",0.5,0.25,"5","3","4","3"
"36","FB",0,"25",0,0.938,"3","3",0,0.75,"4","1","5","1"
"36","FB",0,"25",0,0.938,"3","3",0,0.75,"4","1","5","1"
"36","FB",0,"25",0,0.938,"3","3",0,0.75,"4","1","5","1"
"36","FB",0,"25",0,0.938,"3","3",0,0.75,"4","1","5","1"
"36","LR",0,"25",0,0.938,"3","3",0,0.75,"4","1","5","1"
"36","LR",1,"25",0,0.938,"3","3",0,0.75,"4","1","5","1"
"36","LR",1,"25",0,0.938,"3","3",0,0.75,"4","1","5","1"
"36","LR",1,"25",0,0.938,"3","3",0,0.75,"4","1","5","1"
"37","FB",1,"1",1,0.005,"4","1",1,0,"2","2","2","2"
"37","FB",1,"1",1,0.005,"4","1",1,0,"2","2","2","2"
"37","FB",1,"1",1,0.005,"4","1",1,0,"2","2","2","2"
"37","FB",1,"1",1,0.005,"4","1",1,0,"2","2","2","2"
"37","LR",0,"1",1,0.005,"4","1",1,0,"2","2","2","2"
"37","LR",0,"1",1,0.005,"4","1",1,0,"2","2","2","2"
"37","LR",0,"1",1,0.005,"4","1",1,0,"2","2","2","2"
"37","LR",0,"1",1,0.005,"4","1",1,0,"2","2","2","2"
"38","FB",1,"1",1,0.095,"4","1",1,0.25,"6","2","6","3"
"38","FB",1,"1",1,0.095,"4","1",1,0.25,"6","2","6","3"
"38","FB",1,"1",1,0.095,"4","1",1,0.25,"6","2","6","3"
"38","FB",1,"1",1,0.095,"4","1",1,0.25,"6","2","6","3"
"38","LR",0,"1",1,0.095,"4","1",1,0.25,"6","2","6","3"
"38","LR",0,"1",1,0.095,"4","1",1,0.25,"6","2","6","3"
"38","LR",0,"1",1,0.095,"4","1",1,0.25,"6","2","6","3"
"38","LR",1,"1",1,0.095,"4","1",1,0.25,"6","2","6","3"
"39","FB",1,"1",1,0,"4","1",1,0,"2","2","2","2"
"39","FB",1,"1",1,0,"4","1",1,0,"2","2","2","2"
"39","FB",1,"1",1,0,"4","1",1,0,"2","2","2","2"
"39","FB",1,"1",1,0,"4","1",1,0,"2","2","2","2"
"39","LR",0,"1",1,0,"4","1",1,0,"2","2","2","2"
"39","LR",0,"1",1,0,"4","1",1,0,"2","2","2","2"
"39","LR",0,"1",1,0,"4","1",1,0,"2","2","2","2"
"39","LR",0,"1",1,0,"4","1",1,0,"2","2","2","2"
"40","FB",0,"13",0.487,0.514,"2","2",0.5,0.25,"5","3","4","3"
"40","FB",0,"13",0.487,0.514,"2","2",0.5,0.25,"5","3","4","3"
"40","FB",1,"13",0.487,0.514,"2","2",0.5,0.25,"5","3","4","3"
"40","FB",1,"13",0.487,0.514,"2","2",0.5,0.25,"5","3","4","3"
"40","LR",0,"13",0.487,0.514,"2","2",0.5,0.25,"5","3","4","3"
"40","LR",0,"13",0.487,0.514,"2","2",0.5,0.25,"5","3","4","3"
"40","LR",0,"13",0.487,0.514,"2","2",0.5,0.25,"5","3","4","3"
"40","LR",1,"13",0.487,0.514,"2","2",0.5,0.25,"5","3","4","3"
"41","FB",0,"13",0.444,0.416,"1","2",0.5,1,"4","3","3","3"
"41","FB",0,"13",0.444,0.416,"1","2",0.5,1,"4","3","3","3"
"41","FB",1,"13",0.444,0.416,"1","2",0.5,1,"4","3","3","3"
"41","FB",1,"13",0.444,0.416,"1","2",0.5,1,"4","3","3","3"
"41","LR",1,"13",0.444,0.416,"1","2",0.5,1,"4","3","3","3"
"41","LR",1,"13",0.444,0.416,"1","2",0.5,1,"4","3","3","3"
"41","LR",1,"13",0.444,0.416,"1","2",0.5,1,"4","3","3","3"
"41","LR",1,"13",0.444,0.416,"1","2",0.5,1,"4","3","3","3"
"42","FB",0,"13",0.475,0.467,"1","2",0.5,0.75,"3","3","3","3"
"42","FB",0,"13",0.475,0.467,"1","2",0.5,0.75,"3","3","3","3"
"42","FB",1,"13",0.475,0.467,"1","2",0.5,0.75,"3","3","3","3"
"42","FB",1,"13",0.475,0.467,"1","2",0.5,0.75,"3","3","3","3"
"42","LR",0,"13",0.475,0.467,"1","2",0.5,0.75,"3","3","3","3"
"42","LR",1,"13",0.475,0.467,"1","2",0.5,0.75,"3","3","3","3"
"42","LR",1,"13",0.475,0.467,"1","2",0.5,0.75,"3","3","3","3"
"42","LR",1,"13",0.475,0.467,"1","2",0.5,0.75,"3","3","3","3"
"43","FB",0,"25",0,0.992,"3","3",0,1,"1","1","1","1"
"43","FB",0,"25",0,0.992,"3","3",0,1,"1","1","1","1"
"43","FB",0,"25",0,0.992,"3","3",0,1,"1","1","1","1"
"43","FB",0,"25",0,0.992,"3","3",0,1,"1","1","1","1"
"43","LR",1,"25",0,0.992,"3","3",0,1,"1","1","1","1"
"43","LR",1,"25",0,0.992,"3","3",0,1,"1","1","1","1"
"43","LR",1,"25",0,0.992,"3","3",0,1,"1","1","1","1"
"43","LR",1,"25",0,0.992,"3","3",0,1,"1","1","1","1"
"44","FB",0,"25",0.014,1,"3","3",0,1,"1","1","1","1"
"44","FB",0,"25",0.014,1,"3","3",0,1,"1","1","1","1"
"44","FB",0,"25",0.014,1,"3","3",0,1,"1","1","1","1"
"44","FB",0,"25",0.014,1,"3","3",0,1,"1","1","1","1"
"44","LR",1,"25",0.014,1,"3","3",0,1,"1","1","1","1"
"44","LR",1,"25",0.014,1,"3","3",0,1,"1","1","1","1"
"44","LR",1,"25",0.014,1,"3","3",0,1,"1","1","1","1"
"44","LR",1,"25",0.014,1,"3","3",0,1,"1","1","1","1"
"45","FB",0,"13",0.53,0.476,"2","2",0.5,0.25,"5","3","4","3"
"45","FB",0,"13",0.53,0.476,"2","2",0.5,0.25,"5","3","4","3"
"45","FB",1,"13",0.53,0.476,"2","2",0.5,0.25,"5","3","4","3"
"45","FB",1,"13",0.53,0.476,"2","2",0.5,0.25,"5","3","4","3"
"45","LR",0,"13",0.53,0.476,"2","2",0.5,0.25,"5","3","4","3"
"45","LR",0,"13",0.53,0.476,"2","2",0.5,0.25,"5","3","4","3"
"45","LR",0,"13",0.53,0.476,"2","2",0.5,0.25,"5","3","4","3"
"45","LR",1,"13",0.53,0.476,"2","2",0.5,0.25,"5","3","4","3"
"46","FB",1,"1",0.965,0.004,"4","1",1,0,"2","2","2","2"
"46","FB",1,"1",0.965,0.004,"4","1",1,0,"2","2","2","2"
"46","FB",1,"1",0.965,0.004,"4","1",1,0,"2","2","2","2"
"46","FB",1,"1",0.965,0.004,"4","1",1,0,"2","2","2","2"
"46","LR",0,"1",0.965,0.004,"4","1",1,0,"2","2","2","2"
"46","LR",0,"1",0.965,0.004,"4","1",1,0,"2","2","2","2"
"46","LR",0,"1",0.965,0.004,"4","1",1,0,"2","2","2","2"
"46","LR",0,"1",0.965,0.004,"4","1",1,0,"2","2","2","2"
"47","FB",0,"13",0.5,0.492,"1","2",0.25,0.5,"3","3","3","3"
"47","FB",0,"13",0.5,0.492,"1","2",0.25,0.5,"3","3","3","3"
"47","FB",0,"13",0.5,0.492,"1","2",0.25,0.5,"3","3","3","3"
"47","FB",1,"13",0.5,0.492,"1","2",0.25,0.5,"3","3","3","3"
"47","LR",0,"13",0.5,0.492,"1","2",0.25,0.5,"3","3","3","3"
"47","LR",0,"13",0.5,0.492,"1","2",0.25,0.5,"3","3","3","3"
"47","LR",1,"13",0.5,0.492,"1","2",0.25,0.5,"3","3","3","3"
"47","LR",1,"13",0.5,0.492,"1","2",0.25,0.5,"3","3","3","3"
"48","FB",1,"13",0.459,0.52,"4","1",1,0.25,"6","2","6","3"
"48","FB",1,"13",0.459,0.52,"4","1",1,0.25,"6","2","6","3"
"48","FB",1,"13",0.459,0.52,"4","1",1,0.25,"6","2","6","3"
"48","FB",1,"13",0.459,0.52,"4","1",1,0.25,"6","2","6","3"
"48","LR",0,"13",0.459,0.52,"4","1",1,0.25,"6","2","6","3"
"48","LR",0,"13",0.459,0.52,"4","1",1,0.25,"6","2","6","3"
"48","LR",0,"13",0.459,0.52,"4","1",1,0.25,"6","2","6","3"
"48","LR",1,"13",0.459,0.52,"4","1",1,0.25,"6","2","6","3"
"49","FB",1,"1",0.983,0.031,"4","1",1,0,"2","2","2","2"
"49","FB",1,"1",0.983,0.031,"4","1",1,0,"2","2","2","2"
"49","FB",1,"1",0.983,0.031,"4","1",1,0,"2","2","2","2"
"49","FB",1,"1",0.983,0.031,"4","1",1,0,"2","2","2","2"
"49","LR",0,"1",0.983,0.031,"4","1",1,0,"2","2","2","2"
"49","LR",0,"1",0.983,0.031,"4","1",1,0,"2","2","2","2"
"49","LR",0,"1",0.983,0.031,"4","1",1,0,"2","2","2","2"
"49","LR",0,"1",0.983,0.031,"4","1",1,0,"2","2","2","2"
"50","FB",0,"25",0,1,"3","3",0,1,"1","1","1","1"
"50","FB",0,"25",0,1,"3","3",0,1,"1","1","1","1"
"50","FB",0,"25",0,1,"3","3",0,1,"1","1","1","1"
"50","FB",0,"25",0,1,"3","3",0,1,"1","1","1","1"
"50","LR",1,"25",0,1,"3","3",0,1,"1","1","1","1"
"50","LR",1,"25",0,1,"3","3",0,1,"1","1","1","1"
"50","LR",1,"25",0,1,"3","3",0,1,"1","1","1","1"
"50","LR",1,"25",0,1,"3","3",0,1,"1","1","1","1"
"51","FB",0,"25",0.05,1,"3","3",0,1,"1","1","1","1"
"51","FB",0,"25",0.05,1,"3","3",0,1,"1","1","1","1"
"51","FB",0,"25",0.05,1,"3","3",0,1,"1","1","1","1"
"51","FB",0,"25",0.05,1,"3","3",0,1,"1","1","1","1"
"51","LR",1,"25",0.05,1,"3","3",0,1,"1","1","1","1"
"51","LR",1,"25",0.05,1,"3","3",0,1,"1","1","1","1"
"51","LR",1,"25",0.05,1,"3","3",0,1,"1","1","1","1"
"51","LR",1,"25",0.05,1,"3","3",0,1,"1","1","1","1"
"52","FB",1,"1",1,0.038,"4","1",1,0,"2","2","2","2"
"52","FB",1,"1",1,0.038,"4","1",1,0,"2","2","2","2"
"52","FB",1,"1",1,0.038,"4","1",1,0,"2","2","2","2"
"52","FB",1,"1",1,0.038,"4","1",1,0,"2","2","2","2"
"52","LR",0,"1",1,0.038,"4","1",1,0,"2","2","2","2"
"52","LR",0,"1",1,0.038,"4","1",1,0,"2","2","2","2"
"52","LR",0,"1",1,0.038,"4","1",1,0,"2","2","2","2"
"52","LR",0,"1",1,0.038,"4","1",1,0,"2","2","2","2"
"53","FB",1,"1",0.996,0,"4","1",1,0,"2","2","2","2"
"53","FB",1,"1",0.996,0,"4","1",1,0,"2","2","2","2"
"53","FB",1,"1",0.996,0,"4","1",1,0,"2","2","2","2"
"53","FB",1,"1",0.996,0,"4","1",1,0,"2","2","2","2"
"53","LR",0,"1",0.996,0,"4","1",1,0,"2","2","2","2"
"53","LR",0,"1",0.996,0,"4","1",1,0,"2","2","2","2"
"53","LR",0,"1",0.996,0,"4","1",1,0,"2","2","2","2"
"53","LR",0,"1",0.996,0,"4","1",1,0,"2","2","2","2"
"54","FB",0,"13",0.555,0.487,"1","2",0.5,0.75,"3","3","3","3"
"54","FB",0,"13",0.555,0.487,"1","2",0.5,0.75,"3","3","3","3"
"54","FB",1,"13",0.555,0.487,"1","2",0.5,0.75,"3","3","3","3"
"54","FB",1,"13",0.555,0.487,"1","2",0.5,0.75,"3","3","3","3"
"54","LR",0,"13",0.555,0.487,"1","2",0.5,0.75,"3","3","3","3"
"54","LR",1,"13",0.555,0.487,"1","2",0.5,0.75,"3","3","3","3"
"54","LR",1,"13",0.555,0.487,"1","2",0.5,0.75,"3","3","3","3"
"54","LR",1,"13",0.555,0.487,"1","2",0.5,0.75,"3","3","3","3"
"55","FB",1,"1",0.981,0,"4","1",1,0,"2","2","2","2"
"55","FB",1,"1",0.981,0,"4","1",1,0,"2","2","2","2"
"55","FB",1,"1",0.981,0,"4","1",1,0,"2","2","2","2"
"55","FB",1,"1",0.981,0,"4","1",1,0,"2","2","2","2"
"55","LR",0,"1",0.981,0,"4","1",1,0,"2","2","2","2"
"55","LR",0,"1",0.981,0,"4","1",1,0,"2","2","2","2"
"55","LR",0,"1",0.981,0,"4","1",1,0,"2","2","2","2"
"55","LR",0,"1",0.981,0,"4","1",1,0,"2","2","2","2"
"56","FB",0,"25",0.043,0.972,"3","3",0,1,"1","1","1","1"
"56","FB",0,"25",0.043,0.972,"3","3",0,1,"1","1","1","1"
"56","FB",0,"25",0.043,0.972,"3","3",0,1,"1","1","1","1"
"56","FB",0,"25",0.043,0.972,"3","3",0,1,"1","1","1","1"
"56","LR",1,"25",0.043,0.972,"3","3",0,1,"1","1","1","1"
"56","LR",1,"25",0.043,0.972,"3","3",0,1,"1","1","1","1"
"56","LR",1,"25",0.043,0.972,"3","3",0,1,"1","1","1","1"
"56","LR",1,"25",0.043,0.972,"3","3",0,1,"1","1","1","1"
"57","FB",0,"13",0.572,0.395,"2","2",0.5,0.25,"5","3","4","3"
"57","FB",0,"13",0.572,0.395,"2","2",0.5,0.25,"5","3","4","3"
"57","FB",1,"13",0.572,0.395,"2","2",0.5,0.25,"5","3","4","3"
"57","FB",1,"13",0.572,0.395,"2","2",0.5,0.25,"5","3","4","3"
"57","LR",0,"13",0.572,0.395,"2","2",0.5,0.25,"5","3","4","3"
"57","LR",0,"13",0.572,0.395,"2","2",0.5,0.25,"5","3","4","3"
"57","LR",0,"13",0.572,0.395,"2","2",0.5,0.25,"5","3","4","3"
"57","LR",1,"13",0.572,0.395,"2","2",0.5,0.25,"5","3","4","3"
"58","FB",0,"13",0.477,0.506,"1","2",0.75,0.5,"5","3","4","3"
"58","FB",1,"13",0.477,0.506,"1","2",0.75,0.5,"5","3","4","3"
"58","FB",1,"13",0.477,0.506,"1","2",0.75,0.5,"5","3","4","3"
"58","FB",1,"13",0.477,0.506,"1","2",0.75,0.5,"5","3","4","3"
"58","LR",0,"13",0.477,0.506,"1","2",0.75,0.5,"5","3","4","3"
"58","LR",0,"13",0.477,0.506,"1","2",0.75,0.5,"5","3","4","3"
"58","LR",1,"13",0.477,0.506,"1","2",0.75,0.5,"5","3","4","3"
"58","LR",1,"13",0.477,0.506,"1","2",0.75,0.5,"5","3","4","3"
"59","FB",1,"1",1,0.002,"4","1",1,0,"2","2","2","2"
"59","FB",1,"1",1,0.002,"4","1",1,0,"2","2","2","2"
"59","FB",1,"1",1,0.002,"4","1",1,0,"2","2","2","2"
"59","FB",1,"1",1,0.002,"4","1",1,0,"2","2","2","2"
"59","LR",0,"1",1,0.002,"4","1",1,0,"2","2","2","2"
"59","LR",0,"1",1,0.002,"4","1",1,0,"2","2","2","2"
"59","LR",0,"1",1,0.002,"4","1",1,0,"2","2","2","2"
"59","LR",0,"1",1,0.002,"4","1",1,0,"2","2","2","2"
"60","FB",0,"13",0.508,0.471,"2","2",0.25,0.25,"3","3","4","3"
"60","FB",0,"13",0.508,0.471,"2","2",0.25,0.25,"3","3","4","3"
"60","FB",0,"13",0.508,0.471,"2","2",0.25,0.25,"3","3","4","3"
"60","FB",1,"13",0.508,0.471,"2","2",0.25,0.25,"3","3","4","3"
"60","LR",0,"13",0.508,0.471,"2","2",0.25,0.25,"3","3","4","3"
"60","LR",0,"13",0.508,0.471,"2","2",0.25,0.25,"3","3","4","3"
"60","LR",0,"13",0.508,0.471,"2","2",0.25,0.25,"3","3","4","3"
"60","LR",1,"13",0.508,0.471,"2","2",0.25,0.25,"3","3","4","3"
"61","FB",0,"1",0.923,0,"4","1",0.75,0,"6","2","6","3"
"61","FB",1,"1",0.923,0,"4","1",0.75,0,"6","2","6","3"
"61","FB",1,"1",0.923,0,"4","1",0.75,0,"6","2","6","3"
"61","FB",1,"1",0.923,0,"4","1",0.75,0,"6","2","6","3"
"61","LR",0,"1",0.923,0,"4","1",0.75,0,"6","2","6","3"
"61","LR",0,"1",0.923,0,"4","1",0.75,0,"6","2","6","3"
"61","LR",0,"1",0.923,0,"4","1",0.75,0,"6","2","6","3"
"61","LR",0,"1",0.923,0,"4","1",0.75,0,"6","2","6","3"
"62","FB",0,"25",0.049,0.995,"1","2",0.5,1,"4","3","3","3"
"62","FB",0,"25",0.049,0.995,"1","2",0.5,1,"4","3","3","3"
"62","FB",1,"25",0.049,0.995,"1","2",0.5,1,"4","3","3","3"
"62","FB",1,"25",0.049,0.995,"1","2",0.5,1,"4","3","3","3"
"62","LR",1,"25",0.049,0.995,"1","2",0.5,1,"4","3","3","3"
"62","LR",1,"25",0.049,0.995,"1","2",0.5,1,"4","3","3","3"
"62","LR",1,"25",0.049,0.995,"1","2",0.5,1,"4","3","3","3"
"62","LR",1,"25",0.049,0.995,"1","2",0.5,1,"4","3","3","3"
"63","FB",0,"25",0,1,"3","3",0,1,"1","1","1","1"
"63","FB",0,"25",0,1,"3","3",0,1,"1","1","1","1"
"63","FB",0,"25",0,1,"3","3",0,1,"1","1","1","1"
"63","FB",0,"25",0,1,"3","3",0,1,"1","1","1","1"
"63","LR",1,"25",0,1,"3","3",0,1,"1","1","1","1"
"63","LR",1,"25",0,1,"3","3",0,1,"1","1","1","1"
"63","LR",1,"25",0,1,"3","3",0,1,"1","1","1","1"
"63","LR",1,"25",0,1,"3","3",0,1,"1","1","1","1"
"64","FB",0,"13",0.504,0.508,"1","2",0.25,0.5,"3","3","3","3"
"64","FB",0,"13",0.504,0.508,"1","2",0.25,0.5,"3","3","3","3"
"64","FB",0,"13",0.504,0.508,"1","2",0.25,0.5,"3","3","3","3"
"64","FB",1,"13",0.504,0.508,"1","2",0.25,0.5,"3","3","3","3"
"64","LR",0,"13",0.504,0.508,"1","2",0.25,0.5,"3","3","3","3"
"64","LR",0,"13",0.504,0.508,"1","2",0.25,0.5,"3","3","3","3"
"64","LR",1,"13",0.504,0.508,"1","2",0.25,0.5,"3","3","3","3"
"64","LR",1,"13",0.504,0.508,"1","2",0.25,0.5,"3","3","3","3"
"65","FB",0,"13",0.486,0.52,"2","2",0,0.25,"3","3","3","3"
"65","FB",0,"13",0.486,0.52,"2","2",0,0.25,"3","3","3","3"
"65","FB",0,"13",0.486,0.52,"2","2",0,0.25,"3","3","3","3"
"65","FB",0,"13",0.486,0.52,"2","2",0,0.25,"3","3","3","3"
"65","LR",0,"13",0.486,0.52,"2","2",0,0.25,"3","3","3","3"
"65","LR",0,"13",0.486,0.52,"2","2",0,0.25,"3","3","3","3"
"65","LR",0,"13",0.486,0.52,"2","2",0,0.25,"3","3","3","3"
"65","LR",1,"13",0.486,0.52,"2","2",0,0.25,"3","3","3","3"
"66","FB",1,"1",1,0.103,"4","1",1,0,"2","2","2","2"
"66","FB",1,"1",1,0.103,"4","1",1,0,"2","2","2","2"
"66","FB",1,"1",1,0.103,"4","1",1,0,"2","2","2","2"
"66","FB",1,"1",1,0.103,"4","1",1,0,"2","2","2","2"
"66","LR",0,"1",1,0.103,"4","1",1,0,"2","2","2","2"
"66","LR",0,"1",1,0.103,"4","1",1,0,"2","2","2","2"
"66","LR",0,"1",1,0.103,"4","1",1,0,"2","2","2","2"
"66","LR",0,"1",1,0.103,"4","1",1,0,"2","2","2","2"
"67","FB",0,"25",0.062,1,"3","3",0,1,"1","1","1","1"
"67","FB",0,"25",0.062,1,"3","3",0,1,"1","1","1","1"
"67","FB",0,"25",0.062,1,"3","3",0,1,"1","1","1","1"
"67","FB",0,"25",0.062,1,"3","3",0,1,"1","1","1","1"
"67","LR",1,"25",0.062,1,"3","3",0,1,"1","1","1","1"
"67","LR",1,"25",0.062,1,"3","3",0,1,"1","1","1","1"
"67","LR",1,"25",0.062,1,"3","3",0,1,"1","1","1","1"
"67","LR",1,"25",0.062,1,"3","3",0,1,"1","1","1","1"
"68","FB",0,"13",0.496,0.483,"2","2",0.5,0,"5","3","6","3"
"68","FB",0,"13",0.496,0.483,"2","2",0.5,0,"5","3","6","3"
"68","FB",1,"13",0.496,0.483,"2","2",0.5,0,"5","3","6","3"
"68","FB",1,"13",0.496,0.483,"2","2",0.5,0,"5","3","6","3"
"68","LR",0,"13",0.496,0.483,"2","2",0.5,0,"5","3","6","3"
"68","LR",0,"13",0.496,0.483,"2","2",0.5,0,"5","3","6","3"
"68","LR",0,"13",0.496,0.483,"2","2",0.5,0,"5","3","6","3"
"68","LR",0,"13",0.496,0.483,"2","2",0.5,0,"5","3","6","3"
"69","FB",0,"25",0,0.938,"3","3",0,1,"1","1","1","1"
"69","FB",0,"25",0,0.938,"3","3",0,1,"1","1","1","1"
"69","FB",0,"25",0,0.938,"3","3",0,1,"1","1","1","1"
"69","FB",0,"25",0,0.938,"3","3",0,1,"1","1","1","1"
"69","LR",1,"25",0,0.938,"3","3",0,1,"1","1","1","1"
"69","LR",1,"25",0,0.938,"3","3",0,1,"1","1","1","1"
"69","LR",1,"25",0,0.938,"3","3",0,1,"1","1","1","1"
"69","LR",1,"25",0,0.938,"3","3",0,1,"1","1","1","1"
"70","FB",0,"13",0.496,0.515,"1","2",0.75,0.5,"5","3","4","3"
"70","FB",1,"13",0.496,0.515,"1","2",0.75,0.5,"5","3","4","3"
"70","FB",1,"13",0.496,0.515,"1","2",0.75,0.5,"5","3","4","3"
"70","FB",1,"13",0.496,0.515,"1","2",0.75,0.5,"5","3","4","3"
"70","LR",0,"13",0.496,0.515,"1","2",0.75,0.5,"5","3","4","3"
"70","LR",0,"13",0.496,0.515,"1","2",0.75,0.5,"5","3","4","3"
"70","LR",1,"13",0.496,0.515,"1","2",0.75,0.5,"5","3","4","3"
"70","LR",1,"13",0.496,0.515,"1","2",0.75,0.5,"5","3","4","3"
"71","FB",0,"13",0.486,0.552,"3","3",0,1,"1","1","1","1"
"71","FB",0,"13",0.486,0.552,"3","3",0,1,"1","1","1","1"
"71","FB",0,"13",0.486,0.552,"3","3",0,1,"1","1","1","1"
"71","FB",0,"13",0.486,0.552,"3","3",0,1,"1","1","1","1"
"71","LR",1,"13",0.486,0.552,"3","3",0,1,"1","1","1","1"
"71","LR",1,"13",0.486,0.552,"3","3",0,1,"1","1","1","1"
"71","LR",1,"13",0.486,0.552,"3","3",0,1,"1","1","1","1"
"71","LR",1,"13",0.486,0.552,"3","3",0,1,"1","1","1","1"
"72","FB",0,"13",0.567,0.544,"1","2",0.75,0.75,"3","3","4","3"
"72","FB",1,"13",0.567,0.544,"1","2",0.75,0.75,"3","3","4","3"
"72","FB",1,"13",0.567,0.544,"1","2",0.75,0.75,"3","3","4","3"
"72","FB",1,"13",0.567,0.544,"1","2",0.75,0.75,"3","3","4","3"
"72","LR",0,"13",0.567,0.544,"1","2",0.75,0.75,"3","3","4","3"
"72","LR",1,"13",0.567,0.544,"1","2",0.75,0.75,"3","3","4","3"
"72","LR",1,"13",0.567,0.544,"1","2",0.75,0.75,"3","3","4","3"
"72","LR",1,"13",0.567,0.544,"1","2",0.75,0.75,"3","3","4","3"
"73","FB",1,"1",0.935,0,"4","1",1,0,"2","2","2","2"
"73","FB",1,"1",0.935,0,"4","1",1,0,"2","2","2","2"
"73","FB",1,"1",0.935,0,"4","1",1,0,"2","2","2","2"
"73","FB",1,"1",0.935,0,"4","1",1,0,"2","2","2","2"
"73","LR",0,"1",0.935,0,"4","1",1,0,"2","2","2","2"
"73","LR",0,"1",0.935,0,"4","1",1,0,"2","2","2","2"
"73","LR",0,"1",0.935,0,"4","1",1,0,"2","2","2","2"
"73","LR",0,"1",0.935,0,"4","1",1,0,"2","2","2","2"
"74","FB",1,"1",1,0.014,"4","1",1,0.25,"6","2","6","3"
"74","FB",1,"1",1,0.014,"4","1",1,0.25,"6","2","6","3"
"74","FB",1,"1",1,0.014,"4","1",1,0.25,"6","2","6","3"
"74","FB",1,"1",1,0.014,"4","1",1,0.25,"6","2","6","3"
"74","LR",0,"1",1,0.014,"4","1",1,0.25,"6","2","6","3"
"74","LR",0,"1",1,0.014,"4","1",1,0.25,"6","2","6","3"
"74","LR",0,"1",1,0.014,"4","1",1,0.25,"6","2","6","3"
"74","LR",1,"1",1,0.014,"4","1",1,0.25,"6","2","6","3"
"75","FB",1,"1",1,0,"4","1",1,0,"2","2","2","2"
"75","FB",1,"1",1,0,"4","1",1,0,"2","2","2","2"
"75","FB",1,"1",1,0,"4","1",1,0,"2","2","2","2"
"75","FB",1,"1",1,0,"4","1",1,0,"2","2","2","2"
"75","LR",0,"1",1,0,"4","1",1,0,"2","2","2","2"
"75","LR",0,"1",1,0,"4","1",1,0,"2","2","2","2"
"75","LR",0,"1",1,0,"4","1",1,0,"2","2","2","2"
"75","LR",0,"1",1,0,"4","1",1,0,"2","2","2","2"
"76","FB",1,"1",1,0,"4","1",1,0,"2","2","2","2"
"76","FB",1,"1",1,0,"4","1",1,0,"2","2","2","2"
"76","FB",1,"1",1,0,"4","1",1,0,"2","2","2","2"
"76","FB",1,"1",1,0,"4","1",1,0,"2","2","2","2"
"76","LR",0,"1",1,0,"4","1",1,0,"2","2","2","2"
"76","LR",0,"1",1,0,"4","1",1,0,"2","2","2","2"
"76","LR",0,"1",1,0,"4","1",1,0,"2","2","2","2"
"76","LR",0,"1",1,0,"4","1",1,0,"2","2","2","2"
"77","FB",1,"13",0.525,0.543,"1","2",1,0.75,"5","3","4","3"
"77","FB",1,"13",0.525,0.543,"1","2",1,0.75,"5","3","4","3"
"77","FB",1,"13",0.525,0.543,"1","2",1,0.75,"5","3","4","3"
"77","FB",1,"13",0.525,0.543,"1","2",1,0.75,"5","3","4","3"
"77","LR",0,"13",0.525,0.543,"1","2",1,0.75,"5","3","4","3"
"77","LR",1,"13",0.525,0.543,"1","2",1,0.75,"5","3","4","3"
"77","LR",1,"13",0.525,0.543,"1","2",1,0.75,"5","3","4","3"
"77","LR",1,"13",0.525,0.543,"1","2",1,0.75,"5","3","4","3"
"78","FB",0,"13",0.546,0.475,"1","2",0.75,0.5,"5","3","4","3"
"78","FB",1,"13",0.546,0.475,"1","2",0.75,0.5,"5","3","4","3"
"78","FB",1,"13",0.546,0.475,"1","2",0.75,0.5,"5","3","4","3"
"78","FB",1,"13",0.546,0.475,"1","2",0.75,0.5,"5","3","4","3"
"78","LR",0,"13",0.546,0.475,"1","2",0.75,0.5,"5","3","4","3"
"78","LR",0,"13",0.546,0.475,"1","2",0.75,0.5,"5","3","4","3"
"78","LR",1,"13",0.546,0.475,"1","2",0.75,0.5,"5","3","4","3"
"78","LR",1,"13",0.546,0.475,"1","2",0.75,0.5,"5","3","4","3"
"79","FB",1,"1",0.923,0.027,"4","1",1,0,"2","2","2","2"
"79","FB",1,"1",0.923,0.027,"4","1",1,0,"2","2","2","2"
"79","FB",1,"1",0.923,0.027,"4","1",1,0,"2","2","2","2"
"79","FB",1,"1",0.923,0.027,"4","1",1,0,"2","2","2","2"
"79","LR",0,"1",0.923,0.027,"4","1",1,0,"2","2","2","2"
"79","LR",0,"1",0.923,0.027,"4","1",1,0,"2","2","2","2"
"79","LR",0,"1",0.923,0.027,"4","1",1,0,"2","2","2","2"
"79","LR",0,"1",0.923,0.027,"4","1",1,0,"2","2","2","2"
"80","FB",1,"1",1,0,"4","1",1,0,"2","2","2","2"
"80","FB",1,"1",1,0,"4","1",1,0,"2","2","2","2"
"80","FB",1,"1",1,0,"4","1",1,0,"2","2","2","2"
"80","FB",1,"1",1,0,"4","1",1,0,"2","2","2","2"
"80","LR",0,"1",1,0,"4","1",1,0,"2","2","2","2"
"80","LR",0,"1",1,0,"4","1",1,0,"2","2","2","2"
"80","LR",0,"1",1,0,"4","1",1,0,"2","2","2","2"
"80","LR",0,"1",1,0,"4","1",1,0,"2","2","2","2"
"81","FB",0,"13",0.547,0.559,"1","2",0.75,0.75,"3","3","4","3"
"81","FB",1,"13",0.547,0.559,"1","2",0.75,0.75,"3","3","4","3"
"81","FB",1,"13",0.547,0.559,"1","2",0.75,0.75,"3","3","4","3"
"81","FB",1,"13",0.547,0.559,"1","2",0.75,0.75,"3","3","4","3"
"81","LR",0,"13",0.547,0.559,"1","2",0.75,0.75,"3","3","4","3"
"81","LR",1,"13",0.547,0.559,"1","2",0.75,0.75,"3","3","4","3"
"81","LR",1,"13",0.547,0.559,"1","2",0.75,0.75,"3","3","4","3"
"81","LR",1,"13",0.547,0.559,"1","2",0.75,0.75,"3","3","4","3"
"82","FB",0,"13",0.559,0.507,"4","2",0.75,0.25,"5","3","6","3"
"82","FB",1,"13",0.559,0.507,"4","2",0.75,0.25,"5","3","6","3"
"82","FB",1,"13",0.559,0.507,"4","2",0.75,0.25,"5","3","6","3"
"82","FB",1,"13",0.559,0.507,"4","2",0.75,0.25,"5","3","6","3"
"82","LR",0,"13",0.559,0.507,"4","2",0.75,0.25,"5","3","6","3"
"82","LR",0,"13",0.559,0.507,"4","2",0.75,0.25,"5","3","6","3"
"82","LR",0,"13",0.559,0.507,"4","2",0.75,0.25,"5","3","6","3"
"82","LR",1,"13",0.559,0.507,"4","2",0.75,0.25,"5","3","6","3"
"83","FB",0,"25",0.063,0.97,"3","3",0,1,"1","1","1","1"
"83","FB",0,"25",0.063,0.97,"3","3",0,1,"1","1","1","1"
"83","FB",0,"25",0.063,0.97,"3","3",0,1,"1","1","1","1"
"83","FB",0,"25",0.063,0.97,"3","3",0,1,"1","1","1","1"
"83","LR",1,"25",0.063,0.97,"3","3",0,1,"1","1","1","1"
"83","LR",1,"25",0.063,0.97,"3","3",0,1,"1","1","1","1"
"83","LR",1,"25",0.063,0.97,"3","3",0,1,"1","1","1","1"
"83","LR",1,"25",0.063,0.97,"3","3",0,1,"1","1","1","1"
"84","FB",1,"1",0.962,0.03,"4","1",1,0,"2","2","2","2"
"84","FB",1,"1",0.962,0.03,"4","1",1,0,"2","2","2","2"
"84","FB",1,"1",0.962,0.03,"4","1",1,0,"2","2","2","2"
"84","FB",1,"1",0.962,0.03,"4","1",1,0,"2","2","2","2"
"84","LR",0,"1",0.962,0.03,"4","1",1,0,"2","2","2","2"
"84","LR",0,"1",0.962,0.03,"4","1",1,0,"2","2","2","2"
"84","LR",0,"1",0.962,0.03,"4","1",1,0,"2","2","2","2"
"84","LR",0,"1",0.962,0.03,"4","1",1,0,"2","2","2","2"
"85","FB",1,"1",0.996,0.023,"4","1",1,0,"2","2","2","2"
"85","FB",1,"1",0.996,0.023,"4","1",1,0,"2","2","2","2"
"85","FB",1,"1",0.996,0.023,"4","1",1,0,"2","2","2","2"
"85","FB",1,"1",0.996,0.023,"4","1",1,0,"2","2","2","2"
"85","LR",0,"1",0.996,0.023,"4","1",1,0,"2","2","2","2"
"85","LR",0,"1",0.996,0.023,"4","1",1,0,"2","2","2","2"
"85","LR",0,"1",0.996,0.023,"4","1",1,0,"2","2","2","2"
"85","LR",0,"1",0.996,0.023,"4","1",1,0,"2","2","2","2"
"86","FB",0,"25",0,0.991,"3","3",0,1,"1","1","1","1"
"86","FB",0,"25",0,0.991,"3","3",0,1,"1","1","1","1"
"86","FB",0,"25",0,0.991,"3","3",0,1,"1","1","1","1"
"86","FB",0,"25",0,0.991,"3","3",0,1,"1","1","1","1"
"86","LR",1,"25",0,0.991,"3","3",0,1,"1","1","1","1"
"86","LR",1,"25",0,0.991,"3","3",0,1,"1","1","1","1"
"86","LR",1,"25",0,0.991,"3","3",0,1,"1","1","1","1"
"86","LR",1,"25",0,0.991,"3","3",0,1,"1","1","1","1"
"87","FB",0,"13",0.472,0.477,"1","2",0.5,0.5,"3","3","4","3"
"87","FB",0,"13",0.472,0.477,"1","2",0.5,0.5,"3","3","4","3"
"87","FB",1,"13",0.472,0.477,"1","2",0.5,0.5,"3","3","4","3"
"87","FB",1,"13",0.472,0.477,"1","2",0.5,0.5,"3","3","4","3"
"87","LR",0,"13",0.472,0.477,"1","2",0.5,0.5,"3","3","4","3"
"87","LR",0,"13",0.472,0.477,"1","2",0.5,0.5,"3","3","4","3"
"87","LR",1,"13",0.472,0.477,"1","2",0.5,0.5,"3","3","4","3"
"87","LR",1,"13",0.472,0.477,"1","2",0.5,0.5,"3","3","4","3"
"88","FB",0,"25",0.016,0.972,"3","3",0,1,"1","1","1","1"
"88","FB",0,"25",0.016,0.972,"3","3",0,1,"1","1","1","1"
"88","FB",0,"25",0.016,0.972,"3","3",0,1,"1","1","1","1"
"88","FB",0,"25",0.016,0.972,"3","3",0,1,"1","1","1","1"
"88","LR",1,"25",0.016,0.972,"3","3",0,1,"1","1","1","1"
"88","LR",1,"25",0.016,0.972,"3","3",0,1,"1","1","1","1"
"88","LR",1,"25",0.016,0.972,"3","3",0,1,"1","1","1","1"
"88","LR",1,"25",0.016,0.972,"3","3",0,1,"1","1","1","1"
"89","FB",1,"1",1,0,"4","1",1,0,"2","2","2","2"
"89","FB",1,"1",1,0,"4","1",1,0,"2","2","2","2"
"89","FB",1,"1",1,0,"4","1",1,0,"2","2","2","2"
"89","FB",1,"1",1,0,"4","1",1,0,"2","2","2","2"
"89","LR",0,"1",1,0,"4","1",1,0,"2","2","2","2"
"89","LR",0,"1",1,0,"4","1",1,0,"2","2","2","2"
"89","LR",0,"1",1,0,"4","1",1,0,"2","2","2","2"
"89","LR",0,"1",1,0,"4","1",1,0,"2","2","2","2"
"90","FB",0,"25",0.029,0.973,"3","3",0,1,"1","1","1","1"
"90","FB",0,"25",0.029,0.973,"3","3",0,1,"1","1","1","1"
"90","FB",0,"25",0.029,0.973,"3","3",0,1,"1","1","1","1"
"90","FB",0,"25",0.029,0.973,"3","3",0,1,"1","1","1","1"
"90","LR",1,"25",0.029,0.973,"3","3",0,1,"1","1","1","1"
"90","LR",1,"25",0.029,0.973,"3","3",0,1,"1","1","1","1"
"90","LR",1,"25",0.029,0.973,"3","3",0,1,"1","1","1","1"
"90","LR",1,"25",0.029,0.973,"3","3",0,1,"1","1","1","1"
"91","FB",0,"25",0,0.954,"3","3",0,1,"1","1","1","1"
"91","FB",0,"25",0,0.954,"3","3",0,1,"1","1","1","1"
"91","FB",0,"25",0,0.954,"3","3",0,1,"1","1","1","1"
"91","FB",0,"25",0,0.954,"3","3",0,1,"1","1","1","1"
"91","LR",1,"25",0,0.954,"3","3",0,1,"1","1","1","1"
"91","LR",1,"25",0,0.954,"3","3",0,1,"1","1","1","1"
"91","LR",1,"25",0,0.954,"3","3",0,1,"1","1","1","1"
"91","LR",1,"25",0,0.954,"3","3",0,1,"1","1","1","1"
"92","FB",0,"25",0,1,"3","3",0,1,"1","1","1","1"
"92","FB",0,"25",0,1,"3","3",0,1,"1","1","1","1"
"92","FB",0,"25",0,1,"3","3",0,1,"1","1","1","1"
"92","FB",0,"25",0,1,"3","3",0,1,"1","1","1","1"
"92","LR",1,"25",0,1,"3","3",0,1,"1","1","1","1"
"92","LR",1,"25",0,1,"3","3",0,1,"1","1","1","1"
"92","LR",1,"25",0,1,"3","3",0,1,"1","1","1","1"
"92","LR",1,"25",0,1,"3","3",0,1,"1","1","1","1"
"93","FB",0,"13",0.526,0.541,"3","3",0.25,1,"4","1","5","1"
"93","FB",0,"13",0.526,0.541,"3","3",0.25,1,"4","1","5","1"
"93","FB",0,"13",0.526,0.541,"3","3",0.25,1,"4","1","5","1"
"93","FB",1,"13",0.526,0.541,"3","3",0.25,1,"4","1","5","1"
"93","LR",1,"13",0.526,0.541,"3","3",0.25,1,"4","1","5","1"
"93","LR",1,"13",0.526,0.541,"3","3",0.25,1,"4","1","5","1"
"93","LR",1,"13",0.526,0.541,"3","3",0.25,1,"4","1","5","1"
"93","LR",1,"13",0.526,0.541,"3","3",0.25,1,"4","1","5","1"
"94","FB",1,"1",0.974,0,"4","1",1,0,"2","2","2","2"
"94","FB",1,"1",0.974,0,"4","1",1,0,"2","2","2","2"
"94","FB",1,"1",0.974,0,"4","1",1,0,"2","2","2","2"
"94","FB",1,"1",0.974,0,"4","1",1,0,"2","2","2","2"
"94","LR",0,"1",0.974,0,"4","1",1,0,"2","2","2","2"
"94","LR",0,"1",0.974,0,"4","1",1,0,"2","2","2","2"
"94","LR",0,"1",0.974,0,"4","1",1,0,"2","2","2","2"
"94","LR",0,"1",0.974,0,"4","1",1,0,"2","2","2","2"
"95","FB",0,"25",0,1,"3","3",0,1,"1","1","1","1"
"95","FB",0,"25",0,1,"3","3",0,1,"1","1","1","1"
"95","FB",0,"25",0,1,"3","3",0,1,"1","1","1","1"
"95","FB",0,"25",0,1,"3","3",0,1,"1","1","1","1"
"95","LR",1,"25",0,1,"3","3",0,1,"1","1","1","1"
"95","LR",1,"25",0,1,"3","3",0,1,"1","1","1","1"
"95","LR",1,"25",0,1,"3","3",0,1,"1","1","1","1"
"95","LR",1,"25",0,1,"3","3",0,1,"1","1","1","1"
"96","FB",0,"13",0.501,0.443,"1","2",0.5,0.75,"3","3","3","3"
"96","FB",0,"13",0.501,0.443,"1","2",0.5,0.75,"3","3","3","3"
"96","FB",1,"13",0.501,0.443,"1","2",0.5,0.75,"3","3","3","3"
"96","FB",1,"13",0.501,0.443,"1","2",0.5,0.75,"3","3","3","3"
"96","LR",0,"13",0.501,0.443,"1","2",0.5,0.75,"3","3","3","3"
"96","LR",1,"13",0.501,0.443,"1","2",0.5,0.75,"3","3","3","3"
"96","LR",1,"13",0.501,0.443,"1","2",0.5,0.75,"3","3","3","3"
"96","LR",1,"13",0.501,0.443,"1","2",0.5,0.75,"3","3","3","3"
"97","FB",0,"13",0.533,0.481,"1","2",0.25,0.75,"4","3","3","3"
"97","FB",0,"13",0.533,0.481,"1","2",0.25,0.75,"4","3","3","3"
"97","FB",0,"13",0.533,0.481,"1","2",0.25,0.75,"4","3","3","3"
"97","FB",1,"13",0.533,0.481,"1","2",0.25,0.75,"4","3","3","3"
"97","LR",0,"13",0.533,0.481,"1","2",0.25,0.75,"4","3","3","3"
"97","LR",1,"13",0.533,0.481,"1","2",0.25,0.75,"4","3","3","3"
"97","LR",1,"13",0.533,0.481,"1","2",0.25,0.75,"4","3","3","3"
"97","LR",1,"13",0.533,0.481,"1","2",0.25,0.75,"4","3","3","3"
"98","FB",1,"1",1,0.024,"4","1",1,0,"2","2","2","2"
"98","FB",1,"1",1,0.024,"4","1",1,0,"2","2","2","2"
"98","FB",1,"1",1,0.024,"4","1",1,0,"2","2","2","2"
"98","FB",1,"1",1,0.024,"4","1",1,0,"2","2","2","2"
"98","LR",0,"1",1,0.024,"4","1",1,0,"2","2","2","2"
"98","LR",0,"1",1,0.024,"4","1",1,0,"2","2","2","2"
"98","LR",0,"1",1,0.024,"4","1",1,0,"2","2","2","2"
"98","LR",0,"1",1,0.024,"4","1",1,0,"2","2","2","2"
"99","FB",0,"1",0.992,0,"4","1",0.75,0,"6","2","6","3"
"99","FB",1,"1",0.992,0,"4","1",0.75,0,"6","2","6","3"
"99","FB",1,"1",0.992,0,"4","1",0.75,0,"6","2","6","3"
"99","FB",1,"1",0.992,0,"4","1",0.75,0,"6","2","6","3"
"99","LR",0,"1",0.992,0,"4","1",0.75,0,"6","2","6","3"
"99","LR",0,"1",0.992,0,"4","1",0.75,0,"6","2","6","3"
"99","LR",0,"1",0.992,0,"4","1",0.75,0,"6","2","6","3"
"99","LR",0,"1",0.992,0,"4","1",0.75,0,"6","2","6","3"
"100","FB",0,"13",0.496,0.438,"1","2",0.75,0.5,"5","3","4","3"
"100","FB",1,"13",0.496,0.438,"1","2",0.75,0.5,"5","3","4","3"
"100","FB",1,"13",0.496,0.438,"1","2",0.75,0.5,"5","3","4","3"
"100","FB",1,"13",0.496,0.438,"1","2",0.75,0.5,"5","3","4","3"
"100","LR",0,"13",0.496,0.438,"1","2",0.75,0.5,"5","3","4","3"
"100","LR",0,"13",0.496,0.438,"1","2",0.75,0.5,"5","3","4","3"
"100","LR",1,"13",0.496,0.438,"1","2",0.75,0.5,"5","3","4","3"
"100","LR",1,"13",0.496,0.438,"1","2",0.75,0.5,"5","3","4","3"
"101","FB",0,"25",0,0.9,"3","3",0,1,"1","1","1","1"
"101","FB",0,"25",0,0.9,"3","3",0,1,"1","1","1","1"
"101","FB",0,"25",0,0.9,"3","3",0,1,"1","1","1","1"
"101","FB",0,"25",0,0.9,"3","3",0,1,"1","1","1","1"
"101","LR",1,"25",0,0.9,"3","3",0,1,"1","1","1","1"
"101","LR",1,"25",0,0.9,"3","3",0,1,"1","1","1","1"
"101","LR",1,"25",0,0.9,"3","3",0,1,"1","1","1","1"
"101","LR",1,"25",0,0.9,"3","3",0,1,"1","1","1","1"
"102","FB",1,"1",0.993,0.01,"4","1",1,0,"2","2","2","2"
"102","FB",1,"1",0.993,0.01,"4","1",1,0,"2","2","2","2"
"102","FB",1,"1",0.993,0.01,"4","1",1,0,"2","2","2","2"
"102","FB",1,"1",0.993,0.01,"4","1",1,0,"2","2","2","2"
"102","LR",0,"1",0.993,0.01,"4","1",1,0,"2","2","2","2"
"102","LR",0,"1",0.993,0.01,"4","1",1,0,"2","2","2","2"
"102","LR",0,"1",0.993,0.01,"4","1",1,0,"2","2","2","2"
"102","LR",0,"1",0.993,0.01,"4","1",1,0,"2","2","2","2"
"103","FB",1,"1",1,0.037,"4","1",1,0,"2","2","2","2"
"103","FB",1,"1",1,0.037,"4","1",1,0,"2","2","2","2"
"103","FB",1,"1",1,0.037,"4","1",1,0,"2","2","2","2"
"103","FB",1,"1",1,0.037,"4","1",1,0,"2","2","2","2"
"103","LR",0,"1",1,0.037,"4","1",1,0,"2","2","2","2"
"103","LR",0,"1",1,0.037,"4","1",1,0,"2","2","2","2"
"103","LR",0,"1",1,0.037,"4","1",1,0,"2","2","2","2"
"103","LR",0,"1",1,0.037,"4","1",1,0,"2","2","2","2"
"104","FB",0,"25",0,0.995,"3","3",0,1,"1","1","1","1"
"104","FB",0,"25",0,0.995,"3","3",0,1,"1","1","1","1"
"104","FB",0,"25",0,0.995,"3","3",0,1,"1","1","1","1"
"104","FB",0,"25",0,0.995,"3","3",0,1,"1","1","1","1"
"104","LR",1,"25",0,0.995,"3","3",0,1,"1","1","1","1"
"104","LR",1,"25",0,0.995,"3","3",0,1,"1","1","1","1"
"104","LR",1,"25",0,0.995,"3","3",0,1,"1","1","1","1"
"104","LR",1,"25",0,0.995,"3","3",0,1,"1","1","1","1"
"105","FB",0,"13",0.539,0.518,"2","2",0.5,0,"5","3","6","3"
"105","FB",0,"13",0.539,0.518,"2","2",0.5,0,"5","3","6","3"
"105","FB",1,"13",0.539,0.518,"2","2",0.5,0,"5","3","6","3"
"105","FB",1,"13",0.539,0.518,"2","2",0.5,0,"5","3","6","3"
"105","LR",0,"13",0.539,0.518,"2","2",0.5,0,"5","3","6","3"
"105","LR",0,"13",0.539,0.518,"2","2",0.5,0,"5","3","6","3"
"105","LR",0,"13",0.539,0.518,"2","2",0.5,0,"5","3","6","3"
"105","LR",0,"13",0.539,0.518,"2","2",0.5,0,"5","3","6","3"
"106","FB",1,"1",1,0,"4","1",1,0,"2","2","2","2"
"106","FB",1,"1",1,0,"4","1",1,0,"2","2","2","2"
"106","FB",1,"1",1,0,"4","1",1,0,"2","2","2","2"
"106","FB",1,"1",1,0,"4","1",1,0,"2","2","2","2"
"106","LR",0,"1",1,0,"4","1",1,0,"2","2","2","2"
"106","LR",0,"1",1,0,"4","1",1,0,"2","2","2","2"
"106","LR",0,"1",1,0,"4","1",1,0,"2","2","2","2"
"106","LR",0,"1",1,0,"4","1",1,0,"2","2","2","2"
"107","FB",0,"13",0.495,0.444,"1","2",0.5,0.75,"3","3","3","3"
"107","FB",0,"13",0.495,0.444,"1","2",0.5,0.75,"3","3","3","3"
"107","FB",1,"13",0.495,0.444,"1","2",0.5,0.75,"3","3","3","3"
"107","FB",1,"13",0.495,0.444,"1","2",0.5,0.75,"3","3","3","3"
"107","LR",0,"13",0.495,0.444,"1","2",0.5,0.75,"3","3","3","3"
"107","LR",1,"13",0.495,0.444,"1","2",0.5,0.75,"3","3","3","3"
"107","LR",1,"13",0.495,0.444,"1","2",0.5,0.75,"3","3","3","3"
"107","LR",1,"13",0.495,0.444,"1","2",0.5,0.75,"3","3","3","3"
"108","FB",1,"1",1,0.047,"4","1",1,0,"2","2","2","2"
"108","FB",1,"1",1,0.047,"4","1",1,0,"2","2","2","2"
"108","FB",1,"1",1,0.047,"4","1",1,0,"2","2","2","2"
"108","FB",1,"1",1,0.047,"4","1",1,0,"2","2","2","2"
"108","LR",0,"1",1,0.047,"4","1",1,0,"2","2","2","2"
"108","LR",0,"1",1,0.047,"4","1",1,0,"2","2","2","2"
"108","LR",0,"1",1,0.047,"4","1",1,0,"2","2","2","2"
"108","LR",0,"1",1,0.047,"4","1",1,0,"2","2","2","2"
"109","FB",1,"13",0.503,0.515,"4","1",1,0.25,"6","2","6","3"
"109","FB",1,"13",0.503,0.515,"4","1",1,0.25,"6","2","6","3"
"109","FB",1,"13",0.503,0.515,"4","1",1,0.25,"6","2","6","3"
"109","FB",1,"13",0.503,0.515,"4","1",1,0.25,"6","2","6","3"
"109","LR",0,"13",0.503,0.515,"4","1",1,0.25,"6","2","6","3"
"109","LR",0,"13",0.503,0.515,"4","1",1,0.25,"6","2","6","3"
"109","LR",0,"13",0.503,0.515,"4","1",1,0.25,"6","2","6","3"
"109","LR",1,"13",0.503,0.515,"4","1",1,0.25,"6","2","6","3"
"110","FB",0,"13",0.548,0.512,"2","2",0.5,0.25,"5","3","4","3"
"110","FB",0,"13",0.548,0.512,"2","2",0.5,0.25,"5","3","4","3"
"110","FB",1,"13",0.548,0.512,"2","2",0.5,0.25,"5","3","4","3"
"110","FB",1,"13",0.548,0.512,"2","2",0.5,0.25,"5","3","4","3"
"110","LR",0,"13",0.548,0.512,"2","2",0.5,0.25,"5","3","4","3"
"110","LR",0,"13",0.548,0.512,"2","2",0.5,0.25,"5","3","4","3"
"110","LR",0,"13",0.548,0.512,"2","2",0.5,0.25,"5","3","4","3"
"110","LR",1,"13",0.548,0.512,"2","2",0.5,0.25,"5","3","4","3"
"111","FB",0,"25",0,0.88,"3","3",0,1,"1","1","1","1"
"111","FB",0,"25",0,0.88,"3","3",0,1,"1","1","1","1"
"111","FB",0,"25",0,0.88,"3","3",0,1,"1","1","1","1"
"111","FB",0,"25",0,0.88,"3","3",0,1,"1","1","1","1"
"111","LR",1,"25",0,0.88,"3","3",0,1,"1","1","1","1"
"111","LR",1,"25",0,0.88,"3","3",0,1,"1","1","1","1"
"111","LR",1,"25",0,0.88,"3","3",0,1,"1","1","1","1"
"111","LR",1,"25",0,0.88,"3","3",0,1,"1","1","1","1"
"112","FB",0,"13",0.535,0.531,"1","2",0.75,0.5,"5","3","4","3"
"112","FB",1,"13",0.535,0.531,"1","2",0.75,0.5,"5","3","4","3"
"112","FB",1,"13",0.535,0.531,"1","2",0.75,0.5,"5","3","4","3"
"112","FB",1,"13",0.535,0.531,"1","2",0.75,0.5,"5","3","4","3"
"112","LR",0,"13",0.535,0.531,"1","2",0.75,0.5,"5","3","4","3"
"112","LR",0,"13",0.535,0.531,"1","2",0.75,0.5,"5","3","4","3"
"112","LR",1,"13",0.535,0.531,"1","2",0.75,0.5,"5","3","4","3"
"112","LR",1,"13",0.535,0.531,"1","2",0.75,0.5,"5","3","4","3"
"113","FB",0,"25",0,1,"3","3",0,1,"1","1","1","1"
"113","FB",0,"25",0,1,"3","3",0,1,"1","1","1","1"
"113","FB",0,"25",0,1,"3","3",0,1,"1","1","1","1"
"113","FB",0,"25",0,1,"3","3",0,1,"1","1","1","1"
"113","LR",1,"25",0,1,"3","3",0,1,"1","1","1","1"
"113","LR",1,"25",0,1,"3","3",0,1,"1","1","1","1"
"113","LR",1,"25",0,1,"3","3",0,1,"1","1","1","1"
"113","LR",1,"25",0,1,"3","3",0,1,"1","1","1","1"
"114","FB",0,"13",0.547,0.478,"2","2",0.5,0,"5","3","6","3"
"114","FB",0,"13",0.547,0.478,"2","2",0.5,0,"5","3","6","3"
"114","FB",1,"13",0.547,0.478,"2","2",0.5,0,"5","3","6","3"
"114","FB",1,"13",0.547,0.478,"2","2",0.5,0,"5","3","6","3"
"114","LR",0,"13",0.547,0.478,"2","2",0.5,0,"5","3","6","3"
"114","LR",0,"13",0.547,0.478,"2","2",0.5,0,"5","3","6","3"
"114","LR",0,"13",0.547,0.478,"2","2",0.5,0,"5","3","6","3"
"114","LR",0,"13",0.547,0.478,"2","2",0.5,0,"5","3","6","3"
"115","FB",0,"25",0.002,0.947,"3","3",0,1,"1","1","1","1"
"115","FB",0,"25",0.002,0.947,"3","3",0,1,"1","1","1","1"
"115","FB",0,"25",0.002,0.947,"3","3",0,1,"1","1","1","1"
"115","FB",0,"25",0.002,0.947,"3","3",0,1,"1","1","1","1"
"115","LR",1,"25",0.002,0.947,"3","3",0,1,"1","1","1","1"
"115","LR",1,"25",0.002,0.947,"3","3",0,1,"1","1","1","1"
"115","LR",1,"25",0.002,0.947,"3","3",0,1,"1","1","1","1"
"115","LR",1,"25",0.002,0.947,"3","3",0,1,"1","1","1","1"
"116","FB",0,"13",0.487,0.558,"1","2",0.5,0.5,"3","3","4","3"
"116","FB",0,"13",0.487,0.558,"1","2",0.5,0.5,"3","3","4","3"
"116","FB",1,"13",0.487,0.558,"1","2",0.5,0.5,"3","3","4","3"
"116","FB",1,"13",0.487,0.558,"1","2",0.5,0.5,"3","3","4","3"
"116","LR",0,"13",0.487,0.558,"1","2",0.5,0.5,"3","3","4","3"
"116","LR",0,"13",0.487,0.558,"1","2",0.5,0.5,"3","3","4","3"
"116","LR",1,"13",0.487,0.558,"1","2",0.5,0.5,"3","3","4","3"
"116","LR",1,"13",0.487,0.558,"1","2",0.5,0.5,"3","3","4","3"
"117","FB",1,"1",1,0.035,"4","1",1,0,"2","2","2","2"
"117","FB",1,"1",1,0.035,"4","1",1,0,"2","2","2","2"
"117","FB",1,"1",1,0.035,"4","1",1,0,"2","2","2","2"
"117","FB",1,"1",1,0.035,"4","1",1,0,"2","2","2","2"
"117","LR",0,"1",1,0.035,"4","1",1,0,"2","2","2","2"
"117","LR",0,"1",1,0.035,"4","1",1,0,"2","2","2","2"
"117","LR",0,"1",1,0.035,"4","1",1,0,"2","2","2","2"
"117","LR",0,"1",1,0.035,"4","1",1,0,"2","2","2","2"
"118","FB",0,"25",0,1,"3","3",0,1,"1","1","1","1"
"118","FB",0,"25",0,1,"3","3",0,1,"1","1","1","1"
"118","FB",0,"25",0,1,"3","3",0,1,"1","1","1","1"
"118","FB",0,"25",0,1,"3","3",0,1,"1","1","1","1"
"118","LR",1,"25",0,1,"3","3",0,1,"1","1","1","1"
"118","LR",1,"25",0,1,"3","3",0,1,"1","1","1","1"
"118","LR",1,"25",0,1,"3","3",0,1,"1","1","1","1"
"118","LR",1,"25",0,1,"3","3",0,1,"1","1","1","1"
"119","FB",1,"1",1,0.004,"4","1",1,0,"2","2","2","2"
"119","FB",1,"1",1,0.004,"4","1",1,0,"2","2","2","2"
"119","FB",1,"1",1,0.004,"4","1",1,0,"2","2","2","2"
"119","FB",1,"1",1,0.004,"4","1",1,0,"2","2","2","2"
"119","LR",0,"1",1,0.004,"4","1",1,0,"2","2","2","2"
"119","LR",0,"1",1,0.004,"4","1",1,0,"2","2","2","2"
"119","LR",0,"1",1,0.004,"4","1",1,0,"2","2","2","2"
"119","LR",0,"1",1,0.004,"4","1",1,0,"2","2","2","2"
"120","FB",0,"25",0,1,"3","3",0,1,"1","1","1","1"
"120","FB",0,"25",0,1,"3","3",0,1,"1","1","1","1"
"120","FB",0,"25",0,1,"3","3",0,1,"1","1","1","1"
"120","FB",0,"25",0,1,"3","3",0,1,"1","1","1","1"
"120","LR",1,"25",0,1,"3","3",0,1,"1","1","1","1"
"120","LR",1,"25",0,1,"3","3",0,1,"1","1","1","1"
"120","LR",1,"25",0,1,"3","3",0,1,"1","1","1","1"
"120","LR",1,"25",0,1,"3","3",0,1,"1","1","1","1"
"121","FB",0,"13",0.478,0.495,"2","2",0.25,0.25,"3","3","4","3"
"121","FB",0,"13",0.478,0.495,"2","2",0.25,0.25,"3","3","4","3"
"121","FB",0,"13",0.478,0.495,"2","2",0.25,0.25,"3","3","4","3"
"121","FB",1,"13",0.478,0.495,"2","2",0.25,0.25,"3","3","4","3"
"121","LR",0,"13",0.478,0.495,"2","2",0.25,0.25,"3","3","4","3"
"121","LR",0,"13",0.478,0.495,"2","2",0.25,0.25,"3","3","4","3"
"121","LR",0,"13",0.478,0.495,"2","2",0.25,0.25,"3","3","4","3"
"121","LR",1,"13",0.478,0.495,"2","2",0.25,0.25,"3","3","4","3"
"122","FB",1,"1",0.979,0.007,"4","1",1,0,"2","2","2","2"
"122","FB",1,"1",0.979,0.007,"4","1",1,0,"2","2","2","2"
"122","FB",1,"1",0.979,0.007,"4","1",1,0,"2","2","2","2"
"122","FB",1,"1",0.979,0.007,"4","1",1,0,"2","2","2","2"
"122","LR",0,"1",0.979,0.007,"4","1",1,0,"2","2","2","2"
"122","LR",0,"1",0.979,0.007,"4","1",1,0,"2","2","2","2"
"122","LR",0,"1",0.979,0.007,"4","1",1,0,"2","2","2","2"
"122","LR",0,"1",0.979,0.007,"4","1",1,0,"2","2","2","2"
"123","FB",0,"25",0,0.983,"3","3",0,1,"1","1","1","1"
"123","FB",0,"25",0,0.983,"3","3",0,1,"1","1","1","1"
"123","FB",0,"25",0,0.983,"3","3",0,1,"1","1","1","1"
"123","FB",0,"25",0,0.983,"3","3",0,1,"1","1","1","1"
"123","LR",1,"25",0,0.983,"3","3",0,1,"1","1","1","1"
"123","LR",1,"25",0,0.983,"3","3",0,1,"1","1","1","1"
"123","LR",1,"25",0,0.983,"3","3",0,1,"1","1","1","1"
"123","LR",1,"25",0,0.983,"3","3",0,1,"1","1","1","1"
"124","FB",0,"25",0,0.978,"3","3",0,1,"1","1","1","1"
"124","FB",0,"25",0,0.978,"3","3",0,1,"1","1","1","1"
"124","FB",0,"25",0,0.978,"3","3",0,1,"1","1","1","1"
"124","FB",0,"25",0,0.978,"3","3",0,1,"1","1","1","1"
"124","LR",1,"25",0,0.978,"3","3",0,1,"1","1","1","1"
"124","LR",1,"25",0,0.978,"3","3",0,1,"1","1","1","1"
"124","LR",1,"25",0,0.978,"3","3",0,1,"1","1","1","1"
"124","LR",1,"25",0,0.978,"3","3",0,1,"1","1","1","1"
"125","FB",1,"1",1,0,"4","1",1,0,"2","2","2","2"
"125","FB",1,"1",1,0,"4","1",1,0,"2","2","2","2"
"125","FB",1,"1",1,0,"4","1",1,0,"2","2","2","2"
"125","FB",1,"1",1,0,"4","1",1,0,"2","2","2","2"
"125","LR",0,"1",1,0,"4","1",1,0,"2","2","2","2"
"125","LR",0,"1",1,0,"4","1",1,0,"2","2","2","2"
"125","LR",0,"1",1,0,"4","1",1,0,"2","2","2","2"
"125","LR",0,"1",1,0,"4","1",1,0,"2","2","2","2"
"126","FB",1,"1",1,0.067,"4","1",1,0,"2","2","2","2"
"126","FB",1,"1",1,0.067,"4","1",1,0,"2","2","2","2"
"126","FB",1,"1",1,0.067,"4","1",1,0,"2","2","2","2"
"126","FB",1,"1",1,0.067,"4","1",1,0,"2","2","2","2"
"126","LR",0,"1",1,0.067,"4","1",1,0,"2","2","2","2"
"126","LR",0,"1",1,0.067,"4","1",1,0,"2","2","2","2"
"126","LR",0,"1",1,0.067,"4","1",1,0,"2","2","2","2"
"126","LR",0,"1",1,0.067,"4","1",1,0,"2","2","2","2"
"127","FB",0,"25",0,0.933,"3","3",0,1,"1","1","1","1"
"127","FB",0,"25",0,0.933,"3","3",0,1,"1","1","1","1"
"127","FB",0,"25",0,0.933,"3","3",0,1,"1","1","1","1"
"127","FB",0,"25",0,0.933,"3","3",0,1,"1","1","1","1"
"127","LR",1,"25",0,0.933,"3","3",0,1,"1","1","1","1"
"127","LR",1,"25",0,0.933,"3","3",0,1,"1","1","1","1"
"127","LR",1,"25",0,0.933,"3","3",0,1,"1","1","1","1"
"127","LR",1,"25",0,0.933,"3","3",0,1,"1","1","1","1"
"128","FB",0,"13",0.504,0.451,"2","2",0.5,0.25,"5","3","4","3"
"128","FB",0,"13",0.504,0.451,"2","2",0.5,0.25,"5","3","4","3"
"128","FB",1,"13",0.504,0.451,"2","2",0.5,0.25,"5","3","4","3"
"128","FB",1,"13",0.504,0.451,"2","2",0.5,0.25,"5","3","4","3"
"128","LR",0,"13",0.504,0.451,"2","2",0.5,0.25,"5","3","4","3"
"128","LR",0,"13",0.504,0.451,"2","2",0.5,0.25,"5","3","4","3"
"128","LR",0,"13",0.504,0.451,"2","2",0.5,0.25,"5","3","4","3"
"128","LR",1,"13",0.504,0.451,"2","2",0.5,0.25,"5","3","4","3"
"129","FB",0,"25",0,0.932,"3","3",0,1,"1","1","1","1"
"129","FB",0,"25",0,0.932,"3","3",0,1,"1","1","1","1"
"129","FB",0,"25",0,0.932,"3","3",0,1,"1","1","1","1"
"129","FB",0,"25",0,0.932,"3","3",0,1,"1","1","1","1"
"129","LR",1,"25",0,0.932,"3","3",0,1,"1","1","1","1"
"129","LR",1,"25",0,0.932,"3","3",0,1,"1","1","1","1"
"129","LR",1,"25",0,0.932,"3","3",0,1,"1","1","1","1"
"129","LR",1,"25",0,0.932,"3","3",0,1,"1","1","1","1"
"130","FB",0,"13",0.54,0.515,"1","2",0.5,0.5,"3","3","4","3"
"130","FB",0,"13",0.54,0.515,"1","2",0.5,0.5,"3","3","4","3"
"130","FB",1,"13",0.54,0.515,"1","2",0.5,0.5,"3","3","4","3"
"130","FB",1,"13",0.54,0.515,"1","2",0.5,0.5,"3","3","4","3"
"130","LR",0,"13",0.54,0.515,"1","2",0.5,0.5,"3","3","4","3"
"130","LR",0,"13",0.54,0.515,"1","2",0.5,0.5,"3","3","4","3"
"130","LR",1,"13",0.54,0.515,"1","2",0.5,0.5,"3","3","4","3"
"130","LR",1,"13",0.54,0.515,"1","2",0.5,0.5,"3","3","4","3"
"131","FB",1,"1",1,0,"4","1",1,0,"2","2","2","2"
"131","FB",1,"1",1,0,"4","1",1,0,"2","2","2","2"
"131","FB",1,"1",1,0,"4","1",1,0,"2","2","2","2"
"131","FB",1,"1",1,0,"4","1",1,0,"2","2","2","2"
"131","LR",0,"1",1,0,"4","1",1,0,"2","2","2","2"
"131","LR",0,"1",1,0,"4","1",1,0,"2","2","2","2"
"131","LR",0,"1",1,0,"4","1",1,0,"2","2","2","2"
"131","LR",0,"1",1,0,"4","1",1,0,"2","2","2","2"
"132","FB",0,"25",0.054,1,"3","3",0,1,"1","1","1","1"
"132","FB",0,"25",0.054,1,"3","3",0,1,"1","1","1","1"
"132","FB",0,"25",0.054,1,"3","3",0,1,"1","1","1","1"
"132","FB",0,"25",0.054,1,"3","3",0,1,"1","1","1","1"
"132","LR",1,"25",0.054,1,"3","3",0,1,"1","1","1","1"
"132","LR",1,"25",0.054,1,"3","3",0,1,"1","1","1","1"
"132","LR",1,"25",0.054,1,"3","3",0,1,"1","1","1","1"
"132","LR",1,"25",0.054,1,"3","3",0,1,"1","1","1","1"
"133","FB",0,"25",0.031,1,"3","3",0.25,1,"4","1","5","1"
"133","FB",0,"25",0.031,1,"3","3",0.25,1,"4","1","5","1"
"133","FB",0,"25",0.031,1,"3","3",0.25,1,"4","1","5","1"
"133","FB",1,"25",0.031,1,"3","3",0.25,1,"4","1","5","1"
"133","LR",1,"25",0.031,1,"3","3",0.25,1,"4","1","5","1"
"133","LR",1,"25",0.031,1,"3","3",0.25,1,"4","1","5","1"
"133","LR",1,"25",0.031,1,"3","3",0.25,1,"4","1","5","1"
"133","LR",1,"25",0.031,1,"3","3",0.25,1,"4","1","5","1"
"134","FB",1,"1",0.982,0,"4","1",1,0,"2","2","2","2"
"134","FB",1,"1",0.982,0,"4","1",1,0,"2","2","2","2"
"134","FB",1,"1",0.982,0,"4","1",1,0,"2","2","2","2"
"134","FB",1,"1",0.982,0,"4","1",1,0,"2","2","2","2"
"134","LR",0,"1",0.982,0,"4","1",1,0,"2","2","2","2"
"134","LR",0,"1",0.982,0,"4","1",1,0,"2","2","2","2"
"134","LR",0,"1",0.982,0,"4","1",1,0,"2","2","2","2"
"134","LR",0,"1",0.982,0,"4","1",1,0,"2","2","2","2"
"135","FB",1,"1",0.95,0,"4","1",1,0,"2","2","2","2"
"135","FB",1,"1",0.95,0,"4","1",1,0,"2","2","2","2"
"135","FB",1,"1",0.95,0,"4","1",1,0,"2","2","2","2"
"135","FB",1,"1",0.95,0,"4","1",1,0,"2","2","2","2"
"135","LR",0,"1",0.95,0,"4","1",1,0,"2","2","2","2"
"135","LR",0,"1",0.95,0,"4","1",1,0,"2","2","2","2"
"135","LR",0,"1",0.95,0,"4","1",1,0,"2","2","2","2"
"135","LR",0,"1",0.95,0,"4","1",1,0,"2","2","2","2"
"136","FB",0,"25",0.08,0.978,"3","3",0.25,1,"4","1","5","1"
"136","FB",0,"25",0.08,0.978,"3","3",0.25,1,"4","1","5","1"
"136","FB",0,"25",0.08,0.978,"3","3",0.25,1,"4","1","5","1"
"136","FB",1,"25",0.08,0.978,"3","3",0.25,1,"4","1","5","1"
"136","LR",1,"25",0.08,0.978,"3","3",0.25,1,"4","1","5","1"
"136","LR",1,"25",0.08,0.978,"3","3",0.25,1,"4","1","5","1"
"136","LR",1,"25",0.08,0.978,"3","3",0.25,1,"4","1","5","1"
"136","LR",1,"25",0.08,0.978,"3","3",0.25,1,"4","1","5","1"
"137","FB",0,"13",0.513,0.499,"4","1",0.75,0,"6","2","6","3"
"137","FB",1,"13",0.513,0.499,"4","1",0.75,0,"6","2","6","3"
"137","FB",1,"13",0.513,0.499,"4","1",0.75,0,"6","2","6","3"
"137","FB",1,"13",0.513,0.499,"4","1",0.75,0,"6","2","6","3"
"137","LR",0,"13",0.513,0.499,"4","1",0.75,0,"6","2","6","3"
"137","LR",0,"13",0.513,0.499,"4","1",0.75,0,"6","2","6","3"
"137","LR",0,"13",0.513,0.499,"4","1",0.75,0,"6","2","6","3"
"137","LR",0,"13",0.513,0.499,"4","1",0.75,0,"6","2","6","3"
"138","FB",0,"13",0.613,0.461,"4","2",0.75,0.25,"5","3","6","3"
"138","FB",1,"13",0.613,0.461,"4","2",0.75,0.25,"5","3","6","3"
"138","FB",1,"13",0.613,0.461,"4","2",0.75,0.25,"5","3","6","3"
"138","FB",1,"13",0.613,0.461,"4","2",0.75,0.25,"5","3","6","3"
"138","LR",0,"13",0.613,0.461,"4","2",0.75,0.25,"5","3","6","3"
"138","LR",0,"13",0.613,0.461,"4","2",0.75,0.25,"5","3","6","3"
"138","LR",0,"13",0.613,0.461,"4","2",0.75,0.25,"5","3","6","3"
"138","LR",1,"13",0.613,0.461,"4","2",0.75,0.25,"5","3","6","3"
"139","FB",0,"25",0,0.967,"3","3",0,0.75,"4","1","5","1"
"139","FB",0,"25",0,0.967,"3","3",0,0.75,"4","1","5","1"
"139","FB",0,"25",0,0.967,"3","3",0,0.75,"4","1","5","1"
"139","FB",0,"25",0,0.967,"3","3",0,0.75,"4","1","5","1"
"139","LR",0,"25",0,0.967,"3","3",0,0.75,"4","1","5","1"
"139","LR",1,"25",0,0.967,"3","3",0,0.75,"4","1","5","1"
"139","LR",1,"25",0,0.967,"3","3",0,0.75,"4","1","5","1"
"139","LR",1,"25",0,0.967,"3","3",0,0.75,"4","1","5","1"
"140","FB",0,"13",0.449,0.493,"1","2",0.5,0.5,"3","3","4","3"
"140","FB",0,"13",0.449,0.493,"1","2",0.5,0.5,"3","3","4","3"
"140","FB",1,"13",0.449,0.493,"1","2",0.5,0.5,"3","3","4","3"
"140","FB",1,"13",0.449,0.493,"1","2",0.5,0.5,"3","3","4","3"
"140","LR",0,"13",0.449,0.493,"1","2",0.5,0.5,"3","3","4","3"
"140","LR",0,"13",0.449,0.493,"1","2",0.5,0.5,"3","3","4","3"
"140","LR",1,"13",0.449,0.493,"1","2",0.5,0.5,"3","3","4","3"
"140","LR",1,"13",0.449,0.493,"1","2",0.5,0.5,"3","3","4","3"
"141","FB",0,"25",0.037,0.975,"3","3",0,1,"1","1","1","1"
"141","FB",0,"25",0.037,0.975,"3","3",0,1,"1","1","1","1"
"141","FB",0,"25",0.037,0.975,"3","3",0,1,"1","1","1","1"
"141","FB",0,"25",0.037,0.975,"3","3",0,1,"1","1","1","1"
"141","LR",1,"25",0.037,0.975,"3","3",0,1,"1","1","1","1"
"141","LR",1,"25",0.037,0.975,"3","3",0,1,"1","1","1","1"
"141","LR",1,"25",0.037,0.975,"3","3",0,1,"1","1","1","1"
"141","LR",1,"25",0.037,0.975,"3","3",0,1,"1","1","1","1"
"142","FB",0,"25",0,0.97,"3","3",0,1,"1","1","1","1"
"142","FB",0,"25",0,0.97,"3","3",0,1,"1","1","1","1"
"142","FB",0,"25",0,0.97,"3","3",0,1,"1","1","1","1"
"142","FB",0,"25",0,0.97,"3","3",0,1,"1","1","1","1"
"142","LR",1,"25",0,0.97,"3","3",0,1,"1","1","1","1"
"142","LR",1,"25",0,0.97,"3","3",0,1,"1","1","1","1"
"142","LR",1,"25",0,0.97,"3","3",0,1,"1","1","1","1"
"142","LR",1,"25",0,0.97,"3","3",0,1,"1","1","1","1"
"143","FB",0,"13",0.469,0.46,"2","2",0.5,0,"5","3","6","3"
"143","FB",0,"13",0.469,0.46,"2","2",0.5,0,"5","3","6","3"
"143","FB",1,"13",0.469,0.46,"2","2",0.5,0,"5","3","6","3"
"143","FB",1,"13",0.469,0.46,"2","2",0.5,0,"5","3","6","3"
"143","LR",0,"13",0.469,0.46,"2","2",0.5,0,"5","3","6","3"
"143","LR",0,"13",0.469,0.46,"2","2",0.5,0,"5","3","6","3"
"143","LR",0,"13",0.469,0.46,"2","2",0.5,0,"5","3","6","3"
"143","LR",0,"13",0.469,0.46,"2","2",0.5,0,"5","3","6","3"
"144","FB",0,"25",0,0.984,"3","3",0,1,"1","1","1","1"
"144","FB",0,"25",0,0.984,"3","3",0,1,"1","1","1","1"
"144","FB",0,"25",0,0.984,"3","3",0,1,"1","1","1","1"
"144","FB",0,"25",0,0.984,"3","3",0,1,"1","1","1","1"
"144","LR",1,"25",0,0.984,"3","3",0,1,"1","1","1","1"
"144","LR",1,"25",0,0.984,"3","3",0,1,"1","1","1","1"
"144","LR",1,"25",0,0.984,"3","3",0,1,"1","1","1","1"
"144","LR",1,"25",0,0.984,"3","3",0,1,"1","1","1","1"
"145","FB",0,"25",0,1,"3","3",0,1,"1","1","1","1"
"145","FB",0,"25",0,1,"3","3",0,1,"1","1","1","1"
"145","FB",0,"25",0,1,"3","3",0,1,"1","1","1","1"
"145","FB",0,"25",0,1,"3","3",0,1,"1","1","1","1"
"145","LR",1,"25",0,1,"3","3",0,1,"1","1","1","1"
"145","LR",1,"25",0,1,"3","3",0,1,"1","1","1","1"
"145","LR",1,"25",0,1,"3","3",0,1,"1","1","1","1"
"145","LR",1,"25",0,1,"3","3",0,1,"1","1","1","1"
"146","FB",1,"1",0.968,0.076,"4","1",1,0,"2","2","2","2"
"146","FB",1,"1",0.968,0.076,"4","1",1,0,"2","2","2","2"
"146","FB",1,"1",0.968,0.076,"4","1",1,0,"2","2","2","2"
"146","FB",1,"1",0.968,0.076,"4","1",1,0,"2","2","2","2"
"146","LR",0,"1",0.968,0.076,"4","1",1,0,"2","2","2","2"
"146","LR",0,"1",0.968,0.076,"4","1",1,0,"2","2","2","2"
"146","LR",0,"1",0.968,0.076,"4","1",1,0,"2","2","2","2"
"146","LR",0,"1",0.968,0.076,"4","1",1,0,"2","2","2","2"
"147","FB",0,"13",0.48,0.452,"2","2",0,0,"3","3","4","3"
"147","FB",0,"13",0.48,0.452,"2","2",0,0,"3","3","4","3"
"147","FB",0,"13",0.48,0.452,"2","2",0,0,"3","3","4","3"
"147","FB",0,"13",0.48,0.452,"2","2",0,0,"3","3","4","3"
"147","LR",0,"13",0.48,0.452,"2","2",0,0,"3","3","4","3"
"147","LR",0,"13",0.48,0.452,"2","2",0,0,"3","3","4","3"
"147","LR",0,"13",0.48,0.452,"2","2",0,0,"3","3","4","3"
"147","LR",0,"13",0.48,0.452,"2","2",0,0,"3","3","4","3"
"148","FB",0,"25",0,1,"3","3",0,1,"1","1","1","1"
"148","FB",0,"25",0,1,"3","3",0,1,"1","1","1","1"
"148","FB",0,"25",0,1,"3","3",0,1,"1","1","1","1"
"148","FB",0,"25",0,1,"3","3",0,1,"1","1","1","1"
"148","LR",1,"25",0,1,"3","3",0,1,"1","1","1","1"
"148","LR",1,"25",0,1,"3","3",0,1,"1","1","1","1"
"148","LR",1,"25",0,1,"3","3",0,1,"1","1","1","1"
"148","LR",1,"25",0,1,"3","3",0,1,"1","1","1","1"
"149","FB",0,"13",0.494,0.495,"2","2",0,0.25,"3","3","3","3"
"149","FB",0,"13",0.494,0.495,"2","2",0,0.25,"3","3","3","3"
"149","FB",0,"13",0.494,0.495,"2","2",0,0.25,"3","3","3","3"
"149","FB",0,"13",0.494,0.495,"2","2",0,0.25,"3","3","3","3"
"149","LR",0,"13",0.494,0.495,"2","2",0,0.25,"3","3","3","3"
"149","LR",0,"13",0.494,0.495,"2","2",0,0.25,"3","3","3","3"
"149","LR",0,"13",0.494,0.495,"2","2",0,0.25,"3","3","3","3"
"149","LR",1,"13",0.494,0.495,"2","2",0,0.25,"3","3","3","3"
"150","FB",0,"25",0.027,0.994,"3","3",0,1,"1","1","1","1"
"150","FB",0,"25",0.027,0.994,"3","3",0,1,"1","1","1","1"
"150","FB",0,"25",0.027,0.994,"3","3",0,1,"1","1","1","1"
"150","FB",0,"25",0.027,0.994,"3","3",0,1,"1","1","1","1"
"150","LR",1,"25",0.027,0.994,"3","3",0,1,"1","1","1","1"
"150","LR",1,"25",0.027,0.994,"3","3",0,1,"1","1","1","1"
"150","LR",1,"25",0.027,0.994,"3","3",0,1,"1","1","1","1"
"150","LR",1,"25",0.027,0.994,"3","3",0,1,"1","1","1","1"
"151","FB",1,"1",0.956,0,"4","1",1,0,"2","2","2","2"
"151","FB",1,"1",0.956,0,"4","1",1,0,"2","2","2","2"
"151","FB",1,"1",0.956,0,"4","1",1,0,"2","2","2","2"
"151","FB",1,"1",0.956,0,"4","1",1,0,"2","2","2","2"
"151","LR",0,"1",0.956,0,"4","1",1,0,"2","2","2","2"
"151","LR",0,"1",0.956,0,"4","1",1,0,"2","2","2","2"
"151","LR",0,"1",0.956,0,"4","1",1,0,"2","2","2","2"
"151","LR",0,"1",0.956,0,"4","1",1,0,"2","2","2","2"
"152","FB",0,"25",0,0.981,"3","3",0,1,"1","1","1","1"
"152","FB",0,"25",0,0.981,"3","3",0,1,"1","1","1","1"
"152","FB",0,"25",0,0.981,"3","3",0,1,"1","1","1","1"
"152","FB",0,"25",0,0.981,"3","3",0,1,"1","1","1","1"
"152","LR",1,"25",0,0.981,"3","3",0,1,"1","1","1","1"
"152","LR",1,"25",0,0.981,"3","3",0,1,"1","1","1","1"
"152","LR",1,"25",0,0.981,"3","3",0,1,"1","1","1","1"
"152","LR",1,"25",0,0.981,"3","3",0,1,"1","1","1","1"
"153","FB",1,"1",1,0.011,"4","1",1,0,"2","2","2","2"
"153","FB",1,"1",1,0.011,"4","1",1,0,"2","2","2","2"
"153","FB",1,"1",1,0.011,"4","1",1,0,"2","2","2","2"
"153","FB",1,"1",1,0.011,"4","1",1,0,"2","2","2","2"
"153","LR",0,"1",1,0.011,"4","1",1,0,"2","2","2","2"
"153","LR",0,"1",1,0.011,"4","1",1,0,"2","2","2","2"
"153","LR",0,"1",1,0.011,"4","1",1,0,"2","2","2","2"
"153","LR",0,"1",1,0.011,"4","1",1,0,"2","2","2","2"
"154","FB",0,"13",0.524,0.471,"2","2",0.5,0.25,"5","3","4","3"
"154","FB",0,"13",0.524,0.471,"2","2",0.5,0.25,"5","3","4","3"
"154","FB",1,"13",0.524,0.471,"2","2",0.5,0.25,"5","3","4","3"
"154","FB",1,"13",0.524,0.471,"2","2",0.5,0.25,"5","3","4","3"
"154","LR",0,"13",0.524,0.471,"2","2",0.5,0.25,"5","3","4","3"
"154","LR",0,"13",0.524,0.471,"2","2",0.5,0.25,"5","3","4","3"
"154","LR",0,"13",0.524,0.471,"2","2",0.5,0.25,"5","3","4","3"
"154","LR",1,"13",0.524,0.471,"2","2",0.5,0.25,"5","3","4","3"
"155","FB",0,"25",0,0.983,"3","3",0,1,"1","1","1","1"
"155","FB",0,"25",0,0.983,"3","3",0,1,"1","1","1","1"
"155","FB",0,"25",0,0.983,"3","3",0,1,"1","1","1","1"
"155","FB",0,"25",0,0.983,"3","3",0,1,"1","1","1","1"
"155","LR",1,"25",0,0.983,"3","3",0,1,"1","1","1","1"
"155","LR",1,"25",0,0.983,"3","3",0,1,"1","1","1","1"
"155","LR",1,"25",0,0.983,"3","3",0,1,"1","1","1","1"
"155","LR",1,"25",0,0.983,"3","3",0,1,"1","1","1","1"
"156","FB",0,"13",0.423,0.625,"1","2",0.5,0.5,"3","3","4","3"
"156","FB",0,"13",0.423,0.625,"1","2",0.5,0.5,"3","3","4","3"
"156","FB",1,"13",0.423,0.625,"1","2",0.5,0.5,"3","3","4","3"
"156","FB",1,"13",0.423,0.625,"1","2",0.5,0.5,"3","3","4","3"
"156","LR",0,"13",0.423,0.625,"1","2",0.5,0.5,"3","3","4","3"
"156","LR",0,"13",0.423,0.625,"1","2",0.5,0.5,"3","3","4","3"
"156","LR",1,"13",0.423,0.625,"1","2",0.5,0.5,"3","3","4","3"
"156","LR",1,"13",0.423,0.625,"1","2",0.5,0.5,"3","3","4","3"
"157","FB",1,"1",1,0,"4","1",1,0,"2","2","2","2"
"157","FB",1,"1",1,0,"4","1",1,0,"2","2","2","2"
"157","FB",1,"1",1,0,"4","1",1,0,"2","2","2","2"
"157","FB",1,"1",1,0,"4","1",1,0,"2","2","2","2"
"157","LR",0,"1",1,0,"4","1",1,0,"2","2","2","2"
"157","LR",0,"1",1,0,"4","1",1,0,"2","2","2","2"
"157","LR",0,"1",1,0,"4","1",1,0,"2","2","2","2"
"157","LR",0,"1",1,0,"4","1",1,0,"2","2","2","2"
"158","FB",0,"25",0.072,1,"3","3",0,1,"1","1","1","1"
"158","FB",0,"25",0.072,1,"3","3",0,1,"1","1","1","1"
"158","FB",0,"25",0.072,1,"3","3",0,1,"1","1","1","1"
"158","FB",0,"25",0.072,1,"3","3",0,1,"1","1","1","1"
"158","LR",1,"25",0.072,1,"3","3",0,1,"1","1","1","1"
"158","LR",1,"25",0.072,1,"3","3",0,1,"1","1","1","1"
"158","LR",1,"25",0.072,1,"3","3",0,1,"1","1","1","1"
"158","LR",1,"25",0.072,1,"3","3",0,1,"1","1","1","1"
"159","FB",0,"13",0.558,0.373,"3","3",0,0.75,"4","1","5","1"
"159","FB",0,"13",0.558,0.373,"3","3",0,0.75,"4","1","5","1"
"159","FB",0,"13",0.558,0.373,"3","3",0,0.75,"4","1","5","1"
"159","FB",0,"13",0.558,0.373,"3","3",0,0.75,"4","1","5","1"
"159","LR",0,"13",0.558,0.373,"3","3",0,0.75,"4","1","5","1"
"159","LR",1,"13",0.558,0.373,"3","3",0,0.75,"4","1","5","1"
"159","LR",1,"13",0.558,0.373,"3","3",0,0.75,"4","1","5","1"
"159","LR",1,"13",0.558,0.373,"3","3",0,0.75,"4","1","5","1"
"160","FB",0,"13",0.509,0.507,"4","2",0.75,0.25,"5","3","6","3"
"160","FB",1,"13",0.509,0.507,"4","2",0.75,0.25,"5","3","6","3"
"160","FB",1,"13",0.509,0.507,"4","2",0.75,0.25,"5","3","6","3"
"160","FB",1,"13",0.509,0.507,"4","2",0.75,0.25,"5","3","6","3"
"160","LR",0,"13",0.509,0.507,"4","2",0.75,0.25,"5","3","6","3"
"160","LR",0,"13",0.509,0.507,"4","2",0.75,0.25,"5","3","6","3"
"160","LR",0,"13",0.509,0.507,"4","2",0.75,0.25,"5","3","6","3"
"160","LR",1,"13",0.509,0.507,"4","2",0.75,0.25,"5","3","6","3"
"161","FB",0,"13",0.396,0.529,"1","2",0.5,0.5,"3","3","4","3"
"161","FB",0,"13",0.396,0.529,"1","2",0.5,0.5,"3","3","4","3"
"161","FB",1,"13",0.396,0.529,"1","2",0.5,0.5,"3","3","4","3"
"161","FB",1,"13",0.396,0.529,"1","2",0.5,0.5,"3","3","4","3"
"161","LR",0,"13",0.396,0.529,"1","2",0.5,0.5,"3","3","4","3"
"161","LR",0,"13",0.396,0.529,"1","2",0.5,0.5,"3","3","4","3"
"161","LR",1,"13",0.396,0.529,"1","2",0.5,0.5,"3","3","4","3"
"161","LR",1,"13",0.396,0.529,"1","2",0.5,0.5,"3","3","4","3"
"162","FB",1,"13",0.53,0.49,"4","1",1,0.25,"6","2","6","3"
"162","FB",1,"13",0.53,0.49,"4","1",1,0.25,"6","2","6","3"
"162","FB",1,"13",0.53,0.49,"4","1",1,0.25,"6","2","6","3"
"162","FB",1,"13",0.53,0.49,"4","1",1,0.25,"6","2","6","3"
"162","LR",0,"13",0.53,0.49,"4","1",1,0.25,"6","2","6","3"
"162","LR",0,"13",0.53,0.49,"4","1",1,0.25,"6","2","6","3"
"162","LR",0,"13",0.53,0.49,"4","1",1,0.25,"6","2","6","3"
"162","LR",1,"13",0.53,0.49,"4","1",1,0.25,"6","2","6","3"
"163","FB",0,"13",0.47,0.505,"1","2",0.5,0.5,"3","3","4","3"
"163","FB",0,"13",0.47,0.505,"1","2",0.5,0.5,"3","3","4","3"
"163","FB",1,"13",0.47,0.505,"1","2",0.5,0.5,"3","3","4","3"
"163","FB",1,"13",0.47,0.505,"1","2",0.5,0.5,"3","3","4","3"
"163","LR",0,"13",0.47,0.505,"1","2",0.5,0.5,"3","3","4","3"
"163","LR",0,"13",0.47,0.505,"1","2",0.5,0.5,"3","3","4","3"
"163","LR",1,"13",0.47,0.505,"1","2",0.5,0.5,"3","3","4","3"
"163","LR",1,"13",0.47,0.505,"1","2",0.5,0.5,"3","3","4","3"
"164","FB",0,"1",0.993,0,"4","1",0.75,0,"6","2","6","3"
"164","FB",1,"1",0.993,0,"4","1",0.75,0,"6","2","6","3"
"164","FB",1,"1",0.993,0,"4","1",0.75,0,"6","2","6","3"
"164","FB",1,"1",0.993,0,"4","1",0.75,0,"6","2","6","3"
"164","LR",0,"1",0.993,0,"4","1",0.75,0,"6","2","6","3"
"164","LR",0,"1",0.993,0,"4","1",0.75,0,"6","2","6","3"
"164","LR",0,"1",0.993,0,"4","1",0.75,0,"6","2","6","3"
"164","LR",0,"1",0.993,0,"4","1",0.75,0,"6","2","6","3"
"165","FB",1,"1",1,0.006,"4","1",1,0,"2","2","2","2"
"165","FB",1,"1",1,0.006,"4","1",1,0,"2","2","2","2"
"165","FB",1,"1",1,0.006,"4","1",1,0,"2","2","2","2"
"165","FB",1,"1",1,0.006,"4","1",1,0,"2","2","2","2"
"165","LR",0,"1",1,0.006,"4","1",1,0,"2","2","2","2"
"165","LR",0,"1",1,0.006,"4","1",1,0,"2","2","2","2"
"165","LR",0,"1",1,0.006,"4","1",1,0,"2","2","2","2"
"165","LR",0,"1",1,0.006,"4","1",1,0,"2","2","2","2"
"166","FB",0,"13",0.557,0.471,"1","2",0.5,0.75,"3","3","3","3"
"166","FB",0,"13",0.557,0.471,"1","2",0.5,0.75,"3","3","3","3"
"166","FB",1,"13",0.557,0.471,"1","2",0.5,0.75,"3","3","3","3"
"166","FB",1,"13",0.557,0.471,"1","2",0.5,0.75,"3","3","3","3"
"166","LR",0,"13",0.557,0.471,"1","2",0.5,0.75,"3","3","3","3"
"166","LR",1,"13",0.557,0.471,"1","2",0.5,0.75,"3","3","3","3"
"166","LR",1,"13",0.557,0.471,"1","2",0.5,0.75,"3","3","3","3"
"166","LR",1,"13",0.557,0.471,"1","2",0.5,0.75,"3","3","3","3"
"167","FB",0,"13",0.486,0.495,"2","2",0.25,0.25,"3","3","4","3"
"167","FB",0,"13",0.486,0.495,"2","2",0.25,0.25,"3","3","4","3"
"167","FB",0,"13",0.486,0.495,"2","2",0.25,0.25,"3","3","4","3"
"167","FB",1,"13",0.486,0.495,"2","2",0.25,0.25,"3","3","4","3"
"167","LR",0,"13",0.486,0.495,"2","2",0.25,0.25,"3","3","4","3"
"167","LR",0,"13",0.486,0.495,"2","2",0.25,0.25,"3","3","4","3"
"167","LR",0,"13",0.486,0.495,"2","2",0.25,0.25,"3","3","4","3"
"167","LR",1,"13",0.486,0.495,"2","2",0.25,0.25,"3","3","4","3"
"168","FB",0,"25",0,1,"3","3",0,1,"1","1","1","1"
"168","FB",0,"25",0,1,"3","3",0,1,"1","1","1","1"
"168","FB",0,"25",0,1,"3","3",0,1,"1","1","1","1"
"168","FB",0,"25",0,1,"3","3",0,1,"1","1","1","1"
"168","LR",1,"25",0,1,"3","3",0,1,"1","1","1","1"
"168","LR",1,"25",0,1,"3","3",0,1,"1","1","1","1"
"168","LR",1,"25",0,1,"3","3",0,1,"1","1","1","1"
"168","LR",1,"25",0,1,"3","3",0,1,"1","1","1","1"
"169","FB",1,"1",1,0,"4","1",1,0,"2","2","2","2"
"169","FB",1,"1",1,0,"4","1",1,0,"2","2","2","2"
"169","FB",1,"1",1,0,"4","1",1,0,"2","2","2","2"
"169","FB",1,"1",1,0,"4","1",1,0,"2","2","2","2"
"169","LR",0,"1",1,0,"4","1",1,0,"2","2","2","2"
"169","LR",0,"1",1,0,"4","1",1,0,"2","2","2","2"
"169","LR",0,"1",1,0,"4","1",1,0,"2","2","2","2"
"169","LR",0,"1",1,0,"4","1",1,0,"2","2","2","2"
"170","FB",0,"25",0,1,"3","3",0,1,"1","1","1","1"
"170","FB",0,"25",0,1,"3","3",0,1,"1","1","1","1"
"170","FB",0,"25",0,1,"3","3",0,1,"1","1","1","1"
"170","FB",0,"25",0,1,"3","3",0,1,"1","1","1","1"
"170","LR",1,"25",0,1,"3","3",0,1,"1","1","1","1"
"170","LR",1,"25",0,1,"3","3",0,1,"1","1","1","1"
"170","LR",1,"25",0,1,"3","3",0,1,"1","1","1","1"
"170","LR",1,"25",0,1,"3","3",0,1,"1","1","1","1"
"171","FB",0,"25",0,1,"3","3",0,1,"1","1","1","1"
"171","FB",0,"25",0,1,"3","3",0,1,"1","1","1","1"
"171","FB",0,"25",0,1,"3","3",0,1,"1","1","1","1"
"171","FB",0,"25",0,1,"3","3",0,1,"1","1","1","1"
"171","LR",1,"25",0,1,"3","3",0,1,"1","1","1","1"
"171","LR",1,"25",0,1,"3","3",0,1,"1","1","1","1"
"171","LR",1,"25",0,1,"3","3",0,1,"1","1","1","1"
"171","LR",1,"25",0,1,"3","3",0,1,"1","1","1","1"
"172","FB",0,"25",0.003,0.951,"3","3",0,1,"1","1","1","1"
"172","FB",0,"25",0.003,0.951,"3","3",0,1,"1","1","1","1"
"172","FB",0,"25",0.003,0.951,"3","3",0,1,"1","1","1","1"
"172","FB",0,"25",0.003,0.951,"3","3",0,1,"1","1","1","1"
"172","LR",1,"25",0.003,0.951,"3","3",0,1,"1","1","1","1"
"172","LR",1,"25",0.003,0.951,"3","3",0,1,"1","1","1","1"
"172","LR",1,"25",0.003,0.951,"3","3",0,1,"1","1","1","1"
"172","LR",1,"25",0.003,0.951,"3","3",0,1,"1","1","1","1"
"173","FB",0,"13",0.515,0.521,"1","2",0.75,1,"3","3","3","3"
"173","FB",1,"13",0.515,0.521,"1","2",0.75,1,"3","3","3","3"
"173","FB",1,"13",0.515,0.521,"1","2",0.75,1,"3","3","3","3"
"173","FB",1,"13",0.515,0.521,"1","2",0.75,1,"3","3","3","3"
"173","LR",1,"13",0.515,0.521,"1","2",0.75,1,"3","3","3","3"
"173","LR",1,"13",0.515,0.521,"1","2",0.75,1,"3","3","3","3"
"173","LR",1,"13",0.515,0.521,"1","2",0.75,1,"3","3","3","3"
"173","LR",1,"13",0.515,0.521,"1","2",0.75,1,"3","3","3","3"
"174","FB",0,"13",0.418,0.472,"1","2",0.5,0.75,"3","3","3","3"
"174","FB",0,"13",0.418,0.472,"1","2",0.5,0.75,"3","3","3","3"
"174","FB",1,"13",0.418,0.472,"1","2",0.5,0.75,"3","3","3","3"
"174","FB",1,"13",0.418,0.472,"1","2",0.5,0.75,"3","3","3","3"
"174","LR",0,"13",0.418,0.472,"1","2",0.5,0.75,"3","3","3","3"
"174","LR",1,"13",0.418,0.472,"1","2",0.5,0.75,"3","3","3","3"
"174","LR",1,"13",0.418,0.472,"1","2",0.5,0.75,"3","3","3","3"
"174","LR",1,"13",0.418,0.472,"1","2",0.5,0.75,"3","3","3","3"
"175","FB",0,"13",0.465,0.451,"2","2",0.25,0.25,"3","3","4","3"
"175","FB",0,"13",0.465,0.451,"2","2",0.25,0.25,"3","3","4","3"
"175","FB",0,"13",0.465,0.451,"2","2",0.25,0.25,"3","3","4","3"
"175","FB",1,"13",0.465,0.451,"2","2",0.25,0.25,"3","3","4","3"
"175","LR",0,"13",0.465,0.451,"2","2",0.25,0.25,"3","3","4","3"
"175","LR",0,"13",0.465,0.451,"2","2",0.25,0.25,"3","3","4","3"
"175","LR",0,"13",0.465,0.451,"2","2",0.25,0.25,"3","3","4","3"
"175","LR",1,"13",0.465,0.451,"2","2",0.25,0.25,"3","3","4","3"
"176","FB",0,"25",0.004,0.903,"3","3",0,1,"1","1","1","1"
"176","FB",0,"25",0.004,0.903,"3","3",0,1,"1","1","1","1"
"176","FB",0,"25",0.004,0.903,"3","3",0,1,"1","1","1","1"
"176","FB",0,"25",0.004,0.903,"3","3",0,1,"1","1","1","1"
"176","LR",1,"25",0.004,0.903,"3","3",0,1,"1","1","1","1"
"176","LR",1,"25",0.004,0.903,"3","3",0,1,"1","1","1","1"
"176","LR",1,"25",0.004,0.903,"3","3",0,1,"1","1","1","1"
"176","LR",1,"25",0.004,0.903,"3","3",0,1,"1","1","1","1"
"177","FB",0,"13",0.475,0.447,"1","2",0.25,0.5,"3","3","3","3"
"177","FB",0,"13",0.475,0.447,"1","2",0.25,0.5,"3","3","3","3"
"177","FB",0,"13",0.475,0.447,"1","2",0.25,0.5,"3","3","3","3"
"177","FB",1,"13",0.475,0.447,"1","2",0.25,0.5,"3","3","3","3"
"177","LR",0,"13",0.475,0.447,"1","2",0.25,0.5,"3","3","3","3"
"177","LR",0,"13",0.475,0.447,"1","2",0.25,0.5,"3","3","3","3"
"177","LR",1,"13",0.475,0.447,"1","2",0.25,0.5,"3","3","3","3"
"177","LR",1,"13",0.475,0.447,"1","2",0.25,0.5,"3","3","3","3"
"178","FB",1,"1",1,0,"4","1",1,0,"2","2","2","2"
"178","FB",1,"1",1,0,"4","1",1,0,"2","2","2","2"
"178","FB",1,"1",1,0,"4","1",1,0,"2","2","2","2"
"178","FB",1,"1",1,0,"4","1",1,0,"2","2","2","2"
"178","LR",0,"1",1,0,"4","1",1,0,"2","2","2","2"
"178","LR",0,"1",1,0,"4","1",1,0,"2","2","2","2"
"178","LR",0,"1",1,0,"4","1",1,0,"2","2","2","2"
"178","LR",0,"1",1,0,"4","1",1,0,"2","2","2","2"
"179","FB",1,"1",1,0,"4","1",1,0,"2","2","2","2"
"179","FB",1,"1",1,0,"4","1",1,0,"2","2","2","2"
"179","FB",1,"1",1,0,"4","1",1,0,"2","2","2","2"
"179","FB",1,"1",1,0,"4","1",1,0,"2","2","2","2"
"179","LR",0,"1",1,0,"4","1",1,0,"2","2","2","2"
"179","LR",0,"1",1,0,"4","1",1,0,"2","2","2","2"
"179","LR",0,"1",1,0,"4","1",1,0,"2","2","2","2"
"179","LR",0,"1",1,0,"4","1",1,0,"2","2","2","2"
"180","FB",0,"25",0.071,0.967,"3","3",0,1,"1","1","1","1"
"180","FB",0,"25",0.071,0.967,"3","3",0,1,"1","1","1","1"
"180","FB",0,"25",0.071,0.967,"3","3",0,1,"1","1","1","1"
"180","FB",0,"25",0.071,0.967,"3","3",0,1,"1","1","1","1"
"180","LR",1,"25",0.071,0.967,"3","3",0,1,"1","1","1","1"
"180","LR",1,"25",0.071,0.967,"3","3",0,1,"1","1","1","1"
"180","LR",1,"25",0.071,0.967,"3","3",0,1,"1","1","1","1"
"180","LR",1,"25",0.071,0.967,"3","3",0,1,"1","1","1","1"
"181","FB",1,"1",1,0.129,"4","1",1,0.25,"6","2","6","3"
"181","FB",1,"1",1,0.129,"4","1",1,0.25,"6","2","6","3"
"181","FB",1,"1",1,0.129,"4","1",1,0.25,"6","2","6","3"
"181","FB",1,"1",1,0.129,"4","1",1,0.25,"6","2","6","3"
"181","LR",0,"1",1,0.129,"4","1",1,0.25,"6","2","6","3"
"181","LR",0,"1",1,0.129,"4","1",1,0.25,"6","2","6","3"
"181","LR",0,"1",1,0.129,"4","1",1,0.25,"6","2","6","3"
"181","LR",1,"1",1,0.129,"4","1",1,0.25,"6","2","6","3"
"182","FB",0,"25",0.026,1,"3","3",0,1,"1","1","1","1"
"182","FB",0,"25",0.026,1,"3","3",0,1,"1","1","1","1"
"182","FB",0,"25",0.026,1,"3","3",0,1,"1","1","1","1"
"182","FB",0,"25",0.026,1,"3","3",0,1,"1","1","1","1"
"182","LR",1,"25",0.026,1,"3","3",0,1,"1","1","1","1"
"182","LR",1,"25",0.026,1,"3","3",0,1,"1","1","1","1"
"182","LR",1,"25",0.026,1,"3","3",0,1,"1","1","1","1"
"182","LR",1,"25",0.026,1,"3","3",0,1,"1","1","1","1"
"183","FB",1,"1",1,0,"4","1",1,0,"2","2","2","2"
"183","FB",1,"1",1,0,"4","1",1,0,"2","2","2","2"
"183","FB",1,"1",1,0,"4","1",1,0,"2","2","2","2"
"183","FB",1,"1",1,0,"4","1",1,0,"2","2","2","2"
"183","LR",0,"1",1,0,"4","1",1,0,"2","2","2","2"
"183","LR",0,"1",1,0,"4","1",1,0,"2","2","2","2"
"183","LR",0,"1",1,0,"4","1",1,0,"2","2","2","2"
"183","LR",0,"1",1,0,"4","1",1,0,"2","2","2","2"
"184","FB",1,"1",1,0,"4","1",1,0,"2","2","2","2"
"184","FB",1,"1",1,0,"4","1",1,0,"2","2","2","2"
"184","FB",1,"1",1,0,"4","1",1,0,"2","2","2","2"
"184","FB",1,"1",1,0,"4","1",1,0,"2","2","2","2"
"184","LR",0,"1",1,0,"4","1",1,0,"2","2","2","2"
"184","LR",0,"1",1,0,"4","1",1,0,"2","2","2","2"
"184","LR",0,"1",1,0,"4","1",1,0,"2","2","2","2"
"184","LR",0,"1",1,0,"4","1",1,0,"2","2","2","2"
"185","FB",0,"13",0.49,0.637,"1","2",0.75,1,"3","3","3","3"
"185","FB",1,"13",0.49,0.637,"1","2",0.75,1,"3","3","3","3"
"185","FB",1,"13",0.49,0.637,"1","2",0.75,1,"3","3","3","3"
"185","FB",1,"13",0.49,0.637,"1","2",0.75,1,"3","3","3","3"
"185","LR",1,"13",0.49,0.637,"1","2",0.75,1,"3","3","3","3"
"185","LR",1,"13",0.49,0.637,"1","2",0.75,1,"3","3","3","3"
"185","LR",1,"13",0.49,0.637,"1","2",0.75,1,"3","3","3","3"
"185","LR",1,"13",0.49,0.637,"1","2",0.75,1,"3","3","3","3"
"186","FB",1,"1",0.978,0.037,"4","1",1,0,"2","2","2","2"
"186","FB",1,"1",0.978,0.037,"4","1",1,0,"2","2","2","2"
"186","FB",1,"1",0.978,0.037,"4","1",1,0,"2","2","2","2"
"186","FB",1,"1",0.978,0.037,"4","1",1,0,"2","2","2","2"
"186","LR",0,"1",0.978,0.037,"4","1",1,0,"2","2","2","2"
"186","LR",0,"1",0.978,0.037,"4","1",1,0,"2","2","2","2"
"186","LR",0,"1",0.978,0.037,"4","1",1,0,"2","2","2","2"
"186","LR",0,"1",0.978,0.037,"4","1",1,0,"2","2","2","2"
"187","FB",0,"13",0.504,0.472,"4","2",0.75,0.25,"5","3","6","3"
"187","FB",1,"13",0.504,0.472,"4","2",0.75,0.25,"5","3","6","3"
"187","FB",1,"13",0.504,0.472,"4","2",0.75,0.25,"5","3","6","3"
"187","FB",1,"13",0.504,0.472,"4","2",0.75,0.25,"5","3","6","3"
"187","LR",0,"13",0.504,0.472,"4","2",0.75,0.25,"5","3","6","3"
"187","LR",0,"13",0.504,0.472,"4","2",0.75,0.25,"5","3","6","3"
"187","LR",0,"13",0.504,0.472,"4","2",0.75,0.25,"5","3","6","3"
"187","LR",1,"13",0.504,0.472,"4","2",0.75,0.25,"5","3","6","3"
"188","FB",1,"1",1,0.013,"4","1",1,0.25,"6","2","6","3"
"188","FB",1,"1",1,0.013,"4","1",1,0.25,"6","2","6","3"
"188","FB",1,"1",1,0.013,"4","1",1,0.25,"6","2","6","3"
"188","FB",1,"1",1,0.013,"4","1",1,0.25,"6","2","6","3"
"188","LR",0,"1",1,0.013,"4","1",1,0.25,"6","2","6","3"
"188","LR",0,"1",1,0.013,"4","1",1,0.25,"6","2","6","3"
"188","LR",0,"1",1,0.013,"4","1",1,0.25,"6","2","6","3"
"188","LR",1,"1",1,0.013,"4","1",1,0.25,"6","2","6","3"
"189","FB",0,"13",0.442,0.549,"3","3",0,1,"1","1","1","1"
"189","FB",0,"13",0.442,0.549,"3","3",0,1,"1","1","1","1"
"189","FB",0,"13",0.442,0.549,"3","3",0,1,"1","1","1","1"
"189","FB",0,"13",0.442,0.549,"3","3",0,1,"1","1","1","1"
"189","LR",1,"13",0.442,0.549,"3","3",0,1,"1","1","1","1"
"189","LR",1,"13",0.442,0.549,"3","3",0,1,"1","1","1","1"
"189","LR",1,"13",0.442,0.549,"3","3",0,1,"1","1","1","1"
"189","LR",1,"13",0.442,0.549,"3","3",0,1,"1","1","1","1"
"190","FB",1,"1",0.972,0,"4","1",1,0,"2","2","2","2"
"190","FB",1,"1",0.972,0,"4","1",1,0,"2","2","2","2"
"190","FB",1,"1",0.972,0,"4","1",1,0,"2","2","2","2"
"190","FB",1,"1",0.972,0,"4","1",1,0,"2","2","2","2"
"190","LR",0,"1",0.972,0,"4","1",1,0,"2","2","2","2"
"190","LR",0,"1",0.972,0,"4","1",1,0,"2","2","2","2"
"190","LR",0,"1",0.972,0,"4","1",1,0,"2","2","2","2"
"190","LR",0,"1",0.972,0,"4","1",1,0,"2","2","2","2"
"191","FB",1,"1",0.954,0,"4","1",1,0,"2","2","2","2"
"191","FB",1,"1",0.954,0,"4","1",1,0,"2","2","2","2"
"191","FB",1,"1",0.954,0,"4","1",1,0,"2","2","2","2"
"191","FB",1,"1",0.954,0,"4","1",1,0,"2","2","2","2"
"191","LR",0,"1",0.954,0,"4","1",1,0,"2","2","2","2"
"191","LR",0,"1",0.954,0,"4","1",1,0,"2","2","2","2"
"191","LR",0,"1",0.954,0,"4","1",1,0,"2","2","2","2"
"191","LR",0,"1",0.954,0,"4","1",1,0,"2","2","2","2"
"192","FB",1,"1",1,0.051,"4","1",1,0.25,"6","2","6","3"
"192","FB",1,"1",1,0.051,"4","1",1,0.25,"6","2","6","3"
"192","FB",1,"1",1,0.051,"4","1",1,0.25,"6","2","6","3"
"192","FB",1,"1",1,0.051,"4","1",1,0.25,"6","2","6","3"
"192","LR",0,"1",1,0.051,"4","1",1,0.25,"6","2","6","3"
"192","LR",0,"1",1,0.051,"4","1",1,0.25,"6","2","6","3"
"192","LR",0,"1",1,0.051,"4","1",1,0.25,"6","2","6","3"
"192","LR",1,"1",1,0.051,"4","1",1,0.25,"6","2","6","3"
"193","FB",0,"13",0.474,0.521,"1","2",0.5,0.5,"3","3","4","3"
"193","FB",0,"13",0.474,0.521,"1","2",0.5,0.5,"3","3","4","3"
"193","FB",1,"13",0.474,0.521,"1","2",0.5,0.5,"3","3","4","3"
"193","FB",1,"13",0.474,0.521,"1","2",0.5,0.5,"3","3","4","3"
"193","LR",0,"13",0.474,0.521,"1","2",0.5,0.5,"3","3","4","3"
"193","LR",0,"13",0.474,0.521,"1","2",0.5,0.5,"3","3","4","3"
"193","LR",1,"13",0.474,0.521,"1","2",0.5,0.5,"3","3","4","3"
"193","LR",1,"13",0.474,0.521,"1","2",0.5,0.5,"3","3","4","3"
"194","FB",0,"13",0.533,0.468,"1","2",0.25,0.75,"4","3","3","3"
"194","FB",0,"13",0.533,0.468,"1","2",0.25,0.75,"4","3","3","3"
"194","FB",0,"13",0.533,0.468,"1","2",0.25,0.75,"4","3","3","3"
"194","FB",1,"13",0.533,0.468,"1","2",0.25,0.75,"4","3","3","3"
"194","LR",0,"13",0.533,0.468,"1","2",0.25,0.75,"4","3","3","3"
"194","LR",1,"13",0.533,0.468,"1","2",0.25,0.75,"4","3","3","3"
"194","LR",1,"13",0.533,0.468,"1","2",0.25,0.75,"4","3","3","3"
"194","LR",1,"13",0.533,0.468,"1","2",0.25,0.75,"4","3","3","3"
"195","FB",1,"1",0.994,0,"4","1",1,0,"2","2","2","2"
"195","FB",1,"1",0.994,0,"4","1",1,0,"2","2","2","2"
"195","FB",1,"1",0.994,0,"4","1",1,0,"2","2","2","2"
"195","FB",1,"1",0.994,0,"4","1",1,0,"2","2","2","2"
"195","LR",0,"1",0.994,0,"4","1",1,0,"2","2","2","2"
"195","LR",0,"1",0.994,0,"4","1",1,0,"2","2","2","2"
"195","LR",0,"1",0.994,0,"4","1",1,0,"2","2","2","2"
"195","LR",0,"1",0.994,0,"4","1",1,0,"2","2","2","2"
"196","FB",0,"25",0.063,1,"3","3",0,1,"1","1","1","1"
"196","FB",0,"25",0.063,1,"3","3",0,1,"1","1","1","1"
"196","FB",0,"25",0.063,1,"3","3",0,1,"1","1","1","1"
"196","FB",0,"25",0.063,1,"3","3",0,1,"1","1","1","1"
"196","LR",1,"25",0.063,1,"3","3",0,1,"1","1","1","1"
"196","LR",1,"25",0.063,1,"3","3",0,1,"1","1","1","1"
"196","LR",1,"25",0.063,1,"3","3",0,1,"1","1","1","1"
"196","LR",1,"25",0.063,1,"3","3",0,1,"1","1","1","1"
"197","FB",1,"1",0.975,0.081,"4","1",1,0.25,"6","2","6","3"
"197","FB",1,"1",0.975,0.081,"4","1",1,0.25,"6","2","6","3"
"197","FB",1,"1",0.975,0.081,"4","1",1,0.25,"6","2","6","3"
"197","FB",1,"1",0.975,0.081,"4","1",1,0.25,"6","2","6","3"
"197","LR",0,"1",0.975,0.081,"4","1",1,0.25,"6","2","6","3"
"197","LR",0,"1",0.975,0.081,"4","1",1,0.25,"6","2","6","3"
"197","LR",0,"1",0.975,0.081,"4","1",1,0.25,"6","2","6","3"
"197","LR",1,"1",0.975,0.081,"4","1",1,0.25,"6","2","6","3"
"198","FB",0,"1",0.98,0.09,"4","1",0.75,0,"6","2","6","3"
"198","FB",1,"1",0.98,0.09,"4","1",0.75,0,"6","2","6","3"
"198","FB",1,"1",0.98,0.09,"4","1",0.75,0,"6","2","6","3"
"198","FB",1,"1",0.98,0.09,"4","1",0.75,0,"6","2","6","3"
"198","LR",0,"1",0.98,0.09,"4","1",0.75,0,"6","2","6","3"
"198","LR",0,"1",0.98,0.09,"4","1",0.75,0,"6","2","6","3"
"198","LR",0,"1",0.98,0.09,"4","1",0.75,0,"6","2","6","3"
"198","LR",0,"1",0.98,0.09,"4","1",0.75,0,"6","2","6","3"
"199","FB",0,"13",0.547,0.454,"1","2",0.5,0.5,"3","3","4","3"
"199","FB",0,"13",0.547,0.454,"1","2",0.5,0.5,"3","3","4","3"
"199","FB",1,"13",0.547,0.454,"1","2",0.5,0.5,"3","3","4","3"
"199","FB",1,"13",0.547,0.454,"1","2",0.5,0.5,"3","3","4","3"
"199","LR",0,"13",0.547,0.454,"1","2",0.5,0.5,"3","3","4","3"
"199","LR",0,"13",0.547,0.454,"1","2",0.5,0.5,"3","3","4","3"
"199","LR",1,"13",0.547,0.454,"1","2",0.5,0.5,"3","3","4","3"
"199","LR",1,"13",0.547,0.454,"1","2",0.5,0.5,"3","3","4","3"
"200","FB",0,"25",0.045,1,"3","3",0,1,"1","1","1","1"
"200","FB",0,"25",0.045,1,"3","3",0,1,"1","1","1","1"
"200","FB",0,"25",0.045,1,"3","3",0,1,"1","1","1","1"
"200","FB",0,"25",0.045,1,"3","3",0,1,"1","1","1","1"
"200","LR",1,"25",0.045,1,"3","3",0,1,"1","1","1","1"
"200","LR",1,"25",0.045,1,"3","3",0,1,"1","1","1","1"
"200","LR",1,"25",0.045,1,"3","3",0,1,"1","1","1","1"
"200","LR",1,"25",0.045,1,"3","3",0,1,"1","1","1","1"
