"Subject","trial_type","own.cod","true_class","true_FB","true_LR","lca.class","lca.tc","fb_tend","lr_tend","glm.class","glm.tc","bbm.class","bbm.tc"
"1","FB",0,"10",0.685,1,"4","3",0.75,1,"1","1","1","1"
"1","FB",0,"10",0.685,1,"4","3",0.75,1,"1","1","1","1"
"1","FB",1,"10",0.685,1,"4","3",0.75,1,"1","1","1","1"
"1","FB",1,"10",0.685,1,"4","3",0.75,1,"1","1","1","1"
"1","FB",1,"10",0.685,1,"4","3",0.75,1,"1","1","1","1"
"1","FB",1,"10",0.685,1,"4","3",0.75,1,"1","1","1","1"
"1","FB",1,"10",0.685,1,"4","3",0.75,1,"1","1","1","1"
"1","FB",1,"10",0.685,1,"4","3",0.75,1,"1","1","1","1"
"1","LR",1,"10",0.685,1,"4","3",0.75,1,"1","1","1","1"
"1","LR",1,"10",0.685,1,"4","3",0.75,1,"1","1","1","1"
"1","LR",1,"10",0.685,1,"4","3",0.75,1,"1","1","1","1"
"1","LR",1,"10",0.685,1,"4","3",0.75,1,"1","1","1","1"
"1","LR",1,"10",0.685,1,"4","3",0.75,1,"1","1","1","1"
"1","LR",1,"10",0.685,1,"4","3",0.75,1,"1","1","1","1"
"1","LR",1,"10",0.685,1,"4","3",0.75,1,"1","1","1","1"
"1","LR",1,"10",0.685,1,"4","3",0.75,1,"1","1","1","1"
"2","FB",0,"10",0.707,0.982,"4","3",0.5,1,"1","1","1","1"
"2","FB",0,"10",0.707,0.982,"4","3",0.5,1,"1","1","1","1"
"2","FB",0,"10",0.707,0.982,"4","3",0.5,1,"1","1","1","1"
"2","FB",0,"10",0.707,0.982,"4","3",0.5,1,"1","1","1","1"
"2","FB",1,"10",0.707,0.982,"4","3",0.5,1,"1","1","1","1"
"2","FB",1,"10",0.707,0.982,"4","3",0.5,1,"1","1","1","1"
"2","FB",1,"10",0.707,0.982,"4","3",0.5,1,"1","1","1","1"
"2","FB",1,"10",0.707,0.982,"4","3",0.5,1,"1","1","1","1"
"2","LR",1,"10",0.707,0.982,"4","3",0.5,1,"1","1","1","1"
"2","LR",1,"10",0.707,0.982,"4","3",0.5,1,"1","1","1","1"
"2","LR",1,"10",0.707,0.982,"4","3",0.5,1,"1","1","1","1"
"2","LR",1,"10",0.707,0.982,"4","3",0.5,1,"1","1","1","1"
"2","LR",1,"10",0.707,0.982,"4","3",0.5,1,"1","1","1","1"
"2","LR",1,"10",0.707,0.982,"4","3",0.5,1,"1","1","1","1"
"2","LR",1,"10",0.707,0.982,"4","3",0.5,1,"1","1","1","1"
"2","LR",1,"10",0.707,0.982,"4","3",0.5,1,"1","1","1","1"
"3","FB",0,"16",0.163,0.038,"3","1",0.125,0,"2","2","2","2"
"3","FB",0,"16",0.163,0.038,"3","1",0.125,0,"2","2","2","2"
"3","FB",0,"16",0.163,0.038,"3","1",0.125,0,"2","2","2","2"
"3","FB",0,"16",0.163,0.038,"3","1",0.125,0,"2","2","2","2"
"3","FB",0,"16",0.163,0.038,"3","1",0.125,0,"2","2","2","2"
"3","FB",0,"16",0.163,0.038,"3","1",0.125,0,"2","2","2","2"
"3","FB",0,"16",0.163,0.038,"3","1",0.125,0,"2","2","2","2"
"3","FB",1,"16",0.163,0.038,"3","1",0.125,0,"2","2","2","2"
"3","LR",0,"16",0.163,0.038,"3","1",0.125,0,"2","2","2","2"
"3","LR",0,"16",0.163,0.038,"3","1",0.125,0,"2","2","2","2"
"3","LR",0,"16",0.163,0.038,"3","1",0.125,0,"2","2","2","2"
"3","LR",0,"16",0.163,0.038,"3","1",0.125,0,"2","2","2","2"
"3","LR",0,"16",0.163,0.038,"3","1",0.125,0,"2","2","2","2"
"3","LR",0,"16",0.163,0.038,"3","1",0.125,0,"2","2","2","2"
"3","LR",0,"16",0.163,0.038,"3","1",0.125,0,"2","2","2","2"
"3","LR",0,"16",0.163,0.038,"3","1",0.125,0,"2","2","2","2"
"4","FB",0,"16",0.222,0,"3","1",0.125,0,"2","2","2","2"
"4","FB",0,"16",0.222,0,"3","1",0.125,0,"2","2","2","2"
"4","FB",0,"16",0.222,0,"3","1",0.125,0,"2","2","2","2"
"4","FB",0,"16",0.222,0,"3","1",0.125,0,"2","2","2","2"
"4","FB",0,"16",0.222,0,"3","1",0.125,0,"2","2","2","2"
"4","FB",0,"16",0.222,0,"3","1",0.125,0,"2","2","2","2"
"4","FB",0,"16",0.222,0,"3","1",0.125,0,"2","2","2","2"
"4","FB",1,"16",0.222,0,"3","1",0.125,0,"2","2","2","2"
"4","LR",0,"16",0.222,0,"3","1",0.125,0,"2","2","2","2"
"4","LR",0,"16",0.222,0,"3","1",0.125,0,"2","2","2","2"
"4","LR",0,"16",0.222,0,"3","1",0.125,0,"2","2","2","2"
"4","LR",0,"16",0.222,0,"3","1",0.125,0,"2","2","2","2"
"4","LR",0,"16",0.222,0,"3","1",0.125,0,"2","2","2","2"
"4","LR",0,"16",0.222,0,"3","1",0.125,0,"2","2","2","2"
"4","LR",0,"16",0.222,0,"3","1",0.125,0,"2","2","2","2"
"4","LR",0,"16",0.222,0,"3","1",0.125,0,"2","2","2","2"
"5","FB",1,"2",0.998,0.211,"2","4",1,0.25,"3","3","3","3"
"5","FB",1,"2",0.998,0.211,"2","4",1,0.25,"3","3","3","3"
"5","FB",1,"2",0.998,0.211,"2","4",1,0.25,"3","3","3","3"
"5","FB",1,"2",0.998,0.211,"2","4",1,0.25,"3","3","3","3"
"5","FB",1,"2",0.998,0.211,"2","4",1,0.25,"3","3","3","3"
"5","FB",1,"2",0.998,0.211,"2","4",1,0.25,"3","3","3","3"
"5","FB",1,"2",0.998,0.211,"2","4",1,0.25,"3","3","3","3"
"5","FB",1,"2",0.998,0.211,"2","4",1,0.25,"3","3","3","3"
"5","LR",0,"2",0.998,0.211,"2","4",1,0.25,"3","3","3","3"
"5","LR",0,"2",0.998,0.211,"2","4",1,0.25,"3","3","3","3"
"5","LR",0,"2",0.998,0.211,"2","4",1,0.25,"3","3","3","3"
"5","LR",0,"2",0.998,0.211,"2","4",1,0.25,"3","3","3","3"
"5","LR",0,"2",0.998,0.211,"2","4",1,0.25,"3","3","3","3"
"5","LR",0,"2",0.998,0.211,"2","4",1,0.25,"3","3","3","3"
"5","LR",1,"2",0.998,0.211,"2","4",1,0.25,"3","3","3","3"
"5","LR",1,"2",0.998,0.211,"2","4",1,0.25,"3","3","3","3"
"6","FB",0,"10",0.717,0.988,"4","3",0.625,1,"1","1","1","1"
"6","FB",0,"10",0.717,0.988,"4","3",0.625,1,"1","1","1","1"
"6","FB",0,"10",0.717,0.988,"4","3",0.625,1,"1","1","1","1"
"6","FB",1,"10",0.717,0.988,"4","3",0.625,1,"1","1","1","1"
"6","FB",1,"10",0.717,0.988,"4","3",0.625,1,"1","1","1","1"
"6","FB",1,"10",0.717,0.988,"4","3",0.625,1,"1","1","1","1"
"6","FB",1,"10",0.717,0.988,"4","3",0.625,1,"1","1","1","1"
"6","FB",1,"10",0.717,0.988,"4","3",0.625,1,"1","1","1","1"
"6","LR",1,"10",0.717,0.988,"4","3",0.625,1,"1","1","1","1"
"6","LR",1,"10",0.717,0.988,"4","3",0.625,1,"1","1","1","1"
"6","LR",1,"10",0.717,0.988,"4","3",0.625,1,"1","1","1","1"
"6","LR",1,"10",0.717,0.988,"4","3",0.625,1,"1","1","1","1"
"6","LR",1,"10",0.717,0.988,"4","3",0.625,1,"1","1","1","1"
"6","LR",1,"10",0.717,0.988,"4","3",0.625,1,"1","1","1","1"
"6","LR",1,"10",0.717,0.988,"4","3",0.625,1,"1","1","1","1"
"6","LR",1,"10",0.717,0.988,"4","3",0.625,1,"1","1","1","1"
"7","FB",1,"2",1,0.169,"2","4",1,0,"3","3","3","3"
"7","FB",1,"2",1,0.169,"2","4",1,0,"3","3","3","3"
"7","FB",1,"2",1,0.169,"2","4",1,0,"3","3","3","3"
"7","FB",1,"2",1,0.169,"2","4",1,0,"3","3","3","3"
"7","FB",1,"2",1,0.169,"2","4",1,0,"3","3","3","3"
"7","FB",1,"2",1,0.169,"2","4",1,0,"3","3","3","3"
"7","FB",1,"2",1,0.169,"2","4",1,0,"3","3","3","3"
"7","FB",1,"2",1,0.169,"2","4",1,0,"3","3","3","3"
"7","LR",0,"2",1,0.169,"2","4",1,0,"3","3","3","3"
"7","LR",0,"2",1,0.169,"2","4",1,0,"3","3","3","3"
"7","LR",0,"2",1,0.169,"2","4",1,0,"3","3","3","3"
"7","LR",0,"2",1,0.169,"2","4",1,0,"3","3","3","3"
"7","LR",0,"2",1,0.169,"2","4",1,0,"3","3","3","3"
"7","LR",0,"2",1,0.169,"2","4",1,0,"3","3","3","3"
"7","LR",0,"2",1,0.169,"2","4",1,0,"3","3","3","3"
"7","LR",0,"2",1,0.169,"2","4",1,0,"3","3","3","3"
"8","FB",0,"24",0,0.766,"1","2",0,0.75,"5","4","5","4"
"8","FB",0,"24",0,0.766,"1","2",0,0.75,"5","4","5","4"
"8","FB",0,"24",0,0.766,"1","2",0,0.75,"5","4","5","4"
"8","FB",0,"24",0,0.766,"1","2",0,0.75,"5","4","5","4"
"8","FB",0,"24",0,0.766,"1","2",0,0.75,"5","4","5","4"
"8","FB",0,"24",0,0.766,"1","2",0,0.75,"5","4","5","4"
"8","FB",0,"24",0,0.766,"1","2",0,0.75,"5","4","5","4"
"8","FB",0,"24",0,0.766,"1","2",0,0.75,"5","4","5","4"
"8","LR",0,"24",0,0.766,"1","2",0,0.75,"5","4","5","4"
"8","LR",0,"24",0,0.766,"1","2",0,0.75,"5","4","5","4"
"8","LR",1,"24",0,0.766,"1","2",0,0.75,"5","4","5","4"
"8","LR",1,"24",0,0.766,"1","2",0,0.75,"5","4","5","4"
"8","LR",1,"24",0,0.766,"1","2",0,0.75,"5","4","5","4"
"8","LR",1,"24",0,0.766,"1","2",0,0.75,"5","4","5","4"
"8","LR",1,"24",0,0.766,"1","2",0,0.75,"5","4","5","4"
"8","LR",1,"24",0,0.766,"1","2",0,0.75,"5","4","5","4"
"9","FB",0,"16",0.302,0.008,"3","1",0.125,0,"2","2","2","2"
"9","FB",0,"16",0.302,0.008,"3","1",0.125,0,"2","2","2","2"
"9","FB",0,"16",0.302,0.008,"3","1",0.125,0,"2","2","2","2"
"9","FB",0,"16",0.302,0.008,"3","1",0.125,0,"2","2","2","2"
"9","FB",0,"16",0.302,0.008,"3","1",0.125,0,"2","2","2","2"
"9","FB",0,"16",0.302,0.008,"3","1",0.125,0,"2","2","2","2"
"9","FB",0,"16",0.302,0.008,"3","1",0.125,0,"2","2","2","2"
"9","FB",1,"16",0.302,0.008,"3","1",0.125,0,"2","2","2","2"
"9","LR",0,"16",0.302,0.008,"3","1",0.125,0,"2","2","2","2"
"9","LR",0,"16",0.302,0.008,"3","1",0.125,0,"2","2","2","2"
"9","LR",0,"16",0.302,0.008,"3","1",0.125,0,"2","2","2","2"
"9","LR",0,"16",0.302,0.008,"3","1",0.125,0,"2","2","2","2"
"9","LR",0,"16",0.302,0.008,"3","1",0.125,0,"2","2","2","2"
"9","LR",0,"16",0.302,0.008,"3","1",0.125,0,"2","2","2","2"
"9","LR",0,"16",0.302,0.008,"3","1",0.125,0,"2","2","2","2"
"9","LR",0,"16",0.302,0.008,"3","1",0.125,0,"2","2","2","2"
"10","FB",0,"10",0.691,1,"4","3",0.625,1,"1","1","1","1"
"10","FB",0,"10",0.691,1,"4","3",0.625,1,"1","1","1","1"
"10","FB",0,"10",0.691,1,"4","3",0.625,1,"1","1","1","1"
"10","FB",1,"10",0.691,1,"4","3",0.625,1,"1","1","1","1"
"10","FB",1,"10",0.691,1,"4","3",0.625,1,"1","1","1","1"
"10","FB",1,"10",0.691,1,"4","3",0.625,1,"1","1","1","1"
"10","FB",1,"10",0.691,1,"4","3",0.625,1,"1","1","1","1"
"10","FB",1,"10",0.691,1,"4","3",0.625,1,"1","1","1","1"
"10","LR",1,"10",0.691,1,"4","3",0.625,1,"1","1","1","1"
"10","LR",1,"10",0.691,1,"4","3",0.625,1,"1","1","1","1"
"10","LR",1,"10",0.691,1,"4","3",0.625,1,"1","1","1","1"
"10","LR",1,"10",0.691,1,"4","3",0.625,1,"1","1","1","1"
"10","LR",1,"10",0.691,1,"4","3",0.625,1,"1","1","1","1"
"10","LR",1,"10",0.691,1,"4","3",0.625,1,"1","1","1","1"
"10","LR",1,"10",0.691,1,"4","3",0.625,1,"1","1","1","1"
"10","LR",1,"10",0.691,1,"4","3",0.625,1,"1","1","1","1"
"11","FB",0,"16",0.198,0.023,"3","1",0.25,0,"2","2","2","2"
"11","FB",0,"16",0.198,0.023,"3","1",0.25,0,"2","2","2","2"
"11","FB",0,"16",0.198,0.023,"3","1",0.25,0,"2","2","2","2"
"11","FB",0,"16",0.198,0.023,"3","1",0.25,0,"2","2","2","2"
"11","FB",0,"16",0.198,0.023,"3","1",0.25,0,"2","2","2","2"
"11","FB",0,"16",0.198,0.023,"3","1",0.25,0,"2","2","2","2"
"11","FB",1,"16",0.198,0.023,"3","1",0.25,0,"2","2","2","2"
"11","FB",1,"16",0.198,0.023,"3","1",0.25,0,"2","2","2","2"
"11","LR",0,"16",0.198,0.023,"3","1",0.25,0,"2","2","2","2"
"11","LR",0,"16",0.198,0.023,"3","1",0.25,0,"2","2","2","2"
"11","LR",0,"16",0.198,0.023,"3","1",0.25,0,"2","2","2","2"
"11","LR",0,"16",0.198,0.023,"3","1",0.25,0,"2","2","2","2"
"11","LR",0,"16",0.198,0.023,"3","1",0.25,0,"2","2","2","2"
"11","LR",0,"16",0.198,0.023,"3","1",0.25,0,"2","2","2","2"
"11","LR",0,"16",0.198,0.023,"3","1",0.25,0,"2","2","2","2"
"11","LR",0,"16",0.198,0.023,"3","1",0.25,0,"2","2","2","2"
"12","FB",0,"16",0.204,0,"3","1",0.25,0,"2","2","2","2"
"12","FB",0,"16",0.204,0,"3","1",0.25,0,"2","2","2","2"
"12","FB",0,"16",0.204,0,"3","1",0.25,0,"2","2","2","2"
"12","FB",0,"16",0.204,0,"3","1",0.25,0,"2","2","2","2"
"12","FB",0,"16",0.204,0,"3","1",0.25,0,"2","2","2","2"
"12","FB",0,"16",0.204,0,"3","1",0.25,0,"2","2","2","2"
"12","FB",1,"16",0.204,0,"3","1",0.25,0,"2","2","2","2"
"12","FB",1,"16",0.204,0,"3","1",0.25,0,"2","2","2","2"
"12","LR",0,"16",0.204,0,"3","1",0.25,0,"2","2","2","2"
"12","LR",0,"16",0.204,0,"3","1",0.25,0,"2","2","2","2"
"12","LR",0,"16",0.204,0,"3","1",0.25,0,"2","2","2","2"
"12","LR",0,"16",0.204,0,"3","1",0.25,0,"2","2","2","2"
"12","LR",0,"16",0.204,0,"3","1",0.25,0,"2","2","2","2"
"12","LR",0,"16",0.204,0,"3","1",0.25,0,"2","2","2","2"
"12","LR",0,"16",0.204,0,"3","1",0.25,0,"2","2","2","2"
"12","LR",0,"16",0.204,0,"3","1",0.25,0,"2","2","2","2"
"13","FB",1,"2",1,0.264,"2","4",1,0.125,"3","3","3","3"
"13","FB",1,"2",1,0.264,"2","4",1,0.125,"3","3","3","3"
"13","FB",1,"2",1,0.264,"2","4",1,0.125,"3","3","3","3"
"13","FB",1,"2",1,0.264,"2","4",1,0.125,"3","3","3","3"
"13","FB",1,"2",1,0.264,"2","4",1,0.125,"3","3","3","3"
"13","FB",1,"2",1,0.264,"2","4",1,0.125,"3","3","3","3"
"13","FB",1,"2",1,0.264,"2","4",1,0.125,"3","3","3","3"
"13","FB",1,"2",1,0.264,"2","4",1,0.125,"3","3","3","3"
"13","LR",0,"2",1,0.264,"2","4",1,0.125,"3","3","3","3"
"13","LR",0,"2",1,0.264,"2","4",1,0.125,"3","3","3","3"
"13","LR",0,"2",1,0.264,"2","4",1,0.125,"3","3","3","3"
"13","LR",0,"2",1,0.264,"2","4",1,0.125,"3","3","3","3"
"13","LR",0,"2",1,0.264,"2","4",1,0.125,"3","3","3","3"
"13","LR",0,"2",1,0.264,"2","4",1,0.125,"3","3","3","3"
"13","LR",0,"2",1,0.264,"2","4",1,0.125,"3","3","3","3"
"13","LR",1,"2",1,0.264,"2","4",1,0.125,"3","3","3","3"
"14","FB",0,"10",0.729,1,"4","3",0.625,1,"1","1","1","1"
"14","FB",0,"10",0.729,1,"4","3",0.625,1,"1","1","1","1"
"14","FB",0,"10",0.729,1,"4","3",0.625,1,"1","1","1","1"
"14","FB",1,"10",0.729,1,"4","3",0.625,1,"1","1","1","1"
"14","FB",1,"10",0.729,1,"4","3",0.625,1,"1","1","1","1"
"14","FB",1,"10",0.729,1,"4","3",0.625,1,"1","1","1","1"
"14","FB",1,"10",0.729,1,"4","3",0.625,1,"1","1","1","1"
"14","FB",1,"10",0.729,1,"4","3",0.625,1,"1","1","1","1"
"14","LR",1,"10",0.729,1,"4","3",0.625,1,"1","1","1","1"
"14","LR",1,"10",0.729,1,"4","3",0.625,1,"1","1","1","1"
"14","LR",1,"10",0.729,1,"4","3",0.625,1,"1","1","1","1"
"14","LR",1,"10",0.729,1,"4","3",0.625,1,"1","1","1","1"
"14","LR",1,"10",0.729,1,"4","3",0.625,1,"1","1","1","1"
"14","LR",1,"10",0.729,1,"4","3",0.625,1,"1","1","1","1"
"14","LR",1,"10",0.729,1,"4","3",0.625,1,"1","1","1","1"
"14","LR",1,"10",0.729,1,"4","3",0.625,1,"1","1","1","1"
"15","FB",0,"24",0,0.762,"1","2",0,0.625,"5","4","5","4"
"15","FB",0,"24",0,0.762,"1","2",0,0.625,"5","4","5","4"
"15","FB",0,"24",0,0.762,"1","2",0,0.625,"5","4","5","4"
"15","FB",0,"24",0,0.762,"1","2",0,0.625,"5","4","5","4"
"15","FB",0,"24",0,0.762,"1","2",0,0.625,"5","4","5","4"
"15","FB",0,"24",0,0.762,"1","2",0,0.625,"5","4","5","4"
"15","FB",0,"24",0,0.762,"1","2",0,0.625,"5","4","5","4"
"15","FB",0,"24",0,0.762,"1","2",0,0.625,"5","4","5","4"
"15","LR",0,"24",0,0.762,"1","2",0,0.625,"5","4","5","4"
"15","LR",0,"24",0,0.762,"1","2",0,0.625,"5","4","5","4"
"15","LR",0,"24",0,0.762,"1","2",0,0.625,"5","4","5","4"
"15","LR",1,"24",0,0.762,"1","2",0,0.625,"5","4","5","4"
"15","LR",1,"24",0,0.762,"1","2",0,0.625,"5","4","5","4"
"15","LR",1,"24",0,0.762,"1","2",0,0.625,"5","4","5","4"
"15","LR",1,"24",0,0.762,"1","2",0,0.625,"5","4","5","4"
"15","LR",1,"24",0,0.762,"1","2",0,0.625,"5","4","5","4"
"16","FB",1,"2",0.966,0.237,"2","4",1,0.25,"3","3","3","3"
"16","FB",1,"2",0.966,0.237,"2","4",1,0.25,"3","3","3","3"
"16","FB",1,"2",0.966,0.237,"2","4",1,0.25,"3","3","3","3"
"16","FB",1,"2",0.966,0.237,"2","4",1,0.25,"3","3","3","3"
"16","FB",1,"2",0.966,0.237,"2","4",1,0.25,"3","3","3","3"
"16","FB",1,"2",0.966,0.237,"2","4",1,0.25,"3","3","3","3"
"16","FB",1,"2",0.966,0.237,"2","4",1,0.25,"3","3","3","3"
"16","FB",1,"2",0.966,0.237,"2","4",1,0.25,"3","3","3","3"
"16","LR",0,"2",0.966,0.237,"2","4",1,0.25,"3","3","3","3"
"16","LR",0,"2",0.966,0.237,"2","4",1,0.25,"3","3","3","3"
"16","LR",0,"2",0.966,0.237,"2","4",1,0.25,"3","3","3","3"
"16","LR",0,"2",0.966,0.237,"2","4",1,0.25,"3","3","3","3"
"16","LR",0,"2",0.966,0.237,"2","4",1,0.25,"3","3","3","3"
"16","LR",0,"2",0.966,0.237,"2","4",1,0.25,"3","3","3","3"
"16","LR",1,"2",0.966,0.237,"2","4",1,0.25,"3","3","3","3"
"16","LR",1,"2",0.966,0.237,"2","4",1,0.25,"3","3","3","3"
"17","FB",0,"10",0.791,0.901,"4","3",0.875,1,"1","1","1","1"
"17","FB",1,"10",0.791,0.901,"4","3",0.875,1,"1","1","1","1"
"17","FB",1,"10",0.791,0.901,"4","3",0.875,1,"1","1","1","1"
"17","FB",1,"10",0.791,0.901,"4","3",0.875,1,"1","1","1","1"
"17","FB",1,"10",0.791,0.901,"4","3",0.875,1,"1","1","1","1"
"17","FB",1,"10",0.791,0.901,"4","3",0.875,1,"1","1","1","1"
"17","FB",1,"10",0.791,0.901,"4","3",0.875,1,"1","1","1","1"
"17","FB",1,"10",0.791,0.901,"4","3",0.875,1,"1","1","1","1"
"17","LR",1,"10",0.791,0.901,"4","3",0.875,1,"1","1","1","1"
"17","LR",1,"10",0.791,0.901,"4","3",0.875,1,"1","1","1","1"
"17","LR",1,"10",0.791,0.901,"4","3",0.875,1,"1","1","1","1"
"17","LR",1,"10",0.791,0.901,"4","3",0.875,1,"1","1","1","1"
"17","LR",1,"10",0.791,0.901,"4","3",0.875,1,"1","1","1","1"
"17","LR",1,"10",0.791,0.901,"4","3",0.875,1,"1","1","1","1"
"17","LR",1,"10",0.791,0.901,"4","3",0.875,1,"1","1","1","1"
"17","LR",1,"10",0.791,0.901,"4","3",0.875,1,"1","1","1","1"
"18","FB",0,"16",0.193,0.059,"3","1",0.125,0,"2","2","2","2"
"18","FB",0,"16",0.193,0.059,"3","1",0.125,0,"2","2","2","2"
"18","FB",0,"16",0.193,0.059,"3","1",0.125,0,"2","2","2","2"
"18","FB",0,"16",0.193,0.059,"3","1",0.125,0,"2","2","2","2"
"18","FB",0,"16",0.193,0.059,"3","1",0.125,0,"2","2","2","2"
"18","FB",0,"16",0.193,0.059,"3","1",0.125,0,"2","2","2","2"
"18","FB",0,"16",0.193,0.059,"3","1",0.125,0,"2","2","2","2"
"18","FB",1,"16",0.193,0.059,"3","1",0.125,0,"2","2","2","2"
"18","LR",0,"16",0.193,0.059,"3","1",0.125,0,"2","2","2","2"
"18","LR",0,"16",0.193,0.059,"3","1",0.125,0,"2","2","2","2"
"18","LR",0,"16",0.193,0.059,"3","1",0.125,0,"2","2","2","2"
"18","LR",0,"16",0.193,0.059,"3","1",0.125,0,"2","2","2","2"
"18","LR",0,"16",0.193,0.059,"3","1",0.125,0,"2","2","2","2"
"18","LR",0,"16",0.193,0.059,"3","1",0.125,0,"2","2","2","2"
"18","LR",0,"16",0.193,0.059,"3","1",0.125,0,"2","2","2","2"
"18","LR",0,"16",0.193,0.059,"3","1",0.125,0,"2","2","2","2"
"19","FB",0,"10",0.758,0.968,"4","3",0.75,1,"1","1","1","1"
"19","FB",0,"10",0.758,0.968,"4","3",0.75,1,"1","1","1","1"
"19","FB",1,"10",0.758,0.968,"4","3",0.75,1,"1","1","1","1"
"19","FB",1,"10",0.758,0.968,"4","3",0.75,1,"1","1","1","1"
"19","FB",1,"10",0.758,0.968,"4","3",0.75,1,"1","1","1","1"
"19","FB",1,"10",0.758,0.968,"4","3",0.75,1,"1","1","1","1"
"19","FB",1,"10",0.758,0.968,"4","3",0.75,1,"1","1","1","1"
"19","FB",1,"10",0.758,0.968,"4","3",0.75,1,"1","1","1","1"
"19","LR",1,"10",0.758,0.968,"4","3",0.75,1,"1","1","1","1"
"19","LR",1,"10",0.758,0.968,"4","3",0.75,1,"1","1","1","1"
"19","LR",1,"10",0.758,0.968,"4","3",0.75,1,"1","1","1","1"
"19","LR",1,"10",0.758,0.968,"4","3",0.75,1,"1","1","1","1"
"19","LR",1,"10",0.758,0.968,"4","3",0.75,1,"1","1","1","1"
"19","LR",1,"10",0.758,0.968,"4","3",0.75,1,"1","1","1","1"
"19","LR",1,"10",0.758,0.968,"4","3",0.75,1,"1","1","1","1"
"19","LR",1,"10",0.758,0.968,"4","3",0.75,1,"1","1","1","1"
"20","FB",0,"16",0.197,0.006,"3","1",0.125,0,"2","2","2","2"
"20","FB",0,"16",0.197,0.006,"3","1",0.125,0,"2","2","2","2"
"20","FB",0,"16",0.197,0.006,"3","1",0.125,0,"2","2","2","2"
"20","FB",0,"16",0.197,0.006,"3","1",0.125,0,"2","2","2","2"
"20","FB",0,"16",0.197,0.006,"3","1",0.125,0,"2","2","2","2"
"20","FB",0,"16",0.197,0.006,"3","1",0.125,0,"2","2","2","2"
"20","FB",0,"16",0.197,0.006,"3","1",0.125,0,"2","2","2","2"
"20","FB",1,"16",0.197,0.006,"3","1",0.125,0,"2","2","2","2"
"20","LR",0,"16",0.197,0.006,"3","1",0.125,0,"2","2","2","2"
"20","LR",0,"16",0.197,0.006,"3","1",0.125,0,"2","2","2","2"
"20","LR",0,"16",0.197,0.006,"3","1",0.125,0,"2","2","2","2"
"20","LR",0,"16",0.197,0.006,"3","1",0.125,0,"2","2","2","2"
"20","LR",0,"16",0.197,0.006,"3","1",0.125,0,"2","2","2","2"
"20","LR",0,"16",0.197,0.006,"3","1",0.125,0,"2","2","2","2"
"20","LR",0,"16",0.197,0.006,"3","1",0.125,0,"2","2","2","2"
"20","LR",0,"16",0.197,0.006,"3","1",0.125,0,"2","2","2","2"
"21","FB",0,"24",0.019,0.811,"1","2",0,0.75,"5","4","5","4"
"21","FB",0,"24",0.019,0.811,"1","2",0,0.75,"5","4","5","4"
"21","FB",0,"24",0.019,0.811,"1","2",0,0.75,"5","4","5","4"
"21","FB",0,"24",0.019,0.811,"1","2",0,0.75,"5","4","5","4"
"21","FB",0,"24",0.019,0.811,"1","2",0,0.75,"5","4","5","4"
"21","FB",0,"24",0.019,0.811,"1","2",0,0.75,"5","4","5","4"
"21","FB",0,"24",0.019,0.811,"1","2",0,0.75,"5","4","5","4"
"21","FB",0,"24",0.019,0.811,"1","2",0,0.75,"5","4","5","4"
"21","LR",0,"24",0.019,0.811,"1","2",0,0.75,"5","4","5","4"
"21","LR",0,"24",0.019,0.811,"1","2",0,0.75,"5","4","5","4"
"21","LR",1,"24",0.019,0.811,"1","2",0,0.75,"5","4","5","4"
"21","LR",1,"24",0.019,0.811,"1","2",0,0.75,"5","4","5","4"
"21","LR",1,"24",0.019,0.811,"1","2",0,0.75,"5","4","5","4"
"21","LR",1,"24",0.019,0.811,"1","2",0,0.75,"5","4","5","4"
"21","LR",1,"24",0.019,0.811,"1","2",0,0.75,"5","4","5","4"
"21","LR",1,"24",0.019,0.811,"1","2",0,0.75,"5","4","5","4"
"22","FB",0,"10",0.689,1,"4","3",0.75,1,"1","1","1","1"
"22","FB",0,"10",0.689,1,"4","3",0.75,1,"1","1","1","1"
"22","FB",1,"10",0.689,1,"4","3",0.75,1,"1","1","1","1"
"22","FB",1,"10",0.689,1,"4","3",0.75,1,"1","1","1","1"
"22","FB",1,"10",0.689,1,"4","3",0.75,1,"1","1","1","1"
"22","FB",1,"10",0.689,1,"4","3",0.75,1,"1","1","1","1"
"22","FB",1,"10",0.689,1,"4","3",0.75,1,"1","1","1","1"
"22","FB",1,"10",0.689,1,"4","3",0.75,1,"1","1","1","1"
"22","LR",1,"10",0.689,1,"4","3",0.75,1,"1","1","1","1"
"22","LR",1,"10",0.689,1,"4","3",0.75,1,"1","1","1","1"
"22","LR",1,"10",0.689,1,"4","3",0.75,1,"1","1","1","1"
"22","LR",1,"10",0.689,1,"4","3",0.75,1,"1","1","1","1"
"22","LR",1,"10",0.689,1,"4","3",0.75,1,"1","1","1","1"
"22","LR",1,"10",0.689,1,"4","3",0.75,1,"1","1","1","1"
"22","LR",1,"10",0.689,1,"4","3",0.75,1,"1","1","1","1"
"22","LR",1,"10",0.689,1,"4","3",0.75,1,"1","1","1","1"
"23","FB",0,"16",0.234,0,"3","1",0.5,0,"4","2","4","2"
"23","FB",0,"16",0.234,0,"3","1",0.5,0,"4","2","4","2"
"23","FB",0,"16",0.234,0,"3","1",0.5,0,"4","2","4","2"
"23","FB",0,"16",0.234,0,"3","1",0.5,0,"4","2","4","2"
"23","FB",1,"16",0.234,0,"3","1",0.5,0,"4","2","4","2"
"23","FB",1,"16",0.234,0,"3","1",0.5,0,"4","2","4","2"
"23","FB",1,"16",0.234,0,"3","1",0.5,0,"4","2","4","2"
"23","FB",1,"16",0.234,0,"3","1",0.5,0,"4","2","4","2"
"23","LR",0,"16",0.234,0,"3","1",0.5,0,"4","2","4","2"
"23","LR",0,"16",0.234,0,"3","1",0.5,0,"4","2","4","2"
"23","LR",0,"16",0.234,0,"3","1",0.5,0,"4","2","4","2"
"23","LR",0,"16",0.234,0,"3","1",0.5,0,"4","2","4","2"
"23","LR",0,"16",0.234,0,"3","1",0.5,0,"4","2","4","2"
"23","LR",0,"16",0.234,0,"3","1",0.5,0,"4","2","4","2"
"23","LR",0,"16",0.234,0,"3","1",0.5,0,"4","2","4","2"
"23","LR",0,"16",0.234,0,"3","1",0.5,0,"4","2","4","2"
"24","FB",0,"16",0.282,0.026,"3","1",0.5,0,"4","2","4","2"
"24","FB",0,"16",0.282,0.026,"3","1",0.5,0,"4","2","4","2"
"24","FB",0,"16",0.282,0.026,"3","1",0.5,0,"4","2","4","2"
"24","FB",0,"16",0.282,0.026,"3","1",0.5,0,"4","2","4","2"
"24","FB",1,"16",0.282,0.026,"3","1",0.5,0,"4","2","4","2"
"24","FB",1,"16",0.282,0.026,"3","1",0.5,0,"4","2","4","2"
"24","FB",1,"16",0.282,0.026,"3","1",0.5,0,"4","2","4","2"
"24","FB",1,"16",0.282,0.026,"3","1",0.5,0,"4","2","4","2"
"24","LR",0,"16",0.282,0.026,"3","1",0.5,0,"4","2","4","2"
"24","LR",0,"16",0.282,0.026,"3","1",0.5,0,"4","2","4","2"
"24","LR",0,"16",0.282,0.026,"3","1",0.5,0,"4","2","4","2"
"24","LR",0,"16",0.282,0.026,"3","1",0.5,0,"4","2","4","2"
"24","LR",0,"16",0.282,0.026,"3","1",0.5,0,"4","2","4","2"
"24","LR",0,"16",0.282,0.026,"3","1",0.5,0,"4","2","4","2"
"24","LR",0,"16",0.282,0.026,"3","1",0.5,0,"4","2","4","2"
"24","LR",0,"16",0.282,0.026,"3","1",0.5,0,"4","2","4","2"
"25","FB",1,"2",1,0.259,"2","4",1,0.25,"3","3","3","3"
"25","FB",1,"2",1,0.259,"2","4",1,0.25,"3","3","3","3"
"25","FB",1,"2",1,0.259,"2","4",1,0.25,"3","3","3","3"
"25","FB",1,"2",1,0.259,"2","4",1,0.25,"3","3","3","3"
"25","FB",1,"2",1,0.259,"2","4",1,0.25,"3","3","3","3"
"25","FB",1,"2",1,0.259,"2","4",1,0.25,"3","3","3","3"
"25","FB",1,"2",1,0.259,"2","4",1,0.25,"3","3","3","3"
"25","FB",1,"2",1,0.259,"2","4",1,0.25,"3","3","3","3"
"25","LR",0,"2",1,0.259,"2","4",1,0.25,"3","3","3","3"
"25","LR",0,"2",1,0.259,"2","4",1,0.25,"3","3","3","3"
"25","LR",0,"2",1,0.259,"2","4",1,0.25,"3","3","3","3"
"25","LR",0,"2",1,0.259,"2","4",1,0.25,"3","3","3","3"
"25","LR",0,"2",1,0.259,"2","4",1,0.25,"3","3","3","3"
"25","LR",0,"2",1,0.259,"2","4",1,0.25,"3","3","3","3"
"25","LR",1,"2",1,0.259,"2","4",1,0.25,"3","3","3","3"
"25","LR",1,"2",1,0.259,"2","4",1,0.25,"3","3","3","3"
"26","FB",1,"2",1,0.276,"2","4",1,0.125,"3","3","3","3"
"26","FB",1,"2",1,0.276,"2","4",1,0.125,"3","3","3","3"
"26","FB",1,"2",1,0.276,"2","4",1,0.125,"3","3","3","3"
"26","FB",1,"2",1,0.276,"2","4",1,0.125,"3","3","3","3"
"26","FB",1,"2",1,0.276,"2","4",1,0.125,"3","3","3","3"
"26","FB",1,"2",1,0.276,"2","4",1,0.125,"3","3","3","3"
"26","FB",1,"2",1,0.276,"2","4",1,0.125,"3","3","3","3"
"26","FB",1,"2",1,0.276,"2","4",1,0.125,"3","3","3","3"
"26","LR",0,"2",1,0.276,"2","4",1,0.125,"3","3","3","3"
"26","LR",0,"2",1,0.276,"2","4",1,0.125,"3","3","3","3"
"26","LR",0,"2",1,0.276,"2","4",1,0.125,"3","3","3","3"
"26","LR",0,"2",1,0.276,"2","4",1,0.125,"3","3","3","3"
"26","LR",0,"2",1,0.276,"2","4",1,0.125,"3","3","3","3"
"26","LR",0,"2",1,0.276,"2","4",1,0.125,"3","3","3","3"
"26","LR",0,"2",1,0.276,"2","4",1,0.125,"3","3","3","3"
"26","LR",1,"2",1,0.276,"2","4",1,0.125,"3","3","3","3"
"27","FB",1,"2",1,0.254,"2","4",1,0.25,"3","3","3","3"
"27","FB",1,"2",1,0.254,"2","4",1,0.25,"3","3","3","3"
"27","FB",1,"2",1,0.254,"2","4",1,0.25,"3","3","3","3"
"27","FB",1,"2",1,0.254,"2","4",1,0.25,"3","3","3","3"
"27","FB",1,"2",1,0.254,"2","4",1,0.25,"3","3","3","3"
"27","FB",1,"2",1,0.254,"2","4",1,0.25,"3","3","3","3"
"27","FB",1,"2",1,0.254,"2","4",1,0.25,"3","3","3","3"
"27","FB",1,"2",1,0.254,"2","4",1,0.25,"3","3","3","3"
"27","LR",0,"2",1,0.254,"2","4",1,0.25,"3","3","3","3"
"27","LR",0,"2",1,0.254,"2","4",1,0.25,"3","3","3","3"
"27","LR",0,"2",1,0.254,"2","4",1,0.25,"3","3","3","3"
"27","LR",0,"2",1,0.254,"2","4",1,0.25,"3","3","3","3"
"27","LR",0,"2",1,0.254,"2","4",1,0.25,"3","3","3","3"
"27","LR",0,"2",1,0.254,"2","4",1,0.25,"3","3","3","3"
"27","LR",1,"2",1,0.254,"2","4",1,0.25,"3","3","3","3"
"27","LR",1,"2",1,0.254,"2","4",1,0.25,"3","3","3","3"
"28","FB",0,"24",0,0.715,"1","2",0,0.875,"5","4","5","4"
"28","FB",0,"24",0,0.715,"1","2",0,0.875,"5","4","5","4"
"28","FB",0,"24",0,0.715,"1","2",0,0.875,"5","4","5","4"
"28","FB",0,"24",0,0.715,"1","2",0,0.875,"5","4","5","4"
"28","FB",0,"24",0,0.715,"1","2",0,0.875,"5","4","5","4"
"28","FB",0,"24",0,0.715,"1","2",0,0.875,"5","4","5","4"
"28","FB",0,"24",0,0.715,"1","2",0,0.875,"5","4","5","4"
"28","FB",0,"24",0,0.715,"1","2",0,0.875,"5","4","5","4"
"28","LR",0,"24",0,0.715,"1","2",0,0.875,"5","4","5","4"
"28","LR",1,"24",0,0.715,"1","2",0,0.875,"5","4","5","4"
"28","LR",1,"24",0,0.715,"1","2",0,0.875,"5","4","5","4"
"28","LR",1,"24",0,0.715,"1","2",0,0.875,"5","4","5","4"
"28","LR",1,"24",0,0.715,"1","2",0,0.875,"5","4","5","4"
"28","LR",1,"24",0,0.715,"1","2",0,0.875,"5","4","5","4"
"28","LR",1,"24",0,0.715,"1","2",0,0.875,"5","4","5","4"
"28","LR",1,"24",0,0.715,"1","2",0,0.875,"5","4","5","4"
"29","FB",1,"2",1,0.286,"2","4",1,0.125,"3","3","3","3"
"29","FB",1,"2",1,0.286,"2","4",1,0.125,"3","3","3","3"
"29","FB",1,"2",1,0.286,"2","4",1,0.125,"3","3","3","3"
"29","FB",1,"2",1,0.286,"2","4",1,0.125,"3","3","3","3"
"29","FB",1,"2",1,0.286,"2","4",1,0.125,"3","3","3","3"
"29","FB",1,"2",1,0.286,"2","4",1,0.125,"3","3","3","3"
"29","FB",1,"2",1,0.286,"2","4",1,0.125,"3","3","3","3"
"29","FB",1,"2",1,0.286,"2","4",1,0.125,"3","3","3","3"
"29","LR",0,"2",1,0.286,"2","4",1,0.125,"3","3","3","3"
"29","LR",0,"2",1,0.286,"2","4",1,0.125,"3","3","3","3"
"29","LR",0,"2",1,0.286,"2","4",1,0.125,"3","3","3","3"
"29","LR",0,"2",1,0.286,"2","4",1,0.125,"3","3","3","3"
"29","LR",0,"2",1,0.286,"2","4",1,0.125,"3","3","3","3"
"29","LR",0,"2",1,0.286,"2","4",1,0.125,"3","3","3","3"
"29","LR",0,"2",1,0.286,"2","4",1,0.125,"3","3","3","3"
"29","LR",1,"2",1,0.286,"2","4",1,0.125,"3","3","3","3"
"30","FB",0,"16",0.248,0,"3","1",0.625,0,"4","2","4","2"
"30","FB",0,"16",0.248,0,"3","1",0.625,0,"4","2","4","2"
"30","FB",0,"16",0.248,0,"3","1",0.625,0,"4","2","4","2"
"30","FB",1,"16",0.248,0,"3","1",0.625,0,"4","2","4","2"
"30","FB",1,"16",0.248,0,"3","1",0.625,0,"4","2","4","2"
"30","FB",1,"16",0.248,0,"3","1",0.625,0,"4","2","4","2"
"30","FB",1,"16",0.248,0,"3","1",0.625,0,"4","2","4","2"
"30","FB",1,"16",0.248,0,"3","1",0.625,0,"4","2","4","2"
"30","LR",0,"16",0.248,0,"3","1",0.625,0,"4","2","4","2"
"30","LR",0,"16",0.248,0,"3","1",0.625,0,"4","2","4","2"
"30","LR",0,"16",0.248,0,"3","1",0.625,0,"4","2","4","2"
"30","LR",0,"16",0.248,0,"3","1",0.625,0,"4","2","4","2"
"30","LR",0,"16",0.248,0,"3","1",0.625,0,"4","2","4","2"
"30","LR",0,"16",0.248,0,"3","1",0.625,0,"4","2","4","2"
"30","LR",0,"16",0.248,0,"3","1",0.625,0,"4","2","4","2"
"30","LR",0,"16",0.248,0,"3","1",0.625,0,"4","2","4","2"
"31","FB",0,"16",0.238,0.038,"3","1",0.25,0,"2","2","2","2"
"31","FB",0,"16",0.238,0.038,"3","1",0.25,0,"2","2","2","2"
"31","FB",0,"16",0.238,0.038,"3","1",0.25,0,"2","2","2","2"
"31","FB",0,"16",0.238,0.038,"3","1",0.25,0,"2","2","2","2"
"31","FB",0,"16",0.238,0.038,"3","1",0.25,0,"2","2","2","2"
"31","FB",0,"16",0.238,0.038,"3","1",0.25,0,"2","2","2","2"
"31","FB",1,"16",0.238,0.038,"3","1",0.25,0,"2","2","2","2"
"31","FB",1,"16",0.238,0.038,"3","1",0.25,0,"2","2","2","2"
"31","LR",0,"16",0.238,0.038,"3","1",0.25,0,"2","2","2","2"
"31","LR",0,"16",0.238,0.038,"3","1",0.25,0,"2","2","2","2"
"31","LR",0,"16",0.238,0.038,"3","1",0.25,0,"2","2","2","2"
"31","LR",0,"16",0.238,0.038,"3","1",0.25,0,"2","2","2","2"
"31","LR",0,"16",0.238,0.038,"3","1",0.25,0,"2","2","2","2"
"31","LR",0,"16",0.238,0.038,"3","1",0.25,0,"2","2","2","2"
"31","LR",0,"16",0.238,0.038,"3","1",0.25,0,"2","2","2","2"
"31","LR",0,"16",0.238,0.038,"3","1",0.25,0,"2","2","2","2"
"32","FB",0,"24",0.011,0.806,"1","2",0.125,0.75,"5","4","5","4"
"32","FB",0,"24",0.011,0.806,"1","2",0.125,0.75,"5","4","5","4"
"32","FB",0,"24",0.011,0.806,"1","2",0.125,0.75,"5","4","5","4"
"32","FB",0,"24",0.011,0.806,"1","2",0.125,0.75,"5","4","5","4"
"32","FB",0,"24",0.011,0.806,"1","2",0.125,0.75,"5","4","5","4"
"32","FB",0,"24",0.011,0.806,"1","2",0.125,0.75,"5","4","5","4"
"32","FB",0,"24",0.011,0.806,"1","2",0.125,0.75,"5","4","5","4"
"32","FB",1,"24",0.011,0.806,"1","2",0.125,0.75,"5","4","5","4"
"32","LR",0,"24",0.011,0.806,"1","2",0.125,0.75,"5","4","5","4"
"32","LR",0,"24",0.011,0.806,"1","2",0.125,0.75,"5","4","5","4"
"32","LR",1,"24",0.011,0.806,"1","2",0.125,0.75,"5","4","5","4"
"32","LR",1,"24",0.011,0.806,"1","2",0.125,0.75,"5","4","5","4"
"32","LR",1,"24",0.011,0.806,"1","2",0.125,0.75,"5","4","5","4"
"32","LR",1,"24",0.011,0.806,"1","2",0.125,0.75,"5","4","5","4"
"32","LR",1,"24",0.011,0.806,"1","2",0.125,0.75,"5","4","5","4"
"32","LR",1,"24",0.011,0.806,"1","2",0.125,0.75,"5","4","5","4"
"33","FB",0,"16",0.203,0.078,"3","1",0,0.125,"5","4","5","4"
"33","FB",0,"16",0.203,0.078,"3","1",0,0.125,"5","4","5","4"
"33","FB",0,"16",0.203,0.078,"3","1",0,0.125,"5","4","5","4"
"33","FB",0,"16",0.203,0.078,"3","1",0,0.125,"5","4","5","4"
"33","FB",0,"16",0.203,0.078,"3","1",0,0.125,"5","4","5","4"
"33","FB",0,"16",0.203,0.078,"3","1",0,0.125,"5","4","5","4"
"33","FB",0,"16",0.203,0.078,"3","1",0,0.125,"5","4","5","4"
"33","FB",0,"16",0.203,0.078,"3","1",0,0.125,"5","4","5","4"
"33","LR",0,"16",0.203,0.078,"3","1",0,0.125,"5","4","5","4"
"33","LR",0,"16",0.203,0.078,"3","1",0,0.125,"5","4","5","4"
"33","LR",0,"16",0.203,0.078,"3","1",0,0.125,"5","4","5","4"
"33","LR",0,"16",0.203,0.078,"3","1",0,0.125,"5","4","5","4"
"33","LR",0,"16",0.203,0.078,"3","1",0,0.125,"5","4","5","4"
"33","LR",0,"16",0.203,0.078,"3","1",0,0.125,"5","4","5","4"
"33","LR",0,"16",0.203,0.078,"3","1",0,0.125,"5","4","5","4"
"33","LR",1,"16",0.203,0.078,"3","1",0,0.125,"5","4","5","4"
"34","FB",0,"16",0.279,0.019,"3","1",0.25,0,"2","2","2","2"
"34","FB",0,"16",0.279,0.019,"3","1",0.25,0,"2","2","2","2"
"34","FB",0,"16",0.279,0.019,"3","1",0.25,0,"2","2","2","2"
"34","FB",0,"16",0.279,0.019,"3","1",0.25,0,"2","2","2","2"
"34","FB",0,"16",0.279,0.019,"3","1",0.25,0,"2","2","2","2"
"34","FB",0,"16",0.279,0.019,"3","1",0.25,0,"2","2","2","2"
"34","FB",1,"16",0.279,0.019,"3","1",0.25,0,"2","2","2","2"
"34","FB",1,"16",0.279,0.019,"3","1",0.25,0,"2","2","2","2"
"34","LR",0,"16",0.279,0.019,"3","1",0.25,0,"2","2","2","2"
"34","LR",0,"16",0.279,0.019,"3","1",0.25,0,"2","2","2","2"
"34","LR",0,"16",0.279,0.019,"3","1",0.25,0,"2","2","2","2"
"34","LR",0,"16",0.279,0.019,"3","1",0.25,0,"2","2","2","2"
"34","LR",0,"16",0.279,0.019,"3","1",0.25,0,"2","2","2","2"
"34","LR",0,"16",0.279,0.019,"3","1",0.25,0,"2","2","2","2"
"34","LR",0,"16",0.279,0.019,"3","1",0.25,0,"2","2","2","2"
"34","LR",0,"16",0.279,0.019,"3","1",0.25,0,"2","2","2","2"
"35","FB",0,"10",0.749,0.997,"4","3",0.75,1,"1","1","1","1"
"35","FB",0,"10",0.749,0.997,"4","3",0.75,1,"1","1","1","1"
"35","FB",1,"10",0.749,0.997,"4","3",0.75,1,"1","1","1","1"
"35","FB",1,"10",0.749,0.997,"4","3",0.75,1,"1","1","1","1"
"35","FB",1,"10",0.749,0.997,"4","3",0.75,1,"1","1","1","1"
"35","FB",1,"10",0.749,0.997,"4","3",0.75,1,"1","1","1","1"
"35","FB",1,"10",0.749,0.997,"4","3",0.75,1,"1","1","1","1"
"35","FB",1,"10",0.749,0.997,"4","3",0.75,1,"1","1","1","1"
"35","LR",1,"10",0.749,0.997,"4","3",0.75,1,"1","1","1","1"
"35","LR",1,"10",0.749,0.997,"4","3",0.75,1,"1","1","1","1"
"35","LR",1,"10",0.749,0.997,"4","3",0.75,1,"1","1","1","1"
"35","LR",1,"10",0.749,0.997,"4","3",0.75,1,"1","1","1","1"
"35","LR",1,"10",0.749,0.997,"4","3",0.75,1,"1","1","1","1"
"35","LR",1,"10",0.749,0.997,"4","3",0.75,1,"1","1","1","1"
"35","LR",1,"10",0.749,0.997,"4","3",0.75,1,"1","1","1","1"
"35","LR",1,"10",0.749,0.997,"4","3",0.75,1,"1","1","1","1"
"36","FB",0,"16",0.285,0.116,"3","1",0.25,0.125,"2","2","2","2"
"36","FB",0,"16",0.285,0.116,"3","1",0.25,0.125,"2","2","2","2"
"36","FB",0,"16",0.285,0.116,"3","1",0.25,0.125,"2","2","2","2"
"36","FB",0,"16",0.285,0.116,"3","1",0.25,0.125,"2","2","2","2"
"36","FB",0,"16",0.285,0.116,"3","1",0.25,0.125,"2","2","2","2"
"36","FB",0,"16",0.285,0.116,"3","1",0.25,0.125,"2","2","2","2"
"36","FB",1,"16",0.285,0.116,"3","1",0.25,0.125,"2","2","2","2"
"36","FB",1,"16",0.285,0.116,"3","1",0.25,0.125,"2","2","2","2"
"36","LR",0,"16",0.285,0.116,"3","1",0.25,0.125,"2","2","2","2"
"36","LR",0,"16",0.285,0.116,"3","1",0.25,0.125,"2","2","2","2"
"36","LR",0,"16",0.285,0.116,"3","1",0.25,0.125,"2","2","2","2"
"36","LR",0,"16",0.285,0.116,"3","1",0.25,0.125,"2","2","2","2"
"36","LR",0,"16",0.285,0.116,"3","1",0.25,0.125,"2","2","2","2"
"36","LR",0,"16",0.285,0.116,"3","1",0.25,0.125,"2","2","2","2"
"36","LR",0,"16",0.285,0.116,"3","1",0.25,0.125,"2","2","2","2"
"36","LR",1,"16",0.285,0.116,"3","1",0.25,0.125,"2","2","2","2"
"37","FB",1,"2",0.981,0.263,"2","4",1,0.5,"3","3","3","3"
"37","FB",1,"2",0.981,0.263,"2","4",1,0.5,"3","3","3","3"
"37","FB",1,"2",0.981,0.263,"2","4",1,0.5,"3","3","3","3"
"37","FB",1,"2",0.981,0.263,"2","4",1,0.5,"3","3","3","3"
"37","FB",1,"2",0.981,0.263,"2","4",1,0.5,"3","3","3","3"
"37","FB",1,"2",0.981,0.263,"2","4",1,0.5,"3","3","3","3"
"37","FB",1,"2",0.981,0.263,"2","4",1,0.5,"3","3","3","3"
"37","FB",1,"2",0.981,0.263,"2","4",1,0.5,"3","3","3","3"
"37","LR",0,"2",0.981,0.263,"2","4",1,0.5,"3","3","3","3"
"37","LR",0,"2",0.981,0.263,"2","4",1,0.5,"3","3","3","3"
"37","LR",0,"2",0.981,0.263,"2","4",1,0.5,"3","3","3","3"
"37","LR",0,"2",0.981,0.263,"2","4",1,0.5,"3","3","3","3"
"37","LR",1,"2",0.981,0.263,"2","4",1,0.5,"3","3","3","3"
"37","LR",1,"2",0.981,0.263,"2","4",1,0.5,"3","3","3","3"
"37","LR",1,"2",0.981,0.263,"2","4",1,0.5,"3","3","3","3"
"37","LR",1,"2",0.981,0.263,"2","4",1,0.5,"3","3","3","3"
"38","FB",1,"2",1,0.203,"2","4",1,0.25,"3","3","3","3"
"38","FB",1,"2",1,0.203,"2","4",1,0.25,"3","3","3","3"
"38","FB",1,"2",1,0.203,"2","4",1,0.25,"3","3","3","3"
"38","FB",1,"2",1,0.203,"2","4",1,0.25,"3","3","3","3"
"38","FB",1,"2",1,0.203,"2","4",1,0.25,"3","3","3","3"
"38","FB",1,"2",1,0.203,"2","4",1,0.25,"3","3","3","3"
"38","FB",1,"2",1,0.203,"2","4",1,0.25,"3","3","3","3"
"38","FB",1,"2",1,0.203,"2","4",1,0.25,"3","3","3","3"
"38","LR",0,"2",1,0.203,"2","4",1,0.25,"3","3","3","3"
"38","LR",0,"2",1,0.203,"2","4",1,0.25,"3","3","3","3"
"38","LR",0,"2",1,0.203,"2","4",1,0.25,"3","3","3","3"
"38","LR",0,"2",1,0.203,"2","4",1,0.25,"3","3","3","3"
"38","LR",0,"2",1,0.203,"2","4",1,0.25,"3","3","3","3"
"38","LR",0,"2",1,0.203,"2","4",1,0.25,"3","3","3","3"
"38","LR",1,"2",1,0.203,"2","4",1,0.25,"3","3","3","3"
"38","LR",1,"2",1,0.203,"2","4",1,0.25,"3","3","3","3"
"39","FB",0,"16",0.282,0.074,"3","1",0.125,0,"2","2","2","2"
"39","FB",0,"16",0.282,0.074,"3","1",0.125,0,"2","2","2","2"
"39","FB",0,"16",0.282,0.074,"3","1",0.125,0,"2","2","2","2"
"39","FB",0,"16",0.282,0.074,"3","1",0.125,0,"2","2","2","2"
"39","FB",0,"16",0.282,0.074,"3","1",0.125,0,"2","2","2","2"
"39","FB",0,"16",0.282,0.074,"3","1",0.125,0,"2","2","2","2"
"39","FB",0,"16",0.282,0.074,"3","1",0.125,0,"2","2","2","2"
"39","FB",1,"16",0.282,0.074,"3","1",0.125,0,"2","2","2","2"
"39","LR",0,"16",0.282,0.074,"3","1",0.125,0,"2","2","2","2"
"39","LR",0,"16",0.282,0.074,"3","1",0.125,0,"2","2","2","2"
"39","LR",0,"16",0.282,0.074,"3","1",0.125,0,"2","2","2","2"
"39","LR",0,"16",0.282,0.074,"3","1",0.125,0,"2","2","2","2"
"39","LR",0,"16",0.282,0.074,"3","1",0.125,0,"2","2","2","2"
"39","LR",0,"16",0.282,0.074,"3","1",0.125,0,"2","2","2","2"
"39","LR",0,"16",0.282,0.074,"3","1",0.125,0,"2","2","2","2"
"39","LR",0,"16",0.282,0.074,"3","1",0.125,0,"2","2","2","2"
"40","FB",0,"10",0.874,0.984,"4","3",0.75,1,"1","1","1","1"
"40","FB",0,"10",0.874,0.984,"4","3",0.75,1,"1","1","1","1"
"40","FB",1,"10",0.874,0.984,"4","3",0.75,1,"1","1","1","1"
"40","FB",1,"10",0.874,0.984,"4","3",0.75,1,"1","1","1","1"
"40","FB",1,"10",0.874,0.984,"4","3",0.75,1,"1","1","1","1"
"40","FB",1,"10",0.874,0.984,"4","3",0.75,1,"1","1","1","1"
"40","FB",1,"10",0.874,0.984,"4","3",0.75,1,"1","1","1","1"
"40","FB",1,"10",0.874,0.984,"4","3",0.75,1,"1","1","1","1"
"40","LR",1,"10",0.874,0.984,"4","3",0.75,1,"1","1","1","1"
"40","LR",1,"10",0.874,0.984,"4","3",0.75,1,"1","1","1","1"
"40","LR",1,"10",0.874,0.984,"4","3",0.75,1,"1","1","1","1"
"40","LR",1,"10",0.874,0.984,"4","3",0.75,1,"1","1","1","1"
"40","LR",1,"10",0.874,0.984,"4","3",0.75,1,"1","1","1","1"
"40","LR",1,"10",0.874,0.984,"4","3",0.75,1,"1","1","1","1"
"40","LR",1,"10",0.874,0.984,"4","3",0.75,1,"1","1","1","1"
"40","LR",1,"10",0.874,0.984,"4","3",0.75,1,"1","1","1","1"
"41","FB",0,"24",0.061,0.758,"1","2",0,1,"5","4","6","4"
"41","FB",0,"24",0.061,0.758,"1","2",0,1,"5","4","6","4"
"41","FB",0,"24",0.061,0.758,"1","2",0,1,"5","4","6","4"
"41","FB",0,"24",0.061,0.758,"1","2",0,1,"5","4","6","4"
"41","FB",0,"24",0.061,0.758,"1","2",0,1,"5","4","6","4"
"41","FB",0,"24",0.061,0.758,"1","2",0,1,"5","4","6","4"
"41","FB",0,"24",0.061,0.758,"1","2",0,1,"5","4","6","4"
"41","FB",0,"24",0.061,0.758,"1","2",0,1,"5","4","6","4"
"41","LR",1,"24",0.061,0.758,"1","2",0,1,"5","4","6","4"
"41","LR",1,"24",0.061,0.758,"1","2",0,1,"5","4","6","4"
"41","LR",1,"24",0.061,0.758,"1","2",0,1,"5","4","6","4"
"41","LR",1,"24",0.061,0.758,"1","2",0,1,"5","4","6","4"
"41","LR",1,"24",0.061,0.758,"1","2",0,1,"5","4","6","4"
"41","LR",1,"24",0.061,0.758,"1","2",0,1,"5","4","6","4"
"41","LR",1,"24",0.061,0.758,"1","2",0,1,"5","4","6","4"
"41","LR",1,"24",0.061,0.758,"1","2",0,1,"5","4","6","4"
"42","FB",1,"2",1,0.316,"2","4",1,0.5,"3","3","3","3"
"42","FB",1,"2",1,0.316,"2","4",1,0.5,"3","3","3","3"
"42","FB",1,"2",1,0.316,"2","4",1,0.5,"3","3","3","3"
"42","FB",1,"2",1,0.316,"2","4",1,0.5,"3","3","3","3"
"42","FB",1,"2",1,0.316,"2","4",1,0.5,"3","3","3","3"
"42","FB",1,"2",1,0.316,"2","4",1,0.5,"3","3","3","3"
"42","FB",1,"2",1,0.316,"2","4",1,0.5,"3","3","3","3"
"42","FB",1,"2",1,0.316,"2","4",1,0.5,"3","3","3","3"
"42","LR",0,"2",1,0.316,"2","4",1,0.5,"3","3","3","3"
"42","LR",0,"2",1,0.316,"2","4",1,0.5,"3","3","3","3"
"42","LR",0,"2",1,0.316,"2","4",1,0.5,"3","3","3","3"
"42","LR",0,"2",1,0.316,"2","4",1,0.5,"3","3","3","3"
"42","LR",1,"2",1,0.316,"2","4",1,0.5,"3","3","3","3"
"42","LR",1,"2",1,0.316,"2","4",1,0.5,"3","3","3","3"
"42","LR",1,"2",1,0.316,"2","4",1,0.5,"3","3","3","3"
"42","LR",1,"2",1,0.316,"2","4",1,0.5,"3","3","3","3"
"43","FB",0,"24",0,0.775,"1","2",0,0.5,"5","4","5","4"
"43","FB",0,"24",0,0.775,"1","2",0,0.5,"5","4","5","4"
"43","FB",0,"24",0,0.775,"1","2",0,0.5,"5","4","5","4"
"43","FB",0,"24",0,0.775,"1","2",0,0.5,"5","4","5","4"
"43","FB",0,"24",0,0.775,"1","2",0,0.5,"5","4","5","4"
"43","FB",0,"24",0,0.775,"1","2",0,0.5,"5","4","5","4"
"43","FB",0,"24",0,0.775,"1","2",0,0.5,"5","4","5","4"
"43","FB",0,"24",0,0.775,"1","2",0,0.5,"5","4","5","4"
"43","LR",0,"24",0,0.775,"1","2",0,0.5,"5","4","5","4"
"43","LR",0,"24",0,0.775,"1","2",0,0.5,"5","4","5","4"
"43","LR",0,"24",0,0.775,"1","2",0,0.5,"5","4","5","4"
"43","LR",0,"24",0,0.775,"1","2",0,0.5,"5","4","5","4"
"43","LR",1,"24",0,0.775,"1","2",0,0.5,"5","4","5","4"
"43","LR",1,"24",0,0.775,"1","2",0,0.5,"5","4","5","4"
"43","LR",1,"24",0,0.775,"1","2",0,0.5,"5","4","5","4"
"43","LR",1,"24",0,0.775,"1","2",0,0.5,"5","4","5","4"
"44","FB",1,"2",1,0.218,"2","4",1,0.375,"3","3","3","3"
"44","FB",1,"2",1,0.218,"2","4",1,0.375,"3","3","3","3"
"44","FB",1,"2",1,0.218,"2","4",1,0.375,"3","3","3","3"
"44","FB",1,"2",1,0.218,"2","4",1,0.375,"3","3","3","3"
"44","FB",1,"2",1,0.218,"2","4",1,0.375,"3","3","3","3"
"44","FB",1,"2",1,0.218,"2","4",1,0.375,"3","3","3","3"
"44","FB",1,"2",1,0.218,"2","4",1,0.375,"3","3","3","3"
"44","FB",1,"2",1,0.218,"2","4",1,0.375,"3","3","3","3"
"44","LR",0,"2",1,0.218,"2","4",1,0.375,"3","3","3","3"
"44","LR",0,"2",1,0.218,"2","4",1,0.375,"3","3","3","3"
"44","LR",0,"2",1,0.218,"2","4",1,0.375,"3","3","3","3"
"44","LR",0,"2",1,0.218,"2","4",1,0.375,"3","3","3","3"
"44","LR",0,"2",1,0.218,"2","4",1,0.375,"3","3","3","3"
"44","LR",1,"2",1,0.218,"2","4",1,0.375,"3","3","3","3"
"44","LR",1,"2",1,0.218,"2","4",1,0.375,"3","3","3","3"
"44","LR",1,"2",1,0.218,"2","4",1,0.375,"3","3","3","3"
"45","FB",0,"16",0.268,0.008,"3","1",0.25,0,"2","2","2","2"
"45","FB",0,"16",0.268,0.008,"3","1",0.25,0,"2","2","2","2"
"45","FB",0,"16",0.268,0.008,"3","1",0.25,0,"2","2","2","2"
"45","FB",0,"16",0.268,0.008,"3","1",0.25,0,"2","2","2","2"
"45","FB",0,"16",0.268,0.008,"3","1",0.25,0,"2","2","2","2"
"45","FB",0,"16",0.268,0.008,"3","1",0.25,0,"2","2","2","2"
"45","FB",1,"16",0.268,0.008,"3","1",0.25,0,"2","2","2","2"
"45","FB",1,"16",0.268,0.008,"3","1",0.25,0,"2","2","2","2"
"45","LR",0,"16",0.268,0.008,"3","1",0.25,0,"2","2","2","2"
"45","LR",0,"16",0.268,0.008,"3","1",0.25,0,"2","2","2","2"
"45","LR",0,"16",0.268,0.008,"3","1",0.25,0,"2","2","2","2"
"45","LR",0,"16",0.268,0.008,"3","1",0.25,0,"2","2","2","2"
"45","LR",0,"16",0.268,0.008,"3","1",0.25,0,"2","2","2","2"
"45","LR",0,"16",0.268,0.008,"3","1",0.25,0,"2","2","2","2"
"45","LR",0,"16",0.268,0.008,"3","1",0.25,0,"2","2","2","2"
"45","LR",0,"16",0.268,0.008,"3","1",0.25,0,"2","2","2","2"
"46","FB",0,"10",0.737,1,"4","3",0.75,1,"1","1","1","1"
"46","FB",0,"10",0.737,1,"4","3",0.75,1,"1","1","1","1"
"46","FB",1,"10",0.737,1,"4","3",0.75,1,"1","1","1","1"
"46","FB",1,"10",0.737,1,"4","3",0.75,1,"1","1","1","1"
"46","FB",1,"10",0.737,1,"4","3",0.75,1,"1","1","1","1"
"46","FB",1,"10",0.737,1,"4","3",0.75,1,"1","1","1","1"
"46","FB",1,"10",0.737,1,"4","3",0.75,1,"1","1","1","1"
"46","FB",1,"10",0.737,1,"4","3",0.75,1,"1","1","1","1"
"46","LR",1,"10",0.737,1,"4","3",0.75,1,"1","1","1","1"
"46","LR",1,"10",0.737,1,"4","3",0.75,1,"1","1","1","1"
"46","LR",1,"10",0.737,1,"4","3",0.75,1,"1","1","1","1"
"46","LR",1,"10",0.737,1,"4","3",0.75,1,"1","1","1","1"
"46","LR",1,"10",0.737,1,"4","3",0.75,1,"1","1","1","1"
"46","LR",1,"10",0.737,1,"4","3",0.75,1,"1","1","1","1"
"46","LR",1,"10",0.737,1,"4","3",0.75,1,"1","1","1","1"
"46","LR",1,"10",0.737,1,"4","3",0.75,1,"1","1","1","1"
"47","FB",0,"24",0,0.691,"1","2",0,0.75,"5","4","5","4"
"47","FB",0,"24",0,0.691,"1","2",0,0.75,"5","4","5","4"
"47","FB",0,"24",0,0.691,"1","2",0,0.75,"5","4","5","4"
"47","FB",0,"24",0,0.691,"1","2",0,0.75,"5","4","5","4"
"47","FB",0,"24",0,0.691,"1","2",0,0.75,"5","4","5","4"
"47","FB",0,"24",0,0.691,"1","2",0,0.75,"5","4","5","4"
"47","FB",0,"24",0,0.691,"1","2",0,0.75,"5","4","5","4"
"47","FB",0,"24",0,0.691,"1","2",0,0.75,"5","4","5","4"
"47","LR",0,"24",0,0.691,"1","2",0,0.75,"5","4","5","4"
"47","LR",0,"24",0,0.691,"1","2",0,0.75,"5","4","5","4"
"47","LR",1,"24",0,0.691,"1","2",0,0.75,"5","4","5","4"
"47","LR",1,"24",0,0.691,"1","2",0,0.75,"5","4","5","4"
"47","LR",1,"24",0,0.691,"1","2",0,0.75,"5","4","5","4"
"47","LR",1,"24",0,0.691,"1","2",0,0.75,"5","4","5","4"
"47","LR",1,"24",0,0.691,"1","2",0,0.75,"5","4","5","4"
"47","LR",1,"24",0,0.691,"1","2",0,0.75,"5","4","5","4"
"48","FB",0,"24",0,0.739,"1","2",0,0.5,"5","4","5","4"
"48","FB",0,"24",0,0.739,"1","2",0,0.5,"5","4","5","4"
"48","FB",0,"24",0,0.739,"1","2",0,0.5,"5","4","5","4"
"48","FB",0,"24",0,0.739,"1","2",0,0.5,"5","4","5","4"
"48","FB",0,"24",0,0.739,"1","2",0,0.5,"5","4","5","4"
"48","FB",0,"24",0,0.739,"1","2",0,0.5,"5","4","5","4"
"48","FB",0,"24",0,0.739,"1","2",0,0.5,"5","4","5","4"
"48","FB",0,"24",0,0.739,"1","2",0,0.5,"5","4","5","4"
"48","LR",0,"24",0,0.739,"1","2",0,0.5,"5","4","5","4"
"48","LR",0,"24",0,0.739,"1","2",0,0.5,"5","4","5","4"
"48","LR",0,"24",0,0.739,"1","2",0,0.5,"5","4","5","4"
"48","LR",0,"24",0,0.739,"1","2",0,0.5,"5","4","5","4"
"48","LR",1,"24",0,0.739,"1","2",0,0.5,"5","4","5","4"
"48","LR",1,"24",0,0.739,"1","2",0,0.5,"5","4","5","4"
"48","LR",1,"24",0,0.739,"1","2",0,0.5,"5","4","5","4"
"48","LR",1,"24",0,0.739,"1","2",0,0.5,"5","4","5","4"
"49","FB",0,"16",0.284,0,"3","1",0.125,0,"2","2","2","2"
"49","FB",0,"16",0.284,0,"3","1",0.125,0,"2","2","2","2"
"49","FB",0,"16",0.284,0,"3","1",0.125,0,"2","2","2","2"
"49","FB",0,"16",0.284,0,"3","1",0.125,0,"2","2","2","2"
"49","FB",0,"16",0.284,0,"3","1",0.125,0,"2","2","2","2"
"49","FB",0,"16",0.284,0,"3","1",0.125,0,"2","2","2","2"
"49","FB",0,"16",0.284,0,"3","1",0.125,0,"2","2","2","2"
"49","FB",1,"16",0.284,0,"3","1",0.125,0,"2","2","2","2"
"49","LR",0,"16",0.284,0,"3","1",0.125,0,"2","2","2","2"
"49","LR",0,"16",0.284,0,"3","1",0.125,0,"2","2","2","2"
"49","LR",0,"16",0.284,0,"3","1",0.125,0,"2","2","2","2"
"49","LR",0,"16",0.284,0,"3","1",0.125,0,"2","2","2","2"
"49","LR",0,"16",0.284,0,"3","1",0.125,0,"2","2","2","2"
"49","LR",0,"16",0.284,0,"3","1",0.125,0,"2","2","2","2"
"49","LR",0,"16",0.284,0,"3","1",0.125,0,"2","2","2","2"
"49","LR",0,"16",0.284,0,"3","1",0.125,0,"2","2","2","2"
"50","FB",1,"2",1,0.229,"2","4",1,0,"3","3","3","3"
"50","FB",1,"2",1,0.229,"2","4",1,0,"3","3","3","3"
"50","FB",1,"2",1,0.229,"2","4",1,0,"3","3","3","3"
"50","FB",1,"2",1,0.229,"2","4",1,0,"3","3","3","3"
"50","FB",1,"2",1,0.229,"2","4",1,0,"3","3","3","3"
"50","FB",1,"2",1,0.229,"2","4",1,0,"3","3","3","3"
"50","FB",1,"2",1,0.229,"2","4",1,0,"3","3","3","3"
"50","FB",1,"2",1,0.229,"2","4",1,0,"3","3","3","3"
"50","LR",0,"2",1,0.229,"2","4",1,0,"3","3","3","3"
"50","LR",0,"2",1,0.229,"2","4",1,0,"3","3","3","3"
"50","LR",0,"2",1,0.229,"2","4",1,0,"3","3","3","3"
"50","LR",0,"2",1,0.229,"2","4",1,0,"3","3","3","3"
"50","LR",0,"2",1,0.229,"2","4",1,0,"3","3","3","3"
"50","LR",0,"2",1,0.229,"2","4",1,0,"3","3","3","3"
"50","LR",0,"2",1,0.229,"2","4",1,0,"3","3","3","3"
"50","LR",0,"2",1,0.229,"2","4",1,0,"3","3","3","3"
"51","FB",1,"2",0.99,0.271,"2","4",1,0.25,"3","3","3","3"
"51","FB",1,"2",0.99,0.271,"2","4",1,0.25,"3","3","3","3"
"51","FB",1,"2",0.99,0.271,"2","4",1,0.25,"3","3","3","3"
"51","FB",1,"2",0.99,0.271,"2","4",1,0.25,"3","3","3","3"
"51","FB",1,"2",0.99,0.271,"2","4",1,0.25,"3","3","3","3"
"51","FB",1,"2",0.99,0.271,"2","4",1,0.25,"3","3","3","3"
"51","FB",1,"2",0.99,0.271,"2","4",1,0.25,"3","3","3","3"
"51","FB",1,"2",0.99,0.271,"2","4",1,0.25,"3","3","3","3"
"51","LR",0,"2",0.99,0.271,"2","4",1,0.25,"3","3","3","3"
"51","LR",0,"2",0.99,0.271,"2","4",1,0.25,"3","3","3","3"
"51","LR",0,"2",0.99,0.271,"2","4",1,0.25,"3","3","3","3"
"51","LR",0,"2",0.99,0.271,"2","4",1,0.25,"3","3","3","3"
"51","LR",0,"2",0.99,0.271,"2","4",1,0.25,"3","3","3","3"
"51","LR",0,"2",0.99,0.271,"2","4",1,0.25,"3","3","3","3"
"51","LR",1,"2",0.99,0.271,"2","4",1,0.25,"3","3","3","3"
"51","LR",1,"2",0.99,0.271,"2","4",1,0.25,"3","3","3","3"
"52","FB",0,"16",0.26,0.044,"3","1",0.125,0,"2","2","2","2"
"52","FB",0,"16",0.26,0.044,"3","1",0.125,0,"2","2","2","2"
"52","FB",0,"16",0.26,0.044,"3","1",0.125,0,"2","2","2","2"
"52","FB",0,"16",0.26,0.044,"3","1",0.125,0,"2","2","2","2"
"52","FB",0,"16",0.26,0.044,"3","1",0.125,0,"2","2","2","2"
"52","FB",0,"16",0.26,0.044,"3","1",0.125,0,"2","2","2","2"
"52","FB",0,"16",0.26,0.044,"3","1",0.125,0,"2","2","2","2"
"52","FB",1,"16",0.26,0.044,"3","1",0.125,0,"2","2","2","2"
"52","LR",0,"16",0.26,0.044,"3","1",0.125,0,"2","2","2","2"
"52","LR",0,"16",0.26,0.044,"3","1",0.125,0,"2","2","2","2"
"52","LR",0,"16",0.26,0.044,"3","1",0.125,0,"2","2","2","2"
"52","LR",0,"16",0.26,0.044,"3","1",0.125,0,"2","2","2","2"
"52","LR",0,"16",0.26,0.044,"3","1",0.125,0,"2","2","2","2"
"52","LR",0,"16",0.26,0.044,"3","1",0.125,0,"2","2","2","2"
"52","LR",0,"16",0.26,0.044,"3","1",0.125,0,"2","2","2","2"
"52","LR",0,"16",0.26,0.044,"3","1",0.125,0,"2","2","2","2"
"53","FB",1,"2",0.924,0.206,"2","4",1,0.375,"3","3","3","3"
"53","FB",1,"2",0.924,0.206,"2","4",1,0.375,"3","3","3","3"
"53","FB",1,"2",0.924,0.206,"2","4",1,0.375,"3","3","3","3"
"53","FB",1,"2",0.924,0.206,"2","4",1,0.375,"3","3","3","3"
"53","FB",1,"2",0.924,0.206,"2","4",1,0.375,"3","3","3","3"
"53","FB",1,"2",0.924,0.206,"2","4",1,0.375,"3","3","3","3"
"53","FB",1,"2",0.924,0.206,"2","4",1,0.375,"3","3","3","3"
"53","FB",1,"2",0.924,0.206,"2","4",1,0.375,"3","3","3","3"
"53","LR",0,"2",0.924,0.206,"2","4",1,0.375,"3","3","3","3"
"53","LR",0,"2",0.924,0.206,"2","4",1,0.375,"3","3","3","3"
"53","LR",0,"2",0.924,0.206,"2","4",1,0.375,"3","3","3","3"
"53","LR",0,"2",0.924,0.206,"2","4",1,0.375,"3","3","3","3"
"53","LR",0,"2",0.924,0.206,"2","4",1,0.375,"3","3","3","3"
"53","LR",1,"2",0.924,0.206,"2","4",1,0.375,"3","3","3","3"
"53","LR",1,"2",0.924,0.206,"2","4",1,0.375,"3","3","3","3"
"53","LR",1,"2",0.924,0.206,"2","4",1,0.375,"3","3","3","3"
"54","FB",0,"24",0.004,0.809,"1","2",0,0.875,"5","4","5","4"
"54","FB",0,"24",0.004,0.809,"1","2",0,0.875,"5","4","5","4"
"54","FB",0,"24",0.004,0.809,"1","2",0,0.875,"5","4","5","4"
"54","FB",0,"24",0.004,0.809,"1","2",0,0.875,"5","4","5","4"
"54","FB",0,"24",0.004,0.809,"1","2",0,0.875,"5","4","5","4"
"54","FB",0,"24",0.004,0.809,"1","2",0,0.875,"5","4","5","4"
"54","FB",0,"24",0.004,0.809,"1","2",0,0.875,"5","4","5","4"
"54","FB",0,"24",0.004,0.809,"1","2",0,0.875,"5","4","5","4"
"54","LR",0,"24",0.004,0.809,"1","2",0,0.875,"5","4","5","4"
"54","LR",1,"24",0.004,0.809,"1","2",0,0.875,"5","4","5","4"
"54","LR",1,"24",0.004,0.809,"1","2",0,0.875,"5","4","5","4"
"54","LR",1,"24",0.004,0.809,"1","2",0,0.875,"5","4","5","4"
"54","LR",1,"24",0.004,0.809,"1","2",0,0.875,"5","4","5","4"
"54","LR",1,"24",0.004,0.809,"1","2",0,0.875,"5","4","5","4"
"54","LR",1,"24",0.004,0.809,"1","2",0,0.875,"5","4","5","4"
"54","LR",1,"24",0.004,0.809,"1","2",0,0.875,"5","4","5","4"
"55","FB",0,"10",0.743,0.94,"4","3",0.875,0.875,"1","1","1","1"
"55","FB",1,"10",0.743,0.94,"4","3",0.875,0.875,"1","1","1","1"
"55","FB",1,"10",0.743,0.94,"4","3",0.875,0.875,"1","1","1","1"
"55","FB",1,"10",0.743,0.94,"4","3",0.875,0.875,"1","1","1","1"
"55","FB",1,"10",0.743,0.94,"4","3",0.875,0.875,"1","1","1","1"
"55","FB",1,"10",0.743,0.94,"4","3",0.875,0.875,"1","1","1","1"
"55","FB",1,"10",0.743,0.94,"4","3",0.875,0.875,"1","1","1","1"
"55","FB",1,"10",0.743,0.94,"4","3",0.875,0.875,"1","1","1","1"
"55","LR",0,"10",0.743,0.94,"4","3",0.875,0.875,"1","1","1","1"
"55","LR",1,"10",0.743,0.94,"4","3",0.875,0.875,"1","1","1","1"
"55","LR",1,"10",0.743,0.94,"4","3",0.875,0.875,"1","1","1","1"
"55","LR",1,"10",0.743,0.94,"4","3",0.875,0.875,"1","1","1","1"
"55","LR",1,"10",0.743,0.94,"4","3",0.875,0.875,"1","1","1","1"
"55","LR",1,"10",0.743,0.94,"4","3",0.875,0.875,"1","1","1","1"
"55","LR",1,"10",0.743,0.94,"4","3",0.875,0.875,"1","1","1","1"
"55","LR",1,"10",0.743,0.94,"4","3",0.875,0.875,"1","1","1","1"
"56","FB",0,"16",0.26,0.022,"3","1",0.125,0,"2","2","2","2"
"56","FB",0,"16",0.26,0.022,"3","1",0.125,0,"2","2","2","2"
"56","FB",0,"16",0.26,0.022,"3","1",0.125,0,"2","2","2","2"
"56","FB",0,"16",0.26,0.022,"3","1",0.125,0,"2","2","2","2"
"56","FB",0,"16",0.26,0.022,"3","1",0.125,0,"2","2","2","2"
"56","FB",0,"16",0.26,0.022,"3","1",0.125,0,"2","2","2","2"
"56","FB",0,"16",0.26,0.022,"3","1",0.125,0,"2","2","2","2"
"56","FB",1,"16",0.26,0.022,"3","1",0.125,0,"2","2","2","2"
"56","LR",0,"16",0.26,0.022,"3","1",0.125,0,"2","2","2","2"
"56","LR",0,"16",0.26,0.022,"3","1",0.125,0,"2","2","2","2"
"56","LR",0,"16",0.26,0.022,"3","1",0.125,0,"2","2","2","2"
"56","LR",0,"16",0.26,0.022,"3","1",0.125,0,"2","2","2","2"
"56","LR",0,"16",0.26,0.022,"3","1",0.125,0,"2","2","2","2"
"56","LR",0,"16",0.26,0.022,"3","1",0.125,0,"2","2","2","2"
"56","LR",0,"16",0.26,0.022,"3","1",0.125,0,"2","2","2","2"
"56","LR",0,"16",0.26,0.022,"3","1",0.125,0,"2","2","2","2"
"57","FB",0,"2",0.957,0.275,"2","4",0.75,0.25,"4","2","4","3"
"57","FB",0,"2",0.957,0.275,"2","4",0.75,0.25,"4","2","4","3"
"57","FB",1,"2",0.957,0.275,"2","4",0.75,0.25,"4","2","4","3"
"57","FB",1,"2",0.957,0.275,"2","4",0.75,0.25,"4","2","4","3"
"57","FB",1,"2",0.957,0.275,"2","4",0.75,0.25,"4","2","4","3"
"57","FB",1,"2",0.957,0.275,"2","4",0.75,0.25,"4","2","4","3"
"57","FB",1,"2",0.957,0.275,"2","4",0.75,0.25,"4","2","4","3"
"57","FB",1,"2",0.957,0.275,"2","4",0.75,0.25,"4","2","4","3"
"57","LR",0,"2",0.957,0.275,"2","4",0.75,0.25,"4","2","4","3"
"57","LR",0,"2",0.957,0.275,"2","4",0.75,0.25,"4","2","4","3"
"57","LR",0,"2",0.957,0.275,"2","4",0.75,0.25,"4","2","4","3"
"57","LR",0,"2",0.957,0.275,"2","4",0.75,0.25,"4","2","4","3"
"57","LR",0,"2",0.957,0.275,"2","4",0.75,0.25,"4","2","4","3"
"57","LR",0,"2",0.957,0.275,"2","4",0.75,0.25,"4","2","4","3"
"57","LR",1,"2",0.957,0.275,"2","4",0.75,0.25,"4","2","4","3"
"57","LR",1,"2",0.957,0.275,"2","4",0.75,0.25,"4","2","4","3"
"58","FB",0,"10",0.733,0.976,"4","3",0.75,1,"1","1","1","1"
"58","FB",0,"10",0.733,0.976,"4","3",0.75,1,"1","1","1","1"
"58","FB",1,"10",0.733,0.976,"4","3",0.75,1,"1","1","1","1"
"58","FB",1,"10",0.733,0.976,"4","3",0.75,1,"1","1","1","1"
"58","FB",1,"10",0.733,0.976,"4","3",0.75,1,"1","1","1","1"
"58","FB",1,"10",0.733,0.976,"4","3",0.75,1,"1","1","1","1"
"58","FB",1,"10",0.733,0.976,"4","3",0.75,1,"1","1","1","1"
"58","FB",1,"10",0.733,0.976,"4","3",0.75,1,"1","1","1","1"
"58","LR",1,"10",0.733,0.976,"4","3",0.75,1,"1","1","1","1"
"58","LR",1,"10",0.733,0.976,"4","3",0.75,1,"1","1","1","1"
"58","LR",1,"10",0.733,0.976,"4","3",0.75,1,"1","1","1","1"
"58","LR",1,"10",0.733,0.976,"4","3",0.75,1,"1","1","1","1"
"58","LR",1,"10",0.733,0.976,"4","3",0.75,1,"1","1","1","1"
"58","LR",1,"10",0.733,0.976,"4","3",0.75,1,"1","1","1","1"
"58","LR",1,"10",0.733,0.976,"4","3",0.75,1,"1","1","1","1"
"58","LR",1,"10",0.733,0.976,"4","3",0.75,1,"1","1","1","1"
"59","FB",0,"10",0.822,1,"4","3",0.75,1,"1","1","1","1"
"59","FB",0,"10",0.822,1,"4","3",0.75,1,"1","1","1","1"
"59","FB",1,"10",0.822,1,"4","3",0.75,1,"1","1","1","1"
"59","FB",1,"10",0.822,1,"4","3",0.75,1,"1","1","1","1"
"59","FB",1,"10",0.822,1,"4","3",0.75,1,"1","1","1","1"
"59","FB",1,"10",0.822,1,"4","3",0.75,1,"1","1","1","1"
"59","FB",1,"10",0.822,1,"4","3",0.75,1,"1","1","1","1"
"59","FB",1,"10",0.822,1,"4","3",0.75,1,"1","1","1","1"
"59","LR",1,"10",0.822,1,"4","3",0.75,1,"1","1","1","1"
"59","LR",1,"10",0.822,1,"4","3",0.75,1,"1","1","1","1"
"59","LR",1,"10",0.822,1,"4","3",0.75,1,"1","1","1","1"
"59","LR",1,"10",0.822,1,"4","3",0.75,1,"1","1","1","1"
"59","LR",1,"10",0.822,1,"4","3",0.75,1,"1","1","1","1"
"59","LR",1,"10",0.822,1,"4","3",0.75,1,"1","1","1","1"
"59","LR",1,"10",0.822,1,"4","3",0.75,1,"1","1","1","1"
"59","LR",1,"10",0.822,1,"4","3",0.75,1,"1","1","1","1"
"60","FB",0,"10",0.745,0.989,"4","3",0.875,1,"1","1","1","1"
"60","FB",1,"10",0.745,0.989,"4","3",0.875,1,"1","1","1","1"
"60","FB",1,"10",0.745,0.989,"4","3",0.875,1,"1","1","1","1"
"60","FB",1,"10",0.745,0.989,"4","3",0.875,1,"1","1","1","1"
"60","FB",1,"10",0.745,0.989,"4","3",0.875,1,"1","1","1","1"
"60","FB",1,"10",0.745,0.989,"4","3",0.875,1,"1","1","1","1"
"60","FB",1,"10",0.745,0.989,"4","3",0.875,1,"1","1","1","1"
"60","FB",1,"10",0.745,0.989,"4","3",0.875,1,"1","1","1","1"
"60","LR",1,"10",0.745,0.989,"4","3",0.875,1,"1","1","1","1"
"60","LR",1,"10",0.745,0.989,"4","3",0.875,1,"1","1","1","1"
"60","LR",1,"10",0.745,0.989,"4","3",0.875,1,"1","1","1","1"
"60","LR",1,"10",0.745,0.989,"4","3",0.875,1,"1","1","1","1"
"60","LR",1,"10",0.745,0.989,"4","3",0.875,1,"1","1","1","1"
"60","LR",1,"10",0.745,0.989,"4","3",0.875,1,"1","1","1","1"
"60","LR",1,"10",0.745,0.989,"4","3",0.875,1,"1","1","1","1"
"60","LR",1,"10",0.745,0.989,"4","3",0.875,1,"1","1","1","1"
"61","FB",0,"24",0.1,0.653,"1","2",0,0.5,"5","4","5","4"
"61","FB",0,"24",0.1,0.653,"1","2",0,0.5,"5","4","5","4"
"61","FB",0,"24",0.1,0.653,"1","2",0,0.5,"5","4","5","4"
"61","FB",0,"24",0.1,0.653,"1","2",0,0.5,"5","4","5","4"
"61","FB",0,"24",0.1,0.653,"1","2",0,0.5,"5","4","5","4"
"61","FB",0,"24",0.1,0.653,"1","2",0,0.5,"5","4","5","4"
"61","FB",0,"24",0.1,0.653,"1","2",0,0.5,"5","4","5","4"
"61","FB",0,"24",0.1,0.653,"1","2",0,0.5,"5","4","5","4"
"61","LR",0,"24",0.1,0.653,"1","2",0,0.5,"5","4","5","4"
"61","LR",0,"24",0.1,0.653,"1","2",0,0.5,"5","4","5","4"
"61","LR",0,"24",0.1,0.653,"1","2",0,0.5,"5","4","5","4"
"61","LR",0,"24",0.1,0.653,"1","2",0,0.5,"5","4","5","4"
"61","LR",1,"24",0.1,0.653,"1","2",0,0.5,"5","4","5","4"
"61","LR",1,"24",0.1,0.653,"1","2",0,0.5,"5","4","5","4"
"61","LR",1,"24",0.1,0.653,"1","2",0,0.5,"5","4","5","4"
"61","LR",1,"24",0.1,0.653,"1","2",0,0.5,"5","4","5","4"
"62","FB",0,"10",0.715,0.984,"4","3",0.5,1,"1","1","1","1"
"62","FB",0,"10",0.715,0.984,"4","3",0.5,1,"1","1","1","1"
"62","FB",0,"10",0.715,0.984,"4","3",0.5,1,"1","1","1","1"
"62","FB",0,"10",0.715,0.984,"4","3",0.5,1,"1","1","1","1"
"62","FB",1,"10",0.715,0.984,"4","3",0.5,1,"1","1","1","1"
"62","FB",1,"10",0.715,0.984,"4","3",0.5,1,"1","1","1","1"
"62","FB",1,"10",0.715,0.984,"4","3",0.5,1,"1","1","1","1"
"62","FB",1,"10",0.715,0.984,"4","3",0.5,1,"1","1","1","1"
"62","LR",1,"10",0.715,0.984,"4","3",0.5,1,"1","1","1","1"
"62","LR",1,"10",0.715,0.984,"4","3",0.5,1,"1","1","1","1"
"62","LR",1,"10",0.715,0.984,"4","3",0.5,1,"1","1","1","1"
"62","LR",1,"10",0.715,0.984,"4","3",0.5,1,"1","1","1","1"
"62","LR",1,"10",0.715,0.984,"4","3",0.5,1,"1","1","1","1"
"62","LR",1,"10",0.715,0.984,"4","3",0.5,1,"1","1","1","1"
"62","LR",1,"10",0.715,0.984,"4","3",0.5,1,"1","1","1","1"
"62","LR",1,"10",0.715,0.984,"4","3",0.5,1,"1","1","1","1"
"63","FB",0,"10",0.837,0.988,"4","3",0.875,1,"1","1","1","1"
"63","FB",1,"10",0.837,0.988,"4","3",0.875,1,"1","1","1","1"
"63","FB",1,"10",0.837,0.988,"4","3",0.875,1,"1","1","1","1"
"63","FB",1,"10",0.837,0.988,"4","3",0.875,1,"1","1","1","1"
"63","FB",1,"10",0.837,0.988,"4","3",0.875,1,"1","1","1","1"
"63","FB",1,"10",0.837,0.988,"4","3",0.875,1,"1","1","1","1"
"63","FB",1,"10",0.837,0.988,"4","3",0.875,1,"1","1","1","1"
"63","FB",1,"10",0.837,0.988,"4","3",0.875,1,"1","1","1","1"
"63","LR",1,"10",0.837,0.988,"4","3",0.875,1,"1","1","1","1"
"63","LR",1,"10",0.837,0.988,"4","3",0.875,1,"1","1","1","1"
"63","LR",1,"10",0.837,0.988,"4","3",0.875,1,"1","1","1","1"
"63","LR",1,"10",0.837,0.988,"4","3",0.875,1,"1","1","1","1"
"63","LR",1,"10",0.837,0.988,"4","3",0.875,1,"1","1","1","1"
"63","LR",1,"10",0.837,0.988,"4","3",0.875,1,"1","1","1","1"
"63","LR",1,"10",0.837,0.988,"4","3",0.875,1,"1","1","1","1"
"63","LR",1,"10",0.837,0.988,"4","3",0.875,1,"1","1","1","1"
"64","FB",0,"10",0.758,0.865,"4","3",0.75,1,"1","1","1","1"
"64","FB",0,"10",0.758,0.865,"4","3",0.75,1,"1","1","1","1"
"64","FB",1,"10",0.758,0.865,"4","3",0.75,1,"1","1","1","1"
"64","FB",1,"10",0.758,0.865,"4","3",0.75,1,"1","1","1","1"
"64","FB",1,"10",0.758,0.865,"4","3",0.75,1,"1","1","1","1"
"64","FB",1,"10",0.758,0.865,"4","3",0.75,1,"1","1","1","1"
"64","FB",1,"10",0.758,0.865,"4","3",0.75,1,"1","1","1","1"
"64","FB",1,"10",0.758,0.865,"4","3",0.75,1,"1","1","1","1"
"64","LR",1,"10",0.758,0.865,"4","3",0.75,1,"1","1","1","1"
"64","LR",1,"10",0.758,0.865,"4","3",0.75,1,"1","1","1","1"
"64","LR",1,"10",0.758,0.865,"4","3",0.75,1,"1","1","1","1"
"64","LR",1,"10",0.758,0.865,"4","3",0.75,1,"1","1","1","1"
"64","LR",1,"10",0.758,0.865,"4","3",0.75,1,"1","1","1","1"
"64","LR",1,"10",0.758,0.865,"4","3",0.75,1,"1","1","1","1"
"64","LR",1,"10",0.758,0.865,"4","3",0.75,1,"1","1","1","1"
"64","LR",1,"10",0.758,0.865,"4","3",0.75,1,"1","1","1","1"
"65","FB",1,"2",0.979,0.169,"2","4",1,0.25,"3","3","3","3"
"65","FB",1,"2",0.979,0.169,"2","4",1,0.25,"3","3","3","3"
"65","FB",1,"2",0.979,0.169,"2","4",1,0.25,"3","3","3","3"
"65","FB",1,"2",0.979,0.169,"2","4",1,0.25,"3","3","3","3"
"65","FB",1,"2",0.979,0.169,"2","4",1,0.25,"3","3","3","3"
"65","FB",1,"2",0.979,0.169,"2","4",1,0.25,"3","3","3","3"
"65","FB",1,"2",0.979,0.169,"2","4",1,0.25,"3","3","3","3"
"65","FB",1,"2",0.979,0.169,"2","4",1,0.25,"3","3","3","3"
"65","LR",0,"2",0.979,0.169,"2","4",1,0.25,"3","3","3","3"
"65","LR",0,"2",0.979,0.169,"2","4",1,0.25,"3","3","3","3"
"65","LR",0,"2",0.979,0.169,"2","4",1,0.25,"3","3","3","3"
"65","LR",0,"2",0.979,0.169,"2","4",1,0.25,"3","3","3","3"
"65","LR",0,"2",0.979,0.169,"2","4",1,0.25,"3","3","3","3"
"65","LR",0,"2",0.979,0.169,"2","4",1,0.25,"3","3","3","3"
"65","LR",1,"2",0.979,0.169,"2","4",1,0.25,"3","3","3","3"
"65","LR",1,"2",0.979,0.169,"2","4",1,0.25,"3","3","3","3"
"66","FB",0,"10",0.744,0.951,"4","3",0.375,1,"1","1","1","1"
"66","FB",0,"10",0.744,0.951,"4","3",0.375,1,"1","1","1","1"
"66","FB",0,"10",0.744,0.951,"4","3",0.375,1,"1","1","1","1"
"66","FB",0,"10",0.744,0.951,"4","3",0.375,1,"1","1","1","1"
"66","FB",0,"10",0.744,0.951,"4","3",0.375,1,"1","1","1","1"
"66","FB",1,"10",0.744,0.951,"4","3",0.375,1,"1","1","1","1"
"66","FB",1,"10",0.744,0.951,"4","3",0.375,1,"1","1","1","1"
"66","FB",1,"10",0.744,0.951,"4","3",0.375,1,"1","1","1","1"
"66","LR",1,"10",0.744,0.951,"4","3",0.375,1,"1","1","1","1"
"66","LR",1,"10",0.744,0.951,"4","3",0.375,1,"1","1","1","1"
"66","LR",1,"10",0.744,0.951,"4","3",0.375,1,"1","1","1","1"
"66","LR",1,"10",0.744,0.951,"4","3",0.375,1,"1","1","1","1"
"66","LR",1,"10",0.744,0.951,"4","3",0.375,1,"1","1","1","1"
"66","LR",1,"10",0.744,0.951,"4","3",0.375,1,"1","1","1","1"
"66","LR",1,"10",0.744,0.951,"4","3",0.375,1,"1","1","1","1"
"66","LR",1,"10",0.744,0.951,"4","3",0.375,1,"1","1","1","1"
"67","FB",0,"24",0,0.759,"1","2",0,0.875,"5","4","5","4"
"67","FB",0,"24",0,0.759,"1","2",0,0.875,"5","4","5","4"
"67","FB",0,"24",0,0.759,"1","2",0,0.875,"5","4","5","4"
"67","FB",0,"24",0,0.759,"1","2",0,0.875,"5","4","5","4"
"67","FB",0,"24",0,0.759,"1","2",0,0.875,"5","4","5","4"
"67","FB",0,"24",0,0.759,"1","2",0,0.875,"5","4","5","4"
"67","FB",0,"24",0,0.759,"1","2",0,0.875,"5","4","5","4"
"67","FB",0,"24",0,0.759,"1","2",0,0.875,"5","4","5","4"
"67","LR",0,"24",0,0.759,"1","2",0,0.875,"5","4","5","4"
"67","LR",1,"24",0,0.759,"1","2",0,0.875,"5","4","5","4"
"67","LR",1,"24",0,0.759,"1","2",0,0.875,"5","4","5","4"
"67","LR",1,"24",0,0.759,"1","2",0,0.875,"5","4","5","4"
"67","LR",1,"24",0,0.759,"1","2",0,0.875,"5","4","5","4"
"67","LR",1,"24",0,0.759,"1","2",0,0.875,"5","4","5","4"
"67","LR",1,"24",0,0.759,"1","2",0,0.875,"5","4","5","4"
"67","LR",1,"24",0,0.759,"1","2",0,0.875,"5","4","5","4"
"68","FB",0,"24",0.03,0.824,"1","2",0,0.75,"5","4","5","4"
"68","FB",0,"24",0.03,0.824,"1","2",0,0.75,"5","4","5","4"
"68","FB",0,"24",0.03,0.824,"1","2",0,0.75,"5","4","5","4"
"68","FB",0,"24",0.03,0.824,"1","2",0,0.75,"5","4","5","4"
"68","FB",0,"24",0.03,0.824,"1","2",0,0.75,"5","4","5","4"
"68","FB",0,"24",0.03,0.824,"1","2",0,0.75,"5","4","5","4"
"68","FB",0,"24",0.03,0.824,"1","2",0,0.75,"5","4","5","4"
"68","FB",0,"24",0.03,0.824,"1","2",0,0.75,"5","4","5","4"
"68","LR",0,"24",0.03,0.824,"1","2",0,0.75,"5","4","5","4"
"68","LR",0,"24",0.03,0.824,"1","2",0,0.75,"5","4","5","4"
"68","LR",1,"24",0.03,0.824,"1","2",0,0.75,"5","4","5","4"
"68","LR",1,"24",0.03,0.824,"1","2",0,0.75,"5","4","5","4"
"68","LR",1,"24",0.03,0.824,"1","2",0,0.75,"5","4","5","4"
"68","LR",1,"24",0.03,0.824,"1","2",0,0.75,"5","4","5","4"
"68","LR",1,"24",0.03,0.824,"1","2",0,0.75,"5","4","5","4"
"68","LR",1,"24",0.03,0.824,"1","2",0,0.75,"5","4","5","4"
"69","FB",0,"10",0.853,1,"4","3",0.875,1,"1","1","1","1"
"69","FB",1,"10",0.853,1,"4","3",0.875,1,"1","1","1","1"
"69","FB",1,"10",0.853,1,"4","3",0.875,1,"1","1","1","1"
"69","FB",1,"10",0.853,1,"4","3",0.875,1,"1","1","1","1"
"69","FB",1,"10",0.853,1,"4","3",0.875,1,"1","1","1","1"
"69","FB",1,"10",0.853,1,"4","3",0.875,1,"1","1","1","1"
"69","FB",1,"10",0.853,1,"4","3",0.875,1,"1","1","1","1"
"69","FB",1,"10",0.853,1,"4","3",0.875,1,"1","1","1","1"
"69","LR",1,"10",0.853,1,"4","3",0.875,1,"1","1","1","1"
"69","LR",1,"10",0.853,1,"4","3",0.875,1,"1","1","1","1"
"69","LR",1,"10",0.853,1,"4","3",0.875,1,"1","1","1","1"
"69","LR",1,"10",0.853,1,"4","3",0.875,1,"1","1","1","1"
"69","LR",1,"10",0.853,1,"4","3",0.875,1,"1","1","1","1"
"69","LR",1,"10",0.853,1,"4","3",0.875,1,"1","1","1","1"
"69","LR",1,"10",0.853,1,"4","3",0.875,1,"1","1","1","1"
"69","LR",1,"10",0.853,1,"4","3",0.875,1,"1","1","1","1"
"70","FB",0,"24",0,0.818,"1","2",0,0.75,"5","4","5","4"
"70","FB",0,"24",0,0.818,"1","2",0,0.75,"5","4","5","4"
"70","FB",0,"24",0,0.818,"1","2",0,0.75,"5","4","5","4"
"70","FB",0,"24",0,0.818,"1","2",0,0.75,"5","4","5","4"
"70","FB",0,"24",0,0.818,"1","2",0,0.75,"5","4","5","4"
"70","FB",0,"24",0,0.818,"1","2",0,0.75,"5","4","5","4"
"70","FB",0,"24",0,0.818,"1","2",0,0.75,"5","4","5","4"
"70","FB",0,"24",0,0.818,"1","2",0,0.75,"5","4","5","4"
"70","LR",0,"24",0,0.818,"1","2",0,0.75,"5","4","5","4"
"70","LR",0,"24",0,0.818,"1","2",0,0.75,"5","4","5","4"
"70","LR",1,"24",0,0.818,"1","2",0,0.75,"5","4","5","4"
"70","LR",1,"24",0,0.818,"1","2",0,0.75,"5","4","5","4"
"70","LR",1,"24",0,0.818,"1","2",0,0.75,"5","4","5","4"
"70","LR",1,"24",0,0.818,"1","2",0,0.75,"5","4","5","4"
"70","LR",1,"24",0,0.818,"1","2",0,0.75,"5","4","5","4"
"70","LR",1,"24",0,0.818,"1","2",0,0.75,"5","4","5","4"
"71","FB",0,"24",0.063,0.713,"1","2",0,0.75,"5","4","5","4"
"71","FB",0,"24",0.063,0.713,"1","2",0,0.75,"5","4","5","4"
"71","FB",0,"24",0.063,0.713,"1","2",0,0.75,"5","4","5","4"
"71","FB",0,"24",0.063,0.713,"1","2",0,0.75,"5","4","5","4"
"71","FB",0,"24",0.063,0.713,"1","2",0,0.75,"5","4","5","4"
"71","FB",0,"24",0.063,0.713,"1","2",0,0.75,"5","4","5","4"
"71","FB",0,"24",0.063,0.713,"1","2",0,0.75,"5","4","5","4"
"71","FB",0,"24",0.063,0.713,"1","2",0,0.75,"5","4","5","4"
"71","LR",0,"24",0.063,0.713,"1","2",0,0.75,"5","4","5","4"
"71","LR",0,"24",0.063,0.713,"1","2",0,0.75,"5","4","5","4"
"71","LR",1,"24",0.063,0.713,"1","2",0,0.75,"5","4","5","4"
"71","LR",1,"24",0.063,0.713,"1","2",0,0.75,"5","4","5","4"
"71","LR",1,"24",0.063,0.713,"1","2",0,0.75,"5","4","5","4"
"71","LR",1,"24",0.063,0.713,"1","2",0,0.75,"5","4","5","4"
"71","LR",1,"24",0.063,0.713,"1","2",0,0.75,"5","4","5","4"
"71","LR",1,"24",0.063,0.713,"1","2",0,0.75,"5","4","5","4"
"72","FB",1,"2",0.967,0.261,"2","4",1,0.375,"3","3","3","3"
"72","FB",1,"2",0.967,0.261,"2","4",1,0.375,"3","3","3","3"
"72","FB",1,"2",0.967,0.261,"2","4",1,0.375,"3","3","3","3"
"72","FB",1,"2",0.967,0.261,"2","4",1,0.375,"3","3","3","3"
"72","FB",1,"2",0.967,0.261,"2","4",1,0.375,"3","3","3","3"
"72","FB",1,"2",0.967,0.261,"2","4",1,0.375,"3","3","3","3"
"72","FB",1,"2",0.967,0.261,"2","4",1,0.375,"3","3","3","3"
"72","FB",1,"2",0.967,0.261,"2","4",1,0.375,"3","3","3","3"
"72","LR",0,"2",0.967,0.261,"2","4",1,0.375,"3","3","3","3"
"72","LR",0,"2",0.967,0.261,"2","4",1,0.375,"3","3","3","3"
"72","LR",0,"2",0.967,0.261,"2","4",1,0.375,"3","3","3","3"
"72","LR",0,"2",0.967,0.261,"2","4",1,0.375,"3","3","3","3"
"72","LR",0,"2",0.967,0.261,"2","4",1,0.375,"3","3","3","3"
"72","LR",1,"2",0.967,0.261,"2","4",1,0.375,"3","3","3","3"
"72","LR",1,"2",0.967,0.261,"2","4",1,0.375,"3","3","3","3"
"72","LR",1,"2",0.967,0.261,"2","4",1,0.375,"3","3","3","3"
"73","FB",0,"16",0.319,0.034,"3","1",0.125,0,"2","2","2","2"
"73","FB",0,"16",0.319,0.034,"3","1",0.125,0,"2","2","2","2"
"73","FB",0,"16",0.319,0.034,"3","1",0.125,0,"2","2","2","2"
"73","FB",0,"16",0.319,0.034,"3","1",0.125,0,"2","2","2","2"
"73","FB",0,"16",0.319,0.034,"3","1",0.125,0,"2","2","2","2"
"73","FB",0,"16",0.319,0.034,"3","1",0.125,0,"2","2","2","2"
"73","FB",0,"16",0.319,0.034,"3","1",0.125,0,"2","2","2","2"
"73","FB",1,"16",0.319,0.034,"3","1",0.125,0,"2","2","2","2"
"73","LR",0,"16",0.319,0.034,"3","1",0.125,0,"2","2","2","2"
"73","LR",0,"16",0.319,0.034,"3","1",0.125,0,"2","2","2","2"
"73","LR",0,"16",0.319,0.034,"3","1",0.125,0,"2","2","2","2"
"73","LR",0,"16",0.319,0.034,"3","1",0.125,0,"2","2","2","2"
"73","LR",0,"16",0.319,0.034,"3","1",0.125,0,"2","2","2","2"
"73","LR",0,"16",0.319,0.034,"3","1",0.125,0,"2","2","2","2"
"73","LR",0,"16",0.319,0.034,"3","1",0.125,0,"2","2","2","2"
"73","LR",0,"16",0.319,0.034,"3","1",0.125,0,"2","2","2","2"
"74","FB",0,"24",0.113,0.744,"1","2",0.375,0.5,"2","2","4","2"
"74","FB",0,"24",0.113,0.744,"1","2",0.375,0.5,"2","2","4","2"
"74","FB",0,"24",0.113,0.744,"1","2",0.375,0.5,"2","2","4","2"
"74","FB",0,"24",0.113,0.744,"1","2",0.375,0.5,"2","2","4","2"
"74","FB",0,"24",0.113,0.744,"1","2",0.375,0.5,"2","2","4","2"
"74","FB",1,"24",0.113,0.744,"1","2",0.375,0.5,"2","2","4","2"
"74","FB",1,"24",0.113,0.744,"1","2",0.375,0.5,"2","2","4","2"
"74","FB",1,"24",0.113,0.744,"1","2",0.375,0.5,"2","2","4","2"
"74","LR",0,"24",0.113,0.744,"1","2",0.375,0.5,"2","2","4","2"
"74","LR",0,"24",0.113,0.744,"1","2",0.375,0.5,"2","2","4","2"
"74","LR",0,"24",0.113,0.744,"1","2",0.375,0.5,"2","2","4","2"
"74","LR",0,"24",0.113,0.744,"1","2",0.375,0.5,"2","2","4","2"
"74","LR",1,"24",0.113,0.744,"1","2",0.375,0.5,"2","2","4","2"
"74","LR",1,"24",0.113,0.744,"1","2",0.375,0.5,"2","2","4","2"
"74","LR",1,"24",0.113,0.744,"1","2",0.375,0.5,"2","2","4","2"
"74","LR",1,"24",0.113,0.744,"1","2",0.375,0.5,"2","2","4","2"
"75","FB",0,"24",0,0.752,"1","2",0,0.875,"5","4","5","4"
"75","FB",0,"24",0,0.752,"1","2",0,0.875,"5","4","5","4"
"75","FB",0,"24",0,0.752,"1","2",0,0.875,"5","4","5","4"
"75","FB",0,"24",0,0.752,"1","2",0,0.875,"5","4","5","4"
"75","FB",0,"24",0,0.752,"1","2",0,0.875,"5","4","5","4"
"75","FB",0,"24",0,0.752,"1","2",0,0.875,"5","4","5","4"
"75","FB",0,"24",0,0.752,"1","2",0,0.875,"5","4","5","4"
"75","FB",0,"24",0,0.752,"1","2",0,0.875,"5","4","5","4"
"75","LR",0,"24",0,0.752,"1","2",0,0.875,"5","4","5","4"
"75","LR",1,"24",0,0.752,"1","2",0,0.875,"5","4","5","4"
"75","LR",1,"24",0,0.752,"1","2",0,0.875,"5","4","5","4"
"75","LR",1,"24",0,0.752,"1","2",0,0.875,"5","4","5","4"
"75","LR",1,"24",0,0.752,"1","2",0,0.875,"5","4","5","4"
"75","LR",1,"24",0,0.752,"1","2",0,0.875,"5","4","5","4"
"75","LR",1,"24",0,0.752,"1","2",0,0.875,"5","4","5","4"
"75","LR",1,"24",0,0.752,"1","2",0,0.875,"5","4","5","4"
"76","FB",0,"10",0.792,1,"4","3",0.5,1,"1","1","1","1"
"76","FB",0,"10",0.792,1,"4","3",0.5,1,"1","1","1","1"
"76","FB",0,"10",0.792,1,"4","3",0.5,1,"1","1","1","1"
"76","FB",0,"10",0.792,1,"4","3",0.5,1,"1","1","1","1"
"76","FB",1,"10",0.792,1,"4","3",0.5,1,"1","1","1","1"
"76","FB",1,"10",0.792,1,"4","3",0.5,1,"1","1","1","1"
"76","FB",1,"10",0.792,1,"4","3",0.5,1,"1","1","1","1"
"76","FB",1,"10",0.792,1,"4","3",0.5,1,"1","1","1","1"
"76","LR",1,"10",0.792,1,"4","3",0.5,1,"1","1","1","1"
"76","LR",1,"10",0.792,1,"4","3",0.5,1,"1","1","1","1"
"76","LR",1,"10",0.792,1,"4","3",0.5,1,"1","1","1","1"
"76","LR",1,"10",0.792,1,"4","3",0.5,1,"1","1","1","1"
"76","LR",1,"10",0.792,1,"4","3",0.5,1,"1","1","1","1"
"76","LR",1,"10",0.792,1,"4","3",0.5,1,"1","1","1","1"
"76","LR",1,"10",0.792,1,"4","3",0.5,1,"1","1","1","1"
"76","LR",1,"10",0.792,1,"4","3",0.5,1,"1","1","1","1"
"77","FB",0,"24",0.024,0.832,"1","2",0.125,1,"5","4","6","4"
"77","FB",0,"24",0.024,0.832,"1","2",0.125,1,"5","4","6","4"
"77","FB",0,"24",0.024,0.832,"1","2",0.125,1,"5","4","6","4"
"77","FB",0,"24",0.024,0.832,"1","2",0.125,1,"5","4","6","4"
"77","FB",0,"24",0.024,0.832,"1","2",0.125,1,"5","4","6","4"
"77","FB",0,"24",0.024,0.832,"1","2",0.125,1,"5","4","6","4"
"77","FB",0,"24",0.024,0.832,"1","2",0.125,1,"5","4","6","4"
"77","FB",1,"24",0.024,0.832,"1","2",0.125,1,"5","4","6","4"
"77","LR",1,"24",0.024,0.832,"1","2",0.125,1,"5","4","6","4"
"77","LR",1,"24",0.024,0.832,"1","2",0.125,1,"5","4","6","4"
"77","LR",1,"24",0.024,0.832,"1","2",0.125,1,"5","4","6","4"
"77","LR",1,"24",0.024,0.832,"1","2",0.125,1,"5","4","6","4"
"77","LR",1,"24",0.024,0.832,"1","2",0.125,1,"5","4","6","4"
"77","LR",1,"24",0.024,0.832,"1","2",0.125,1,"5","4","6","4"
"77","LR",1,"24",0.024,0.832,"1","2",0.125,1,"5","4","6","4"
"77","LR",1,"24",0.024,0.832,"1","2",0.125,1,"5","4","6","4"
"78","FB",0,"24",0.11,0.719,"1","2",0.125,1,"5","4","6","4"
"78","FB",0,"24",0.11,0.719,"1","2",0.125,1,"5","4","6","4"
"78","FB",0,"24",0.11,0.719,"1","2",0.125,1,"5","4","6","4"
"78","FB",0,"24",0.11,0.719,"1","2",0.125,1,"5","4","6","4"
"78","FB",0,"24",0.11,0.719,"1","2",0.125,1,"5","4","6","4"
"78","FB",0,"24",0.11,0.719,"1","2",0.125,1,"5","4","6","4"
"78","FB",0,"24",0.11,0.719,"1","2",0.125,1,"5","4","6","4"
"78","FB",1,"24",0.11,0.719,"1","2",0.125,1,"5","4","6","4"
"78","LR",1,"24",0.11,0.719,"1","2",0.125,1,"5","4","6","4"
"78","LR",1,"24",0.11,0.719,"1","2",0.125,1,"5","4","6","4"
"78","LR",1,"24",0.11,0.719,"1","2",0.125,1,"5","4","6","4"
"78","LR",1,"24",0.11,0.719,"1","2",0.125,1,"5","4","6","4"
"78","LR",1,"24",0.11,0.719,"1","2",0.125,1,"5","4","6","4"
"78","LR",1,"24",0.11,0.719,"1","2",0.125,1,"5","4","6","4"
"78","LR",1,"24",0.11,0.719,"1","2",0.125,1,"5","4","6","4"
"78","LR",1,"24",0.11,0.719,"1","2",0.125,1,"5","4","6","4"
"79","FB",0,"10",0.776,1,"4","3",0.75,1,"1","1","1","1"
"79","FB",0,"10",0.776,1,"4","3",0.75,1,"1","1","1","1"
"79","FB",1,"10",0.776,1,"4","3",0.75,1,"1","1","1","1"
"79","FB",1,"10",0.776,1,"4","3",0.75,1,"1","1","1","1"
"79","FB",1,"10",0.776,1,"4","3",0.75,1,"1","1","1","1"
"79","FB",1,"10",0.776,1,"4","3",0.75,1,"1","1","1","1"
"79","FB",1,"10",0.776,1,"4","3",0.75,1,"1","1","1","1"
"79","FB",1,"10",0.776,1,"4","3",0.75,1,"1","1","1","1"
"79","LR",1,"10",0.776,1,"4","3",0.75,1,"1","1","1","1"
"79","LR",1,"10",0.776,1,"4","3",0.75,1,"1","1","1","1"
"79","LR",1,"10",0.776,1,"4","3",0.75,1,"1","1","1","1"
"79","LR",1,"10",0.776,1,"4","3",0.75,1,"1","1","1","1"
"79","LR",1,"10",0.776,1,"4","3",0.75,1,"1","1","1","1"
"79","LR",1,"10",0.776,1,"4","3",0.75,1,"1","1","1","1"
"79","LR",1,"10",0.776,1,"4","3",0.75,1,"1","1","1","1"
"79","LR",1,"10",0.776,1,"4","3",0.75,1,"1","1","1","1"
"80","FB",0,"16",0.248,0,"3","1",0.5,0,"4","2","4","2"
"80","FB",0,"16",0.248,0,"3","1",0.5,0,"4","2","4","2"
"80","FB",0,"16",0.248,0,"3","1",0.5,0,"4","2","4","2"
"80","FB",0,"16",0.248,0,"3","1",0.5,0,"4","2","4","2"
"80","FB",1,"16",0.248,0,"3","1",0.5,0,"4","2","4","2"
"80","FB",1,"16",0.248,0,"3","1",0.5,0,"4","2","4","2"
"80","FB",1,"16",0.248,0,"3","1",0.5,0,"4","2","4","2"
"80","FB",1,"16",0.248,0,"3","1",0.5,0,"4","2","4","2"
"80","LR",0,"16",0.248,0,"3","1",0.5,0,"4","2","4","2"
"80","LR",0,"16",0.248,0,"3","1",0.5,0,"4","2","4","2"
"80","LR",0,"16",0.248,0,"3","1",0.5,0,"4","2","4","2"
"80","LR",0,"16",0.248,0,"3","1",0.5,0,"4","2","4","2"
"80","LR",0,"16",0.248,0,"3","1",0.5,0,"4","2","4","2"
"80","LR",0,"16",0.248,0,"3","1",0.5,0,"4","2","4","2"
"80","LR",0,"16",0.248,0,"3","1",0.5,0,"4","2","4","2"
"80","LR",0,"16",0.248,0,"3","1",0.5,0,"4","2","4","2"
"81","FB",1,"2",1,0.21,"2","4",1,0.125,"3","3","3","3"
"81","FB",1,"2",1,0.21,"2","4",1,0.125,"3","3","3","3"
"81","FB",1,"2",1,0.21,"2","4",1,0.125,"3","3","3","3"
"81","FB",1,"2",1,0.21,"2","4",1,0.125,"3","3","3","3"
"81","FB",1,"2",1,0.21,"2","4",1,0.125,"3","3","3","3"
"81","FB",1,"2",1,0.21,"2","4",1,0.125,"3","3","3","3"
"81","FB",1,"2",1,0.21,"2","4",1,0.125,"3","3","3","3"
"81","FB",1,"2",1,0.21,"2","4",1,0.125,"3","3","3","3"
"81","LR",0,"2",1,0.21,"2","4",1,0.125,"3","3","3","3"
"81","LR",0,"2",1,0.21,"2","4",1,0.125,"3","3","3","3"
"81","LR",0,"2",1,0.21,"2","4",1,0.125,"3","3","3","3"
"81","LR",0,"2",1,0.21,"2","4",1,0.125,"3","3","3","3"
"81","LR",0,"2",1,0.21,"2","4",1,0.125,"3","3","3","3"
"81","LR",0,"2",1,0.21,"2","4",1,0.125,"3","3","3","3"
"81","LR",0,"2",1,0.21,"2","4",1,0.125,"3","3","3","3"
"81","LR",1,"2",1,0.21,"2","4",1,0.125,"3","3","3","3"
"82","FB",0,"10",0.763,0.936,"4","3",0.875,0.875,"1","1","1","1"
"82","FB",1,"10",0.763,0.936,"4","3",0.875,0.875,"1","1","1","1"
"82","FB",1,"10",0.763,0.936,"4","3",0.875,0.875,"1","1","1","1"
"82","FB",1,"10",0.763,0.936,"4","3",0.875,0.875,"1","1","1","1"
"82","FB",1,"10",0.763,0.936,"4","3",0.875,0.875,"1","1","1","1"
"82","FB",1,"10",0.763,0.936,"4","3",0.875,0.875,"1","1","1","1"
"82","FB",1,"10",0.763,0.936,"4","3",0.875,0.875,"1","1","1","1"
"82","FB",1,"10",0.763,0.936,"4","3",0.875,0.875,"1","1","1","1"
"82","LR",0,"10",0.763,0.936,"4","3",0.875,0.875,"1","1","1","1"
"82","LR",1,"10",0.763,0.936,"4","3",0.875,0.875,"1","1","1","1"
"82","LR",1,"10",0.763,0.936,"4","3",0.875,0.875,"1","1","1","1"
"82","LR",1,"10",0.763,0.936,"4","3",0.875,0.875,"1","1","1","1"
"82","LR",1,"10",0.763,0.936,"4","3",0.875,0.875,"1","1","1","1"
"82","LR",1,"10",0.763,0.936,"4","3",0.875,0.875,"1","1","1","1"
"82","LR",1,"10",0.763,0.936,"4","3",0.875,0.875,"1","1","1","1"
"82","LR",1,"10",0.763,0.936,"4","3",0.875,0.875,"1","1","1","1"
"83","FB",0,"10",0.834,1,"4","3",0.75,1,"1","1","1","1"
"83","FB",0,"10",0.834,1,"4","3",0.75,1,"1","1","1","1"
"83","FB",1,"10",0.834,1,"4","3",0.75,1,"1","1","1","1"
"83","FB",1,"10",0.834,1,"4","3",0.75,1,"1","1","1","1"
"83","FB",1,"10",0.834,1,"4","3",0.75,1,"1","1","1","1"
"83","FB",1,"10",0.834,1,"4","3",0.75,1,"1","1","1","1"
"83","FB",1,"10",0.834,1,"4","3",0.75,1,"1","1","1","1"
"83","FB",1,"10",0.834,1,"4","3",0.75,1,"1","1","1","1"
"83","LR",1,"10",0.834,1,"4","3",0.75,1,"1","1","1","1"
"83","LR",1,"10",0.834,1,"4","3",0.75,1,"1","1","1","1"
"83","LR",1,"10",0.834,1,"4","3",0.75,1,"1","1","1","1"
"83","LR",1,"10",0.834,1,"4","3",0.75,1,"1","1","1","1"
"83","LR",1,"10",0.834,1,"4","3",0.75,1,"1","1","1","1"
"83","LR",1,"10",0.834,1,"4","3",0.75,1,"1","1","1","1"
"83","LR",1,"10",0.834,1,"4","3",0.75,1,"1","1","1","1"
"83","LR",1,"10",0.834,1,"4","3",0.75,1,"1","1","1","1"
"84","FB",1,"2",1,0.259,"2","4",1,0.25,"3","3","3","3"
"84","FB",1,"2",1,0.259,"2","4",1,0.25,"3","3","3","3"
"84","FB",1,"2",1,0.259,"2","4",1,0.25,"3","3","3","3"
"84","FB",1,"2",1,0.259,"2","4",1,0.25,"3","3","3","3"
"84","FB",1,"2",1,0.259,"2","4",1,0.25,"3","3","3","3"
"84","FB",1,"2",1,0.259,"2","4",1,0.25,"3","3","3","3"
"84","FB",1,"2",1,0.259,"2","4",1,0.25,"3","3","3","3"
"84","FB",1,"2",1,0.259,"2","4",1,0.25,"3","3","3","3"
"84","LR",0,"2",1,0.259,"2","4",1,0.25,"3","3","3","3"
"84","LR",0,"2",1,0.259,"2","4",1,0.25,"3","3","3","3"
"84","LR",0,"2",1,0.259,"2","4",1,0.25,"3","3","3","3"
"84","LR",0,"2",1,0.259,"2","4",1,0.25,"3","3","3","3"
"84","LR",0,"2",1,0.259,"2","4",1,0.25,"3","3","3","3"
"84","LR",0,"2",1,0.259,"2","4",1,0.25,"3","3","3","3"
"84","LR",1,"2",1,0.259,"2","4",1,0.25,"3","3","3","3"
"84","LR",1,"2",1,0.259,"2","4",1,0.25,"3","3","3","3"
"85","FB",0,"24",0.069,0.736,"1","2",0,0.875,"5","4","5","4"
"85","FB",0,"24",0.069,0.736,"1","2",0,0.875,"5","4","5","4"
"85","FB",0,"24",0.069,0.736,"1","2",0,0.875,"5","4","5","4"
"85","FB",0,"24",0.069,0.736,"1","2",0,0.875,"5","4","5","4"
"85","FB",0,"24",0.069,0.736,"1","2",0,0.875,"5","4","5","4"
"85","FB",0,"24",0.069,0.736,"1","2",0,0.875,"5","4","5","4"
"85","FB",0,"24",0.069,0.736,"1","2",0,0.875,"5","4","5","4"
"85","FB",0,"24",0.069,0.736,"1","2",0,0.875,"5","4","5","4"
"85","LR",0,"24",0.069,0.736,"1","2",0,0.875,"5","4","5","4"
"85","LR",1,"24",0.069,0.736,"1","2",0,0.875,"5","4","5","4"
"85","LR",1,"24",0.069,0.736,"1","2",0,0.875,"5","4","5","4"
"85","LR",1,"24",0.069,0.736,"1","2",0,0.875,"5","4","5","4"
"85","LR",1,"24",0.069,0.736,"1","2",0,0.875,"5","4","5","4"
"85","LR",1,"24",0.069,0.736,"1","2",0,0.875,"5","4","5","4"
"85","LR",1,"24",0.069,0.736,"1","2",0,0.875,"5","4","5","4"
"85","LR",1,"24",0.069,0.736,"1","2",0,0.875,"5","4","5","4"
"86","FB",0,"24",0,0.881,"1","2",0,0.75,"5","4","5","4"
"86","FB",0,"24",0,0.881,"1","2",0,0.75,"5","4","5","4"
"86","FB",0,"24",0,0.881,"1","2",0,0.75,"5","4","5","4"
"86","FB",0,"24",0,0.881,"1","2",0,0.75,"5","4","5","4"
"86","FB",0,"24",0,0.881,"1","2",0,0.75,"5","4","5","4"
"86","FB",0,"24",0,0.881,"1","2",0,0.75,"5","4","5","4"
"86","FB",0,"24",0,0.881,"1","2",0,0.75,"5","4","5","4"
"86","FB",0,"24",0,0.881,"1","2",0,0.75,"5","4","5","4"
"86","LR",0,"24",0,0.881,"1","2",0,0.75,"5","4","5","4"
"86","LR",0,"24",0,0.881,"1","2",0,0.75,"5","4","5","4"
"86","LR",1,"24",0,0.881,"1","2",0,0.75,"5","4","5","4"
"86","LR",1,"24",0,0.881,"1","2",0,0.75,"5","4","5","4"
"86","LR",1,"24",0,0.881,"1","2",0,0.75,"5","4","5","4"
"86","LR",1,"24",0,0.881,"1","2",0,0.75,"5","4","5","4"
"86","LR",1,"24",0,0.881,"1","2",0,0.75,"5","4","5","4"
"86","LR",1,"24",0,0.881,"1","2",0,0.75,"5","4","5","4"
"87","FB",0,"2",0.991,0.14,"2","4",0.875,0,"3","3","4","3"
"87","FB",1,"2",0.991,0.14,"2","4",0.875,0,"3","3","4","3"
"87","FB",1,"2",0.991,0.14,"2","4",0.875,0,"3","3","4","3"
"87","FB",1,"2",0.991,0.14,"2","4",0.875,0,"3","3","4","3"
"87","FB",1,"2",0.991,0.14,"2","4",0.875,0,"3","3","4","3"
"87","FB",1,"2",0.991,0.14,"2","4",0.875,0,"3","3","4","3"
"87","FB",1,"2",0.991,0.14,"2","4",0.875,0,"3","3","4","3"
"87","FB",1,"2",0.991,0.14,"2","4",0.875,0,"3","3","4","3"
"87","LR",0,"2",0.991,0.14,"2","4",0.875,0,"3","3","4","3"
"87","LR",0,"2",0.991,0.14,"2","4",0.875,0,"3","3","4","3"
"87","LR",0,"2",0.991,0.14,"2","4",0.875,0,"3","3","4","3"
"87","LR",0,"2",0.991,0.14,"2","4",0.875,0,"3","3","4","3"
"87","LR",0,"2",0.991,0.14,"2","4",0.875,0,"3","3","4","3"
"87","LR",0,"2",0.991,0.14,"2","4",0.875,0,"3","3","4","3"
"87","LR",0,"2",0.991,0.14,"2","4",0.875,0,"3","3","4","3"
"87","LR",0,"2",0.991,0.14,"2","4",0.875,0,"3","3","4","3"
"88","FB",0,"16",0.16,0,"3","1",0,0,"2","2","2","2"
"88","FB",0,"16",0.16,0,"3","1",0,0,"2","2","2","2"
"88","FB",0,"16",0.16,0,"3","1",0,0,"2","2","2","2"
"88","FB",0,"16",0.16,0,"3","1",0,0,"2","2","2","2"
"88","FB",0,"16",0.16,0,"3","1",0,0,"2","2","2","2"
"88","FB",0,"16",0.16,0,"3","1",0,0,"2","2","2","2"
"88","FB",0,"16",0.16,0,"3","1",0,0,"2","2","2","2"
"88","FB",0,"16",0.16,0,"3","1",0,0,"2","2","2","2"
"88","LR",0,"16",0.16,0,"3","1",0,0,"2","2","2","2"
"88","LR",0,"16",0.16,0,"3","1",0,0,"2","2","2","2"
"88","LR",0,"16",0.16,0,"3","1",0,0,"2","2","2","2"
"88","LR",0,"16",0.16,0,"3","1",0,0,"2","2","2","2"
"88","LR",0,"16",0.16,0,"3","1",0,0,"2","2","2","2"
"88","LR",0,"16",0.16,0,"3","1",0,0,"2","2","2","2"
"88","LR",0,"16",0.16,0,"3","1",0,0,"2","2","2","2"
"88","LR",0,"16",0.16,0,"3","1",0,0,"2","2","2","2"
"89","FB",1,"2",0.95,0.227,"2","4",1,0.25,"3","3","3","3"
"89","FB",1,"2",0.95,0.227,"2","4",1,0.25,"3","3","3","3"
"89","FB",1,"2",0.95,0.227,"2","4",1,0.25,"3","3","3","3"
"89","FB",1,"2",0.95,0.227,"2","4",1,0.25,"3","3","3","3"
"89","FB",1,"2",0.95,0.227,"2","4",1,0.25,"3","3","3","3"
"89","FB",1,"2",0.95,0.227,"2","4",1,0.25,"3","3","3","3"
"89","FB",1,"2",0.95,0.227,"2","4",1,0.25,"3","3","3","3"
"89","FB",1,"2",0.95,0.227,"2","4",1,0.25,"3","3","3","3"
"89","LR",0,"2",0.95,0.227,"2","4",1,0.25,"3","3","3","3"
"89","LR",0,"2",0.95,0.227,"2","4",1,0.25,"3","3","3","3"
"89","LR",0,"2",0.95,0.227,"2","4",1,0.25,"3","3","3","3"
"89","LR",0,"2",0.95,0.227,"2","4",1,0.25,"3","3","3","3"
"89","LR",0,"2",0.95,0.227,"2","4",1,0.25,"3","3","3","3"
"89","LR",0,"2",0.95,0.227,"2","4",1,0.25,"3","3","3","3"
"89","LR",1,"2",0.95,0.227,"2","4",1,0.25,"3","3","3","3"
"89","LR",1,"2",0.95,0.227,"2","4",1,0.25,"3","3","3","3"
"90","FB",0,"10",0.808,0.944,"4","3",0.75,0.875,"1","1","1","1"
"90","FB",0,"10",0.808,0.944,"4","3",0.75,0.875,"1","1","1","1"
"90","FB",1,"10",0.808,0.944,"4","3",0.75,0.875,"1","1","1","1"
"90","FB",1,"10",0.808,0.944,"4","3",0.75,0.875,"1","1","1","1"
"90","FB",1,"10",0.808,0.944,"4","3",0.75,0.875,"1","1","1","1"
"90","FB",1,"10",0.808,0.944,"4","3",0.75,0.875,"1","1","1","1"
"90","FB",1,"10",0.808,0.944,"4","3",0.75,0.875,"1","1","1","1"
"90","FB",1,"10",0.808,0.944,"4","3",0.75,0.875,"1","1","1","1"
"90","LR",0,"10",0.808,0.944,"4","3",0.75,0.875,"1","1","1","1"
"90","LR",1,"10",0.808,0.944,"4","3",0.75,0.875,"1","1","1","1"
"90","LR",1,"10",0.808,0.944,"4","3",0.75,0.875,"1","1","1","1"
"90","LR",1,"10",0.808,0.944,"4","3",0.75,0.875,"1","1","1","1"
"90","LR",1,"10",0.808,0.944,"4","3",0.75,0.875,"1","1","1","1"
"90","LR",1,"10",0.808,0.944,"4","3",0.75,0.875,"1","1","1","1"
"90","LR",1,"10",0.808,0.944,"4","3",0.75,0.875,"1","1","1","1"
"90","LR",1,"10",0.808,0.944,"4","3",0.75,0.875,"1","1","1","1"
"91","FB",0,"16",0.221,0,"3","1",0.375,0,"4","2","2","2"
"91","FB",0,"16",0.221,0,"3","1",0.375,0,"4","2","2","2"
"91","FB",0,"16",0.221,0,"3","1",0.375,0,"4","2","2","2"
"91","FB",0,"16",0.221,0,"3","1",0.375,0,"4","2","2","2"
"91","FB",0,"16",0.221,0,"3","1",0.375,0,"4","2","2","2"
"91","FB",1,"16",0.221,0,"3","1",0.375,0,"4","2","2","2"
"91","FB",1,"16",0.221,0,"3","1",0.375,0,"4","2","2","2"
"91","FB",1,"16",0.221,0,"3","1",0.375,0,"4","2","2","2"
"91","LR",0,"16",0.221,0,"3","1",0.375,0,"4","2","2","2"
"91","LR",0,"16",0.221,0,"3","1",0.375,0,"4","2","2","2"
"91","LR",0,"16",0.221,0,"3","1",0.375,0,"4","2","2","2"
"91","LR",0,"16",0.221,0,"3","1",0.375,0,"4","2","2","2"
"91","LR",0,"16",0.221,0,"3","1",0.375,0,"4","2","2","2"
"91","LR",0,"16",0.221,0,"3","1",0.375,0,"4","2","2","2"
"91","LR",0,"16",0.221,0,"3","1",0.375,0,"4","2","2","2"
"91","LR",0,"16",0.221,0,"3","1",0.375,0,"4","2","2","2"
"92","FB",0,"16",0.226,0.113,"3","1",0.25,0.125,"2","2","2","2"
"92","FB",0,"16",0.226,0.113,"3","1",0.25,0.125,"2","2","2","2"
"92","FB",0,"16",0.226,0.113,"3","1",0.25,0.125,"2","2","2","2"
"92","FB",0,"16",0.226,0.113,"3","1",0.25,0.125,"2","2","2","2"
"92","FB",0,"16",0.226,0.113,"3","1",0.25,0.125,"2","2","2","2"
"92","FB",0,"16",0.226,0.113,"3","1",0.25,0.125,"2","2","2","2"
"92","FB",1,"16",0.226,0.113,"3","1",0.25,0.125,"2","2","2","2"
"92","FB",1,"16",0.226,0.113,"3","1",0.25,0.125,"2","2","2","2"
"92","LR",0,"16",0.226,0.113,"3","1",0.25,0.125,"2","2","2","2"
"92","LR",0,"16",0.226,0.113,"3","1",0.25,0.125,"2","2","2","2"
"92","LR",0,"16",0.226,0.113,"3","1",0.25,0.125,"2","2","2","2"
"92","LR",0,"16",0.226,0.113,"3","1",0.25,0.125,"2","2","2","2"
"92","LR",0,"16",0.226,0.113,"3","1",0.25,0.125,"2","2","2","2"
"92","LR",0,"16",0.226,0.113,"3","1",0.25,0.125,"2","2","2","2"
"92","LR",0,"16",0.226,0.113,"3","1",0.25,0.125,"2","2","2","2"
"92","LR",1,"16",0.226,0.113,"3","1",0.25,0.125,"2","2","2","2"
"93","FB",0,"10",0.732,1,"4","3",0.75,1,"1","1","1","1"
"93","FB",0,"10",0.732,1,"4","3",0.75,1,"1","1","1","1"
"93","FB",1,"10",0.732,1,"4","3",0.75,1,"1","1","1","1"
"93","FB",1,"10",0.732,1,"4","3",0.75,1,"1","1","1","1"
"93","FB",1,"10",0.732,1,"4","3",0.75,1,"1","1","1","1"
"93","FB",1,"10",0.732,1,"4","3",0.75,1,"1","1","1","1"
"93","FB",1,"10",0.732,1,"4","3",0.75,1,"1","1","1","1"
"93","FB",1,"10",0.732,1,"4","3",0.75,1,"1","1","1","1"
"93","LR",1,"10",0.732,1,"4","3",0.75,1,"1","1","1","1"
"93","LR",1,"10",0.732,1,"4","3",0.75,1,"1","1","1","1"
"93","LR",1,"10",0.732,1,"4","3",0.75,1,"1","1","1","1"
"93","LR",1,"10",0.732,1,"4","3",0.75,1,"1","1","1","1"
"93","LR",1,"10",0.732,1,"4","3",0.75,1,"1","1","1","1"
"93","LR",1,"10",0.732,1,"4","3",0.75,1,"1","1","1","1"
"93","LR",1,"10",0.732,1,"4","3",0.75,1,"1","1","1","1"
"93","LR",1,"10",0.732,1,"4","3",0.75,1,"1","1","1","1"
"94","FB",1,"2",0.988,0.23,"2","4",1,0.125,"3","3","3","3"
"94","FB",1,"2",0.988,0.23,"2","4",1,0.125,"3","3","3","3"
"94","FB",1,"2",0.988,0.23,"2","4",1,0.125,"3","3","3","3"
"94","FB",1,"2",0.988,0.23,"2","4",1,0.125,"3","3","3","3"
"94","FB",1,"2",0.988,0.23,"2","4",1,0.125,"3","3","3","3"
"94","FB",1,"2",0.988,0.23,"2","4",1,0.125,"3","3","3","3"
"94","FB",1,"2",0.988,0.23,"2","4",1,0.125,"3","3","3","3"
"94","FB",1,"2",0.988,0.23,"2","4",1,0.125,"3","3","3","3"
"94","LR",0,"2",0.988,0.23,"2","4",1,0.125,"3","3","3","3"
"94","LR",0,"2",0.988,0.23,"2","4",1,0.125,"3","3","3","3"
"94","LR",0,"2",0.988,0.23,"2","4",1,0.125,"3","3","3","3"
"94","LR",0,"2",0.988,0.23,"2","4",1,0.125,"3","3","3","3"
"94","LR",0,"2",0.988,0.23,"2","4",1,0.125,"3","3","3","3"
"94","LR",0,"2",0.988,0.23,"2","4",1,0.125,"3","3","3","3"
"94","LR",0,"2",0.988,0.23,"2","4",1,0.125,"3","3","3","3"
"94","LR",1,"2",0.988,0.23,"2","4",1,0.125,"3","3","3","3"
"95","FB",0,"24",0.028,0.804,"1","2",0,0.875,"5","4","5","4"
"95","FB",0,"24",0.028,0.804,"1","2",0,0.875,"5","4","5","4"
"95","FB",0,"24",0.028,0.804,"1","2",0,0.875,"5","4","5","4"
"95","FB",0,"24",0.028,0.804,"1","2",0,0.875,"5","4","5","4"
"95","FB",0,"24",0.028,0.804,"1","2",0,0.875,"5","4","5","4"
"95","FB",0,"24",0.028,0.804,"1","2",0,0.875,"5","4","5","4"
"95","FB",0,"24",0.028,0.804,"1","2",0,0.875,"5","4","5","4"
"95","FB",0,"24",0.028,0.804,"1","2",0,0.875,"5","4","5","4"
"95","LR",0,"24",0.028,0.804,"1","2",0,0.875,"5","4","5","4"
"95","LR",1,"24",0.028,0.804,"1","2",0,0.875,"5","4","5","4"
"95","LR",1,"24",0.028,0.804,"1","2",0,0.875,"5","4","5","4"
"95","LR",1,"24",0.028,0.804,"1","2",0,0.875,"5","4","5","4"
"95","LR",1,"24",0.028,0.804,"1","2",0,0.875,"5","4","5","4"
"95","LR",1,"24",0.028,0.804,"1","2",0,0.875,"5","4","5","4"
"95","LR",1,"24",0.028,0.804,"1","2",0,0.875,"5","4","5","4"
"95","LR",1,"24",0.028,0.804,"1","2",0,0.875,"5","4","5","4"
"96","FB",1,"2",0.959,0.332,"2","4",1,0.375,"3","3","3","3"
"96","FB",1,"2",0.959,0.332,"2","4",1,0.375,"3","3","3","3"
"96","FB",1,"2",0.959,0.332,"2","4",1,0.375,"3","3","3","3"
"96","FB",1,"2",0.959,0.332,"2","4",1,0.375,"3","3","3","3"
"96","FB",1,"2",0.959,0.332,"2","4",1,0.375,"3","3","3","3"
"96","FB",1,"2",0.959,0.332,"2","4",1,0.375,"3","3","3","3"
"96","FB",1,"2",0.959,0.332,"2","4",1,0.375,"3","3","3","3"
"96","FB",1,"2",0.959,0.332,"2","4",1,0.375,"3","3","3","3"
"96","LR",0,"2",0.959,0.332,"2","4",1,0.375,"3","3","3","3"
"96","LR",0,"2",0.959,0.332,"2","4",1,0.375,"3","3","3","3"
"96","LR",0,"2",0.959,0.332,"2","4",1,0.375,"3","3","3","3"
"96","LR",0,"2",0.959,0.332,"2","4",1,0.375,"3","3","3","3"
"96","LR",0,"2",0.959,0.332,"2","4",1,0.375,"3","3","3","3"
"96","LR",1,"2",0.959,0.332,"2","4",1,0.375,"3","3","3","3"
"96","LR",1,"2",0.959,0.332,"2","4",1,0.375,"3","3","3","3"
"96","LR",1,"2",0.959,0.332,"2","4",1,0.375,"3","3","3","3"
"97","FB",1,"2",1,0.192,"2","4",1,0.25,"3","3","3","3"
"97","FB",1,"2",1,0.192,"2","4",1,0.25,"3","3","3","3"
"97","FB",1,"2",1,0.192,"2","4",1,0.25,"3","3","3","3"
"97","FB",1,"2",1,0.192,"2","4",1,0.25,"3","3","3","3"
"97","FB",1,"2",1,0.192,"2","4",1,0.25,"3","3","3","3"
"97","FB",1,"2",1,0.192,"2","4",1,0.25,"3","3","3","3"
"97","FB",1,"2",1,0.192,"2","4",1,0.25,"3","3","3","3"
"97","FB",1,"2",1,0.192,"2","4",1,0.25,"3","3","3","3"
"97","LR",0,"2",1,0.192,"2","4",1,0.25,"3","3","3","3"
"97","LR",0,"2",1,0.192,"2","4",1,0.25,"3","3","3","3"
"97","LR",0,"2",1,0.192,"2","4",1,0.25,"3","3","3","3"
"97","LR",0,"2",1,0.192,"2","4",1,0.25,"3","3","3","3"
"97","LR",0,"2",1,0.192,"2","4",1,0.25,"3","3","3","3"
"97","LR",0,"2",1,0.192,"2","4",1,0.25,"3","3","3","3"
"97","LR",1,"2",1,0.192,"2","4",1,0.25,"3","3","3","3"
"97","LR",1,"2",1,0.192,"2","4",1,0.25,"3","3","3","3"
"98","FB",0,"16",0.203,0.056,"3","1",0.125,0.125,"2","2","2","2"
"98","FB",0,"16",0.203,0.056,"3","1",0.125,0.125,"2","2","2","2"
"98","FB",0,"16",0.203,0.056,"3","1",0.125,0.125,"2","2","2","2"
"98","FB",0,"16",0.203,0.056,"3","1",0.125,0.125,"2","2","2","2"
"98","FB",0,"16",0.203,0.056,"3","1",0.125,0.125,"2","2","2","2"
"98","FB",0,"16",0.203,0.056,"3","1",0.125,0.125,"2","2","2","2"
"98","FB",0,"16",0.203,0.056,"3","1",0.125,0.125,"2","2","2","2"
"98","FB",1,"16",0.203,0.056,"3","1",0.125,0.125,"2","2","2","2"
"98","LR",0,"16",0.203,0.056,"3","1",0.125,0.125,"2","2","2","2"
"98","LR",0,"16",0.203,0.056,"3","1",0.125,0.125,"2","2","2","2"
"98","LR",0,"16",0.203,0.056,"3","1",0.125,0.125,"2","2","2","2"
"98","LR",0,"16",0.203,0.056,"3","1",0.125,0.125,"2","2","2","2"
"98","LR",0,"16",0.203,0.056,"3","1",0.125,0.125,"2","2","2","2"
"98","LR",0,"16",0.203,0.056,"3","1",0.125,0.125,"2","2","2","2"
"98","LR",0,"16",0.203,0.056,"3","1",0.125,0.125,"2","2","2","2"
"98","LR",1,"16",0.203,0.056,"3","1",0.125,0.125,"2","2","2","2"
"99","FB",0,"10",0.723,1,"4","3",0.625,1,"1","1","1","1"
"99","FB",0,"10",0.723,1,"4","3",0.625,1,"1","1","1","1"
"99","FB",0,"10",0.723,1,"4","3",0.625,1,"1","1","1","1"
"99","FB",1,"10",0.723,1,"4","3",0.625,1,"1","1","1","1"
"99","FB",1,"10",0.723,1,"4","3",0.625,1,"1","1","1","1"
"99","FB",1,"10",0.723,1,"4","3",0.625,1,"1","1","1","1"
"99","FB",1,"10",0.723,1,"4","3",0.625,1,"1","1","1","1"
"99","FB",1,"10",0.723,1,"4","3",0.625,1,"1","1","1","1"
"99","LR",1,"10",0.723,1,"4","3",0.625,1,"1","1","1","1"
"99","LR",1,"10",0.723,1,"4","3",0.625,1,"1","1","1","1"
"99","LR",1,"10",0.723,1,"4","3",0.625,1,"1","1","1","1"
"99","LR",1,"10",0.723,1,"4","3",0.625,1,"1","1","1","1"
"99","LR",1,"10",0.723,1,"4","3",0.625,1,"1","1","1","1"
"99","LR",1,"10",0.723,1,"4","3",0.625,1,"1","1","1","1"
"99","LR",1,"10",0.723,1,"4","3",0.625,1,"1","1","1","1"
"99","LR",1,"10",0.723,1,"4","3",0.625,1,"1","1","1","1"
"100","FB",0,"24",0.042,0.788,"1","2",0,1,"5","4","6","4"
"100","FB",0,"24",0.042,0.788,"1","2",0,1,"5","4","6","4"
"100","FB",0,"24",0.042,0.788,"1","2",0,1,"5","4","6","4"
"100","FB",0,"24",0.042,0.788,"1","2",0,1,"5","4","6","4"
"100","FB",0,"24",0.042,0.788,"1","2",0,1,"5","4","6","4"
"100","FB",0,"24",0.042,0.788,"1","2",0,1,"5","4","6","4"
"100","FB",0,"24",0.042,0.788,"1","2",0,1,"5","4","6","4"
"100","FB",0,"24",0.042,0.788,"1","2",0,1,"5","4","6","4"
"100","LR",1,"24",0.042,0.788,"1","2",0,1,"5","4","6","4"
"100","LR",1,"24",0.042,0.788,"1","2",0,1,"5","4","6","4"
"100","LR",1,"24",0.042,0.788,"1","2",0,1,"5","4","6","4"
"100","LR",1,"24",0.042,0.788,"1","2",0,1,"5","4","6","4"
"100","LR",1,"24",0.042,0.788,"1","2",0,1,"5","4","6","4"
"100","LR",1,"24",0.042,0.788,"1","2",0,1,"5","4","6","4"
"100","LR",1,"24",0.042,0.788,"1","2",0,1,"5","4","6","4"
"100","LR",1,"24",0.042,0.788,"1","2",0,1,"5","4","6","4"
