"Subject","trial_type","own.cod","true_class","true_FB","true_LR","lca.class","lca.tc","fb_tend","lr_tend","lmem.class","lmem.tc","bm.class","bm.tc"
"1","FB",0,"11",0.566,0.031,"4","1",0.5625,0,"1","1","1","1"
"1","FB",0,"11",0.566,0.031,"4","1",0.5625,0,"1","1","1","1"
"1","FB",0,"11",0.566,0.031,"4","1",0.5625,0,"1","1","1","1"
"1","FB",0,"11",0.566,0.031,"4","1",0.5625,0,"1","1","1","1"
"1","FB",0,"11",0.566,0.031,"4","1",0.5625,0,"1","1","1","1"
"1","FB",0,"11",0.566,0.031,"4","1",0.5625,0,"1","1","1","1"
"1","FB",0,"11",0.566,0.031,"4","1",0.5625,0,"1","1","1","1"
"1","FB",1,"11",0.566,0.031,"4","1",0.5625,0,"1","1","1","1"
"1","FB",1,"11",0.566,0.031,"4","1",0.5625,0,"1","1","1","1"
"1","FB",1,"11",0.566,0.031,"4","1",0.5625,0,"1","1","1","1"
"1","FB",1,"11",0.566,0.031,"4","1",0.5625,0,"1","1","1","1"
"1","FB",1,"11",0.566,0.031,"4","1",0.5625,0,"1","1","1","1"
"1","FB",1,"11",0.566,0.031,"4","1",0.5625,0,"1","1","1","1"
"1","FB",1,"11",0.566,0.031,"4","1",0.5625,0,"1","1","1","1"
"1","FB",1,"11",0.566,0.031,"4","1",0.5625,0,"1","1","1","1"
"1","FB",1,"11",0.566,0.031,"4","1",0.5625,0,"1","1","1","1"
"1","LR",0,"11",0.566,0.031,"4","1",0.5625,0,"1","1","1","1"
"1","LR",0,"11",0.566,0.031,"4","1",0.5625,0,"1","1","1","1"
"1","LR",0,"11",0.566,0.031,"4","1",0.5625,0,"1","1","1","1"
"1","LR",0,"11",0.566,0.031,"4","1",0.5625,0,"1","1","1","1"
"1","LR",0,"11",0.566,0.031,"4","1",0.5625,0,"1","1","1","1"
"1","LR",0,"11",0.566,0.031,"4","1",0.5625,0,"1","1","1","1"
"1","LR",0,"11",0.566,0.031,"4","1",0.5625,0,"1","1","1","1"
"1","LR",0,"11",0.566,0.031,"4","1",0.5625,0,"1","1","1","1"
"1","LR",0,"11",0.566,0.031,"4","1",0.5625,0,"1","1","1","1"
"1","LR",0,"11",0.566,0.031,"4","1",0.5625,0,"1","1","1","1"
"1","LR",0,"11",0.566,0.031,"4","1",0.5625,0,"1","1","1","1"
"1","LR",0,"11",0.566,0.031,"4","1",0.5625,0,"1","1","1","1"
"1","LR",0,"11",0.566,0.031,"4","1",0.5625,0,"1","1","1","1"
"1","LR",0,"11",0.566,0.031,"4","1",0.5625,0,"1","1","1","1"
"1","LR",0,"11",0.566,0.031,"4","1",0.5625,0,"1","1","1","1"
"1","LR",0,"11",0.566,0.031,"4","1",0.5625,0,"1","1","1","1"
"2","FB",0,"15",0.611,0.957,"1","4",0.375,0.9375,"2","2","2","2"
"2","FB",0,"15",0.611,0.957,"1","4",0.375,0.9375,"2","2","2","2"
"2","FB",0,"15",0.611,0.957,"1","4",0.375,0.9375,"2","2","2","2"
"2","FB",0,"15",0.611,0.957,"1","4",0.375,0.9375,"2","2","2","2"
"2","FB",0,"15",0.611,0.957,"1","4",0.375,0.9375,"2","2","2","2"
"2","FB",0,"15",0.611,0.957,"1","4",0.375,0.9375,"2","2","2","2"
"2","FB",0,"15",0.611,0.957,"1","4",0.375,0.9375,"2","2","2","2"
"2","FB",0,"15",0.611,0.957,"1","4",0.375,0.9375,"2","2","2","2"
"2","FB",0,"15",0.611,0.957,"1","4",0.375,0.9375,"2","2","2","2"
"2","FB",0,"15",0.611,0.957,"1","4",0.375,0.9375,"2","2","2","2"
"2","FB",1,"15",0.611,0.957,"1","4",0.375,0.9375,"2","2","2","2"
"2","FB",1,"15",0.611,0.957,"1","4",0.375,0.9375,"2","2","2","2"
"2","FB",1,"15",0.611,0.957,"1","4",0.375,0.9375,"2","2","2","2"
"2","FB",1,"15",0.611,0.957,"1","4",0.375,0.9375,"2","2","2","2"
"2","FB",1,"15",0.611,0.957,"1","4",0.375,0.9375,"2","2","2","2"
"2","FB",1,"15",0.611,0.957,"1","4",0.375,0.9375,"2","2","2","2"
"2","LR",0,"15",0.611,0.957,"1","4",0.375,0.9375,"2","2","2","2"
"2","LR",1,"15",0.611,0.957,"1","4",0.375,0.9375,"2","2","2","2"
"2","LR",1,"15",0.611,0.957,"1","4",0.375,0.9375,"2","2","2","2"
"2","LR",1,"15",0.611,0.957,"1","4",0.375,0.9375,"2","2","2","2"
"2","LR",1,"15",0.611,0.957,"1","4",0.375,0.9375,"2","2","2","2"
"2","LR",1,"15",0.611,0.957,"1","4",0.375,0.9375,"2","2","2","2"
"2","LR",1,"15",0.611,0.957,"1","4",0.375,0.9375,"2","2","2","2"
"2","LR",1,"15",0.611,0.957,"1","4",0.375,0.9375,"2","2","2","2"
"2","LR",1,"15",0.611,0.957,"1","4",0.375,0.9375,"2","2","2","2"
"2","LR",1,"15",0.611,0.957,"1","4",0.375,0.9375,"2","2","2","2"
"2","LR",1,"15",0.611,0.957,"1","4",0.375,0.9375,"2","2","2","2"
"2","LR",1,"15",0.611,0.957,"1","4",0.375,0.9375,"2","2","2","2"
"2","LR",1,"15",0.611,0.957,"1","4",0.375,0.9375,"2","2","2","2"
"2","LR",1,"15",0.611,0.957,"1","4",0.375,0.9375,"2","2","2","2"
"2","LR",1,"15",0.611,0.957,"1","4",0.375,0.9375,"2","2","2","2"
"2","LR",1,"15",0.611,0.957,"1","4",0.375,0.9375,"2","2","2","2"
"3","FB",0,"15",0.472,1,"1","4",0.375,1,"2","2","2","2"
"3","FB",0,"15",0.472,1,"1","4",0.375,1,"2","2","2","2"
"3","FB",0,"15",0.472,1,"1","4",0.375,1,"2","2","2","2"
"3","FB",0,"15",0.472,1,"1","4",0.375,1,"2","2","2","2"
"3","FB",0,"15",0.472,1,"1","4",0.375,1,"2","2","2","2"
"3","FB",0,"15",0.472,1,"1","4",0.375,1,"2","2","2","2"
"3","FB",0,"15",0.472,1,"1","4",0.375,1,"2","2","2","2"
"3","FB",0,"15",0.472,1,"1","4",0.375,1,"2","2","2","2"
"3","FB",0,"15",0.472,1,"1","4",0.375,1,"2","2","2","2"
"3","FB",0,"15",0.472,1,"1","4",0.375,1,"2","2","2","2"
"3","FB",1,"15",0.472,1,"1","4",0.375,1,"2","2","2","2"
"3","FB",1,"15",0.472,1,"1","4",0.375,1,"2","2","2","2"
"3","FB",1,"15",0.472,1,"1","4",0.375,1,"2","2","2","2"
"3","FB",1,"15",0.472,1,"1","4",0.375,1,"2","2","2","2"
"3","FB",1,"15",0.472,1,"1","4",0.375,1,"2","2","2","2"
"3","FB",1,"15",0.472,1,"1","4",0.375,1,"2","2","2","2"
"3","LR",1,"15",0.472,1,"1","4",0.375,1,"2","2","2","2"
"3","LR",1,"15",0.472,1,"1","4",0.375,1,"2","2","2","2"
"3","LR",1,"15",0.472,1,"1","4",0.375,1,"2","2","2","2"
"3","LR",1,"15",0.472,1,"1","4",0.375,1,"2","2","2","2"
"3","LR",1,"15",0.472,1,"1","4",0.375,1,"2","2","2","2"
"3","LR",1,"15",0.472,1,"1","4",0.375,1,"2","2","2","2"
"3","LR",1,"15",0.472,1,"1","4",0.375,1,"2","2","2","2"
"3","LR",1,"15",0.472,1,"1","4",0.375,1,"2","2","2","2"
"3","LR",1,"15",0.472,1,"1","4",0.375,1,"2","2","2","2"
"3","LR",1,"15",0.472,1,"1","4",0.375,1,"2","2","2","2"
"3","LR",1,"15",0.472,1,"1","4",0.375,1,"2","2","2","2"
"3","LR",1,"15",0.472,1,"1","4",0.375,1,"2","2","2","2"
"3","LR",1,"15",0.472,1,"1","4",0.375,1,"2","2","2","2"
"3","LR",1,"15",0.472,1,"1","4",0.375,1,"2","2","2","2"
"3","LR",1,"15",0.472,1,"1","4",0.375,1,"2","2","2","2"
"3","LR",1,"15",0.472,1,"1","4",0.375,1,"2","2","2","2"
"4","FB",0,"15",0.568,0.982,"1","4",0.5,0.9375,"2","2","2","2"
"4","FB",0,"15",0.568,0.982,"1","4",0.5,0.9375,"2","2","2","2"
"4","FB",0,"15",0.568,0.982,"1","4",0.5,0.9375,"2","2","2","2"
"4","FB",0,"15",0.568,0.982,"1","4",0.5,0.9375,"2","2","2","2"
"4","FB",0,"15",0.568,0.982,"1","4",0.5,0.9375,"2","2","2","2"
"4","FB",0,"15",0.568,0.982,"1","4",0.5,0.9375,"2","2","2","2"
"4","FB",0,"15",0.568,0.982,"1","4",0.5,0.9375,"2","2","2","2"
"4","FB",0,"15",0.568,0.982,"1","4",0.5,0.9375,"2","2","2","2"
"4","FB",1,"15",0.568,0.982,"1","4",0.5,0.9375,"2","2","2","2"
"4","FB",1,"15",0.568,0.982,"1","4",0.5,0.9375,"2","2","2","2"
"4","FB",1,"15",0.568,0.982,"1","4",0.5,0.9375,"2","2","2","2"
"4","FB",1,"15",0.568,0.982,"1","4",0.5,0.9375,"2","2","2","2"
"4","FB",1,"15",0.568,0.982,"1","4",0.5,0.9375,"2","2","2","2"
"4","FB",1,"15",0.568,0.982,"1","4",0.5,0.9375,"2","2","2","2"
"4","FB",1,"15",0.568,0.982,"1","4",0.5,0.9375,"2","2","2","2"
"4","FB",1,"15",0.568,0.982,"1","4",0.5,0.9375,"2","2","2","2"
"4","LR",0,"15",0.568,0.982,"1","4",0.5,0.9375,"2","2","2","2"
"4","LR",1,"15",0.568,0.982,"1","4",0.5,0.9375,"2","2","2","2"
"4","LR",1,"15",0.568,0.982,"1","4",0.5,0.9375,"2","2","2","2"
"4","LR",1,"15",0.568,0.982,"1","4",0.5,0.9375,"2","2","2","2"
"4","LR",1,"15",0.568,0.982,"1","4",0.5,0.9375,"2","2","2","2"
"4","LR",1,"15",0.568,0.982,"1","4",0.5,0.9375,"2","2","2","2"
"4","LR",1,"15",0.568,0.982,"1","4",0.5,0.9375,"2","2","2","2"
"4","LR",1,"15",0.568,0.982,"1","4",0.5,0.9375,"2","2","2","2"
"4","LR",1,"15",0.568,0.982,"1","4",0.5,0.9375,"2","2","2","2"
"4","LR",1,"15",0.568,0.982,"1","4",0.5,0.9375,"2","2","2","2"
"4","LR",1,"15",0.568,0.982,"1","4",0.5,0.9375,"2","2","2","2"
"4","LR",1,"15",0.568,0.982,"1","4",0.5,0.9375,"2","2","2","2"
"4","LR",1,"15",0.568,0.982,"1","4",0.5,0.9375,"2","2","2","2"
"4","LR",1,"15",0.568,0.982,"1","4",0.5,0.9375,"2","2","2","2"
"4","LR",1,"15",0.568,0.982,"1","4",0.5,0.9375,"2","2","2","2"
"4","LR",1,"15",0.568,0.982,"1","4",0.5,0.9375,"2","2","2","2"
"5","FB",1,"3",1,0.612,"2","3",1,0.5625,"3","3","3","3"
"5","FB",1,"3",1,0.612,"2","3",1,0.5625,"3","3","3","3"
"5","FB",1,"3",1,0.612,"2","3",1,0.5625,"3","3","3","3"
"5","FB",1,"3",1,0.612,"2","3",1,0.5625,"3","3","3","3"
"5","FB",1,"3",1,0.612,"2","3",1,0.5625,"3","3","3","3"
"5","FB",1,"3",1,0.612,"2","3",1,0.5625,"3","3","3","3"
"5","FB",1,"3",1,0.612,"2","3",1,0.5625,"3","3","3","3"
"5","FB",1,"3",1,0.612,"2","3",1,0.5625,"3","3","3","3"
"5","FB",1,"3",1,0.612,"2","3",1,0.5625,"3","3","3","3"
"5","FB",1,"3",1,0.612,"2","3",1,0.5625,"3","3","3","3"
"5","FB",1,"3",1,0.612,"2","3",1,0.5625,"3","3","3","3"
"5","FB",1,"3",1,0.612,"2","3",1,0.5625,"3","3","3","3"
"5","FB",1,"3",1,0.612,"2","3",1,0.5625,"3","3","3","3"
"5","FB",1,"3",1,0.612,"2","3",1,0.5625,"3","3","3","3"
"5","FB",1,"3",1,0.612,"2","3",1,0.5625,"3","3","3","3"
"5","FB",1,"3",1,0.612,"2","3",1,0.5625,"3","3","3","3"
"5","LR",0,"3",1,0.612,"2","3",1,0.5625,"3","3","3","3"
"5","LR",0,"3",1,0.612,"2","3",1,0.5625,"3","3","3","3"
"5","LR",0,"3",1,0.612,"2","3",1,0.5625,"3","3","3","3"
"5","LR",0,"3",1,0.612,"2","3",1,0.5625,"3","3","3","3"
"5","LR",0,"3",1,0.612,"2","3",1,0.5625,"3","3","3","3"
"5","LR",0,"3",1,0.612,"2","3",1,0.5625,"3","3","3","3"
"5","LR",0,"3",1,0.612,"2","3",1,0.5625,"3","3","3","3"
"5","LR",1,"3",1,0.612,"2","3",1,0.5625,"3","3","3","3"
"5","LR",1,"3",1,0.612,"2","3",1,0.5625,"3","3","3","3"
"5","LR",1,"3",1,0.612,"2","3",1,0.5625,"3","3","3","3"
"5","LR",1,"3",1,0.612,"2","3",1,0.5625,"3","3","3","3"
"5","LR",1,"3",1,0.612,"2","3",1,0.5625,"3","3","3","3"
"5","LR",1,"3",1,0.612,"2","3",1,0.5625,"3","3","3","3"
"5","LR",1,"3",1,0.612,"2","3",1,0.5625,"3","3","3","3"
"5","LR",1,"3",1,0.612,"2","3",1,0.5625,"3","3","3","3"
"5","LR",1,"3",1,0.612,"2","3",1,0.5625,"3","3","3","3"
"6","FB",0,"15",0.588,0.956,"1","4",0.625,1,"2","2","2","2"
"6","FB",0,"15",0.588,0.956,"1","4",0.625,1,"2","2","2","2"
"6","FB",0,"15",0.588,0.956,"1","4",0.625,1,"2","2","2","2"
"6","FB",0,"15",0.588,0.956,"1","4",0.625,1,"2","2","2","2"
"6","FB",0,"15",0.588,0.956,"1","4",0.625,1,"2","2","2","2"
"6","FB",0,"15",0.588,0.956,"1","4",0.625,1,"2","2","2","2"
"6","FB",1,"15",0.588,0.956,"1","4",0.625,1,"2","2","2","2"
"6","FB",1,"15",0.588,0.956,"1","4",0.625,1,"2","2","2","2"
"6","FB",1,"15",0.588,0.956,"1","4",0.625,1,"2","2","2","2"
"6","FB",1,"15",0.588,0.956,"1","4",0.625,1,"2","2","2","2"
"6","FB",1,"15",0.588,0.956,"1","4",0.625,1,"2","2","2","2"
"6","FB",1,"15",0.588,0.956,"1","4",0.625,1,"2","2","2","2"
"6","FB",1,"15",0.588,0.956,"1","4",0.625,1,"2","2","2","2"
"6","FB",1,"15",0.588,0.956,"1","4",0.625,1,"2","2","2","2"
"6","FB",1,"15",0.588,0.956,"1","4",0.625,1,"2","2","2","2"
"6","FB",1,"15",0.588,0.956,"1","4",0.625,1,"2","2","2","2"
"6","LR",1,"15",0.588,0.956,"1","4",0.625,1,"2","2","2","2"
"6","LR",1,"15",0.588,0.956,"1","4",0.625,1,"2","2","2","2"
"6","LR",1,"15",0.588,0.956,"1","4",0.625,1,"2","2","2","2"
"6","LR",1,"15",0.588,0.956,"1","4",0.625,1,"2","2","2","2"
"6","LR",1,"15",0.588,0.956,"1","4",0.625,1,"2","2","2","2"
"6","LR",1,"15",0.588,0.956,"1","4",0.625,1,"2","2","2","2"
"6","LR",1,"15",0.588,0.956,"1","4",0.625,1,"2","2","2","2"
"6","LR",1,"15",0.588,0.956,"1","4",0.625,1,"2","2","2","2"
"6","LR",1,"15",0.588,0.956,"1","4",0.625,1,"2","2","2","2"
"6","LR",1,"15",0.588,0.956,"1","4",0.625,1,"2","2","2","2"
"6","LR",1,"15",0.588,0.956,"1","4",0.625,1,"2","2","2","2"
"6","LR",1,"15",0.588,0.956,"1","4",0.625,1,"2","2","2","2"
"6","LR",1,"15",0.588,0.956,"1","4",0.625,1,"2","2","2","2"
"6","LR",1,"15",0.588,0.956,"1","4",0.625,1,"2","2","2","2"
"6","LR",1,"15",0.588,0.956,"1","4",0.625,1,"2","2","2","2"
"6","LR",1,"15",0.588,0.956,"1","4",0.625,1,"2","2","2","2"
"7","FB",0,"11",0.507,0,"4","1",0.375,0,"1","1","1","1"
"7","FB",0,"11",0.507,0,"4","1",0.375,0,"1","1","1","1"
"7","FB",0,"11",0.507,0,"4","1",0.375,0,"1","1","1","1"
"7","FB",0,"11",0.507,0,"4","1",0.375,0,"1","1","1","1"
"7","FB",0,"11",0.507,0,"4","1",0.375,0,"1","1","1","1"
"7","FB",0,"11",0.507,0,"4","1",0.375,0,"1","1","1","1"
"7","FB",0,"11",0.507,0,"4","1",0.375,0,"1","1","1","1"
"7","FB",0,"11",0.507,0,"4","1",0.375,0,"1","1","1","1"
"7","FB",0,"11",0.507,0,"4","1",0.375,0,"1","1","1","1"
"7","FB",0,"11",0.507,0,"4","1",0.375,0,"1","1","1","1"
"7","FB",1,"11",0.507,0,"4","1",0.375,0,"1","1","1","1"
"7","FB",1,"11",0.507,0,"4","1",0.375,0,"1","1","1","1"
"7","FB",1,"11",0.507,0,"4","1",0.375,0,"1","1","1","1"
"7","FB",1,"11",0.507,0,"4","1",0.375,0,"1","1","1","1"
"7","FB",1,"11",0.507,0,"4","1",0.375,0,"1","1","1","1"
"7","FB",1,"11",0.507,0,"4","1",0.375,0,"1","1","1","1"
"7","LR",0,"11",0.507,0,"4","1",0.375,0,"1","1","1","1"
"7","LR",0,"11",0.507,0,"4","1",0.375,0,"1","1","1","1"
"7","LR",0,"11",0.507,0,"4","1",0.375,0,"1","1","1","1"
"7","LR",0,"11",0.507,0,"4","1",0.375,0,"1","1","1","1"
"7","LR",0,"11",0.507,0,"4","1",0.375,0,"1","1","1","1"
"7","LR",0,"11",0.507,0,"4","1",0.375,0,"1","1","1","1"
"7","LR",0,"11",0.507,0,"4","1",0.375,0,"1","1","1","1"
"7","LR",0,"11",0.507,0,"4","1",0.375,0,"1","1","1","1"
"7","LR",0,"11",0.507,0,"4","1",0.375,0,"1","1","1","1"
"7","LR",0,"11",0.507,0,"4","1",0.375,0,"1","1","1","1"
"7","LR",0,"11",0.507,0,"4","1",0.375,0,"1","1","1","1"
"7","LR",0,"11",0.507,0,"4","1",0.375,0,"1","1","1","1"
"7","LR",0,"11",0.507,0,"4","1",0.375,0,"1","1","1","1"
"7","LR",0,"11",0.507,0,"4","1",0.375,0,"1","1","1","1"
"7","LR",0,"11",0.507,0,"4","1",0.375,0,"1","1","1","1"
"7","LR",0,"11",0.507,0,"4","1",0.375,0,"1","1","1","1"
"8","FB",1,"3",0.981,0.488,"2","3",1,0.25,"3","3","3","3"
"8","FB",1,"3",0.981,0.488,"2","3",1,0.25,"3","3","3","3"
"8","FB",1,"3",0.981,0.488,"2","3",1,0.25,"3","3","3","3"
"8","FB",1,"3",0.981,0.488,"2","3",1,0.25,"3","3","3","3"
"8","FB",1,"3",0.981,0.488,"2","3",1,0.25,"3","3","3","3"
"8","FB",1,"3",0.981,0.488,"2","3",1,0.25,"3","3","3","3"
"8","FB",1,"3",0.981,0.488,"2","3",1,0.25,"3","3","3","3"
"8","FB",1,"3",0.981,0.488,"2","3",1,0.25,"3","3","3","3"
"8","FB",1,"3",0.981,0.488,"2","3",1,0.25,"3","3","3","3"
"8","FB",1,"3",0.981,0.488,"2","3",1,0.25,"3","3","3","3"
"8","FB",1,"3",0.981,0.488,"2","3",1,0.25,"3","3","3","3"
"8","FB",1,"3",0.981,0.488,"2","3",1,0.25,"3","3","3","3"
"8","FB",1,"3",0.981,0.488,"2","3",1,0.25,"3","3","3","3"
"8","FB",1,"3",0.981,0.488,"2","3",1,0.25,"3","3","3","3"
"8","FB",1,"3",0.981,0.488,"2","3",1,0.25,"3","3","3","3"
"8","FB",1,"3",0.981,0.488,"2","3",1,0.25,"3","3","3","3"
"8","LR",0,"3",0.981,0.488,"2","3",1,0.25,"3","3","3","3"
"8","LR",0,"3",0.981,0.488,"2","3",1,0.25,"3","3","3","3"
"8","LR",0,"3",0.981,0.488,"2","3",1,0.25,"3","3","3","3"
"8","LR",0,"3",0.981,0.488,"2","3",1,0.25,"3","3","3","3"
"8","LR",0,"3",0.981,0.488,"2","3",1,0.25,"3","3","3","3"
"8","LR",0,"3",0.981,0.488,"2","3",1,0.25,"3","3","3","3"
"8","LR",0,"3",0.981,0.488,"2","3",1,0.25,"3","3","3","3"
"8","LR",0,"3",0.981,0.488,"2","3",1,0.25,"3","3","3","3"
"8","LR",0,"3",0.981,0.488,"2","3",1,0.25,"3","3","3","3"
"8","LR",0,"3",0.981,0.488,"2","3",1,0.25,"3","3","3","3"
"8","LR",0,"3",0.981,0.488,"2","3",1,0.25,"3","3","3","3"
"8","LR",0,"3",0.981,0.488,"2","3",1,0.25,"3","3","3","3"
"8","LR",1,"3",0.981,0.488,"2","3",1,0.25,"3","3","3","3"
"8","LR",1,"3",0.981,0.488,"2","3",1,0.25,"3","3","3","3"
"8","LR",1,"3",0.981,0.488,"2","3",1,0.25,"3","3","3","3"
"8","LR",1,"3",0.981,0.488,"2","3",1,0.25,"3","3","3","3"
"9","FB",0,"15",0.544,1,"1","4",0.5625,1,"2","2","2","2"
"9","FB",0,"15",0.544,1,"1","4",0.5625,1,"2","2","2","2"
"9","FB",0,"15",0.544,1,"1","4",0.5625,1,"2","2","2","2"
"9","FB",0,"15",0.544,1,"1","4",0.5625,1,"2","2","2","2"
"9","FB",0,"15",0.544,1,"1","4",0.5625,1,"2","2","2","2"
"9","FB",0,"15",0.544,1,"1","4",0.5625,1,"2","2","2","2"
"9","FB",0,"15",0.544,1,"1","4",0.5625,1,"2","2","2","2"
"9","FB",1,"15",0.544,1,"1","4",0.5625,1,"2","2","2","2"
"9","FB",1,"15",0.544,1,"1","4",0.5625,1,"2","2","2","2"
"9","FB",1,"15",0.544,1,"1","4",0.5625,1,"2","2","2","2"
"9","FB",1,"15",0.544,1,"1","4",0.5625,1,"2","2","2","2"
"9","FB",1,"15",0.544,1,"1","4",0.5625,1,"2","2","2","2"
"9","FB",1,"15",0.544,1,"1","4",0.5625,1,"2","2","2","2"
"9","FB",1,"15",0.544,1,"1","4",0.5625,1,"2","2","2","2"
"9","FB",1,"15",0.544,1,"1","4",0.5625,1,"2","2","2","2"
"9","FB",1,"15",0.544,1,"1","4",0.5625,1,"2","2","2","2"
"9","LR",1,"15",0.544,1,"1","4",0.5625,1,"2","2","2","2"
"9","LR",1,"15",0.544,1,"1","4",0.5625,1,"2","2","2","2"
"9","LR",1,"15",0.544,1,"1","4",0.5625,1,"2","2","2","2"
"9","LR",1,"15",0.544,1,"1","4",0.5625,1,"2","2","2","2"
"9","LR",1,"15",0.544,1,"1","4",0.5625,1,"2","2","2","2"
"9","LR",1,"15",0.544,1,"1","4",0.5625,1,"2","2","2","2"
"9","LR",1,"15",0.544,1,"1","4",0.5625,1,"2","2","2","2"
"9","LR",1,"15",0.544,1,"1","4",0.5625,1,"2","2","2","2"
"9","LR",1,"15",0.544,1,"1","4",0.5625,1,"2","2","2","2"
"9","LR",1,"15",0.544,1,"1","4",0.5625,1,"2","2","2","2"
"9","LR",1,"15",0.544,1,"1","4",0.5625,1,"2","2","2","2"
"9","LR",1,"15",0.544,1,"1","4",0.5625,1,"2","2","2","2"
"9","LR",1,"15",0.544,1,"1","4",0.5625,1,"2","2","2","2"
"9","LR",1,"15",0.544,1,"1","4",0.5625,1,"2","2","2","2"
"9","LR",1,"15",0.544,1,"1","4",0.5625,1,"2","2","2","2"
"9","LR",1,"15",0.544,1,"1","4",0.5625,1,"2","2","2","2"
"10","FB",0,"11",0.493,0,"4","1",0.5,0,"1","1","1","1"
"10","FB",0,"11",0.493,0,"4","1",0.5,0,"1","1","1","1"
"10","FB",0,"11",0.493,0,"4","1",0.5,0,"1","1","1","1"
"10","FB",0,"11",0.493,0,"4","1",0.5,0,"1","1","1","1"
"10","FB",0,"11",0.493,0,"4","1",0.5,0,"1","1","1","1"
"10","FB",0,"11",0.493,0,"4","1",0.5,0,"1","1","1","1"
"10","FB",0,"11",0.493,0,"4","1",0.5,0,"1","1","1","1"
"10","FB",0,"11",0.493,0,"4","1",0.5,0,"1","1","1","1"
"10","FB",1,"11",0.493,0,"4","1",0.5,0,"1","1","1","1"
"10","FB",1,"11",0.493,0,"4","1",0.5,0,"1","1","1","1"
"10","FB",1,"11",0.493,0,"4","1",0.5,0,"1","1","1","1"
"10","FB",1,"11",0.493,0,"4","1",0.5,0,"1","1","1","1"
"10","FB",1,"11",0.493,0,"4","1",0.5,0,"1","1","1","1"
"10","FB",1,"11",0.493,0,"4","1",0.5,0,"1","1","1","1"
"10","FB",1,"11",0.493,0,"4","1",0.5,0,"1","1","1","1"
"10","FB",1,"11",0.493,0,"4","1",0.5,0,"1","1","1","1"
"10","LR",0,"11",0.493,0,"4","1",0.5,0,"1","1","1","1"
"10","LR",0,"11",0.493,0,"4","1",0.5,0,"1","1","1","1"
"10","LR",0,"11",0.493,0,"4","1",0.5,0,"1","1","1","1"
"10","LR",0,"11",0.493,0,"4","1",0.5,0,"1","1","1","1"
"10","LR",0,"11",0.493,0,"4","1",0.5,0,"1","1","1","1"
"10","LR",0,"11",0.493,0,"4","1",0.5,0,"1","1","1","1"
"10","LR",0,"11",0.493,0,"4","1",0.5,0,"1","1","1","1"
"10","LR",0,"11",0.493,0,"4","1",0.5,0,"1","1","1","1"
"10","LR",0,"11",0.493,0,"4","1",0.5,0,"1","1","1","1"
"10","LR",0,"11",0.493,0,"4","1",0.5,0,"1","1","1","1"
"10","LR",0,"11",0.493,0,"4","1",0.5,0,"1","1","1","1"
"10","LR",0,"11",0.493,0,"4","1",0.5,0,"1","1","1","1"
"10","LR",0,"11",0.493,0,"4","1",0.5,0,"1","1","1","1"
"10","LR",0,"11",0.493,0,"4","1",0.5,0,"1","1","1","1"
"10","LR",0,"11",0.493,0,"4","1",0.5,0,"1","1","1","1"
"10","LR",0,"11",0.493,0,"4","1",0.5,0,"1","1","1","1"
"11","FB",1,"3",1,0.457,"2","3",1,0.5,"3","3","3","3"
"11","FB",1,"3",1,0.457,"2","3",1,0.5,"3","3","3","3"
"11","FB",1,"3",1,0.457,"2","3",1,0.5,"3","3","3","3"
"11","FB",1,"3",1,0.457,"2","3",1,0.5,"3","3","3","3"
"11","FB",1,"3",1,0.457,"2","3",1,0.5,"3","3","3","3"
"11","FB",1,"3",1,0.457,"2","3",1,0.5,"3","3","3","3"
"11","FB",1,"3",1,0.457,"2","3",1,0.5,"3","3","3","3"
"11","FB",1,"3",1,0.457,"2","3",1,0.5,"3","3","3","3"
"11","FB",1,"3",1,0.457,"2","3",1,0.5,"3","3","3","3"
"11","FB",1,"3",1,0.457,"2","3",1,0.5,"3","3","3","3"
"11","FB",1,"3",1,0.457,"2","3",1,0.5,"3","3","3","3"
"11","FB",1,"3",1,0.457,"2","3",1,0.5,"3","3","3","3"
"11","FB",1,"3",1,0.457,"2","3",1,0.5,"3","3","3","3"
"11","FB",1,"3",1,0.457,"2","3",1,0.5,"3","3","3","3"
"11","FB",1,"3",1,0.457,"2","3",1,0.5,"3","3","3","3"
"11","FB",1,"3",1,0.457,"2","3",1,0.5,"3","3","3","3"
"11","LR",0,"3",1,0.457,"2","3",1,0.5,"3","3","3","3"
"11","LR",0,"3",1,0.457,"2","3",1,0.5,"3","3","3","3"
"11","LR",0,"3",1,0.457,"2","3",1,0.5,"3","3","3","3"
"11","LR",0,"3",1,0.457,"2","3",1,0.5,"3","3","3","3"
"11","LR",0,"3",1,0.457,"2","3",1,0.5,"3","3","3","3"
"11","LR",0,"3",1,0.457,"2","3",1,0.5,"3","3","3","3"
"11","LR",0,"3",1,0.457,"2","3",1,0.5,"3","3","3","3"
"11","LR",0,"3",1,0.457,"2","3",1,0.5,"3","3","3","3"
"11","LR",1,"3",1,0.457,"2","3",1,0.5,"3","3","3","3"
"11","LR",1,"3",1,0.457,"2","3",1,0.5,"3","3","3","3"
"11","LR",1,"3",1,0.457,"2","3",1,0.5,"3","3","3","3"
"11","LR",1,"3",1,0.457,"2","3",1,0.5,"3","3","3","3"
"11","LR",1,"3",1,0.457,"2","3",1,0.5,"3","3","3","3"
"11","LR",1,"3",1,0.457,"2","3",1,0.5,"3","3","3","3"
"11","LR",1,"3",1,0.457,"2","3",1,0.5,"3","3","3","3"
"11","LR",1,"3",1,0.457,"2","3",1,0.5,"3","3","3","3"
"12","FB",1,"3",1,0.509,"2","3",1,0.5625,"3","3","3","3"
"12","FB",1,"3",1,0.509,"2","3",1,0.5625,"3","3","3","3"
"12","FB",1,"3",1,0.509,"2","3",1,0.5625,"3","3","3","3"
"12","FB",1,"3",1,0.509,"2","3",1,0.5625,"3","3","3","3"
"12","FB",1,"3",1,0.509,"2","3",1,0.5625,"3","3","3","3"
"12","FB",1,"3",1,0.509,"2","3",1,0.5625,"3","3","3","3"
"12","FB",1,"3",1,0.509,"2","3",1,0.5625,"3","3","3","3"
"12","FB",1,"3",1,0.509,"2","3",1,0.5625,"3","3","3","3"
"12","FB",1,"3",1,0.509,"2","3",1,0.5625,"3","3","3","3"
"12","FB",1,"3",1,0.509,"2","3",1,0.5625,"3","3","3","3"
"12","FB",1,"3",1,0.509,"2","3",1,0.5625,"3","3","3","3"
"12","FB",1,"3",1,0.509,"2","3",1,0.5625,"3","3","3","3"
"12","FB",1,"3",1,0.509,"2","3",1,0.5625,"3","3","3","3"
"12","FB",1,"3",1,0.509,"2","3",1,0.5625,"3","3","3","3"
"12","FB",1,"3",1,0.509,"2","3",1,0.5625,"3","3","3","3"
"12","FB",1,"3",1,0.509,"2","3",1,0.5625,"3","3","3","3"
"12","LR",0,"3",1,0.509,"2","3",1,0.5625,"3","3","3","3"
"12","LR",0,"3",1,0.509,"2","3",1,0.5625,"3","3","3","3"
"12","LR",0,"3",1,0.509,"2","3",1,0.5625,"3","3","3","3"
"12","LR",0,"3",1,0.509,"2","3",1,0.5625,"3","3","3","3"
"12","LR",0,"3",1,0.509,"2","3",1,0.5625,"3","3","3","3"
"12","LR",0,"3",1,0.509,"2","3",1,0.5625,"3","3","3","3"
"12","LR",0,"3",1,0.509,"2","3",1,0.5625,"3","3","3","3"
"12","LR",1,"3",1,0.509,"2","3",1,0.5625,"3","3","3","3"
"12","LR",1,"3",1,0.509,"2","3",1,0.5625,"3","3","3","3"
"12","LR",1,"3",1,0.509,"2","3",1,0.5625,"3","3","3","3"
"12","LR",1,"3",1,0.509,"2","3",1,0.5625,"3","3","3","3"
"12","LR",1,"3",1,0.509,"2","3",1,0.5625,"3","3","3","3"
"12","LR",1,"3",1,0.509,"2","3",1,0.5625,"3","3","3","3"
"12","LR",1,"3",1,0.509,"2","3",1,0.5625,"3","3","3","3"
"12","LR",1,"3",1,0.509,"2","3",1,0.5625,"3","3","3","3"
"12","LR",1,"3",1,0.509,"2","3",1,0.5625,"3","3","3","3"
"13","FB",0,"23",0,0.454,"3","2",0,0.5,"5","4","4","4"
"13","FB",0,"23",0,0.454,"3","2",0,0.5,"5","4","4","4"
"13","FB",0,"23",0,0.454,"3","2",0,0.5,"5","4","4","4"
"13","FB",0,"23",0,0.454,"3","2",0,0.5,"5","4","4","4"
"13","FB",0,"23",0,0.454,"3","2",0,0.5,"5","4","4","4"
"13","FB",0,"23",0,0.454,"3","2",0,0.5,"5","4","4","4"
"13","FB",0,"23",0,0.454,"3","2",0,0.5,"5","4","4","4"
"13","FB",0,"23",0,0.454,"3","2",0,0.5,"5","4","4","4"
"13","FB",0,"23",0,0.454,"3","2",0,0.5,"5","4","4","4"
"13","FB",0,"23",0,0.454,"3","2",0,0.5,"5","4","4","4"
"13","FB",0,"23",0,0.454,"3","2",0,0.5,"5","4","4","4"
"13","FB",0,"23",0,0.454,"3","2",0,0.5,"5","4","4","4"
"13","FB",0,"23",0,0.454,"3","2",0,0.5,"5","4","4","4"
"13","FB",0,"23",0,0.454,"3","2",0,0.5,"5","4","4","4"
"13","FB",0,"23",0,0.454,"3","2",0,0.5,"5","4","4","4"
"13","FB",0,"23",0,0.454,"3","2",0,0.5,"5","4","4","4"
"13","LR",0,"23",0,0.454,"3","2",0,0.5,"5","4","4","4"
"13","LR",0,"23",0,0.454,"3","2",0,0.5,"5","4","4","4"
"13","LR",0,"23",0,0.454,"3","2",0,0.5,"5","4","4","4"
"13","LR",0,"23",0,0.454,"3","2",0,0.5,"5","4","4","4"
"13","LR",0,"23",0,0.454,"3","2",0,0.5,"5","4","4","4"
"13","LR",0,"23",0,0.454,"3","2",0,0.5,"5","4","4","4"
"13","LR",0,"23",0,0.454,"3","2",0,0.5,"5","4","4","4"
"13","LR",0,"23",0,0.454,"3","2",0,0.5,"5","4","4","4"
"13","LR",1,"23",0,0.454,"3","2",0,0.5,"5","4","4","4"
"13","LR",1,"23",0,0.454,"3","2",0,0.5,"5","4","4","4"
"13","LR",1,"23",0,0.454,"3","2",0,0.5,"5","4","4","4"
"13","LR",1,"23",0,0.454,"3","2",0,0.5,"5","4","4","4"
"13","LR",1,"23",0,0.454,"3","2",0,0.5,"5","4","4","4"
"13","LR",1,"23",0,0.454,"3","2",0,0.5,"5","4","4","4"
"13","LR",1,"23",0,0.454,"3","2",0,0.5,"5","4","4","4"
"13","LR",1,"23",0,0.454,"3","2",0,0.5,"5","4","4","4"
"14","FB",0,"23",0.017,0.566,"3","2",0,0.5,"5","4","4","4"
"14","FB",0,"23",0.017,0.566,"3","2",0,0.5,"5","4","4","4"
"14","FB",0,"23",0.017,0.566,"3","2",0,0.5,"5","4","4","4"
"14","FB",0,"23",0.017,0.566,"3","2",0,0.5,"5","4","4","4"
"14","FB",0,"23",0.017,0.566,"3","2",0,0.5,"5","4","4","4"
"14","FB",0,"23",0.017,0.566,"3","2",0,0.5,"5","4","4","4"
"14","FB",0,"23",0.017,0.566,"3","2",0,0.5,"5","4","4","4"
"14","FB",0,"23",0.017,0.566,"3","2",0,0.5,"5","4","4","4"
"14","FB",0,"23",0.017,0.566,"3","2",0,0.5,"5","4","4","4"
"14","FB",0,"23",0.017,0.566,"3","2",0,0.5,"5","4","4","4"
"14","FB",0,"23",0.017,0.566,"3","2",0,0.5,"5","4","4","4"
"14","FB",0,"23",0.017,0.566,"3","2",0,0.5,"5","4","4","4"
"14","FB",0,"23",0.017,0.566,"3","2",0,0.5,"5","4","4","4"
"14","FB",0,"23",0.017,0.566,"3","2",0,0.5,"5","4","4","4"
"14","FB",0,"23",0.017,0.566,"3","2",0,0.5,"5","4","4","4"
"14","FB",0,"23",0.017,0.566,"3","2",0,0.5,"5","4","4","4"
"14","LR",0,"23",0.017,0.566,"3","2",0,0.5,"5","4","4","4"
"14","LR",0,"23",0.017,0.566,"3","2",0,0.5,"5","4","4","4"
"14","LR",0,"23",0.017,0.566,"3","2",0,0.5,"5","4","4","4"
"14","LR",0,"23",0.017,0.566,"3","2",0,0.5,"5","4","4","4"
"14","LR",0,"23",0.017,0.566,"3","2",0,0.5,"5","4","4","4"
"14","LR",0,"23",0.017,0.566,"3","2",0,0.5,"5","4","4","4"
"14","LR",0,"23",0.017,0.566,"3","2",0,0.5,"5","4","4","4"
"14","LR",0,"23",0.017,0.566,"3","2",0,0.5,"5","4","4","4"
"14","LR",1,"23",0.017,0.566,"3","2",0,0.5,"5","4","4","4"
"14","LR",1,"23",0.017,0.566,"3","2",0,0.5,"5","4","4","4"
"14","LR",1,"23",0.017,0.566,"3","2",0,0.5,"5","4","4","4"
"14","LR",1,"23",0.017,0.566,"3","2",0,0.5,"5","4","4","4"
"14","LR",1,"23",0.017,0.566,"3","2",0,0.5,"5","4","4","4"
"14","LR",1,"23",0.017,0.566,"3","2",0,0.5,"5","4","4","4"
"14","LR",1,"23",0.017,0.566,"3","2",0,0.5,"5","4","4","4"
"14","LR",1,"23",0.017,0.566,"3","2",0,0.5,"5","4","4","4"
"15","FB",1,"3",1,0.515,"2","3",1,0.4375,"3","3","3","3"
"15","FB",1,"3",1,0.515,"2","3",1,0.4375,"3","3","3","3"
"15","FB",1,"3",1,0.515,"2","3",1,0.4375,"3","3","3","3"
"15","FB",1,"3",1,0.515,"2","3",1,0.4375,"3","3","3","3"
"15","FB",1,"3",1,0.515,"2","3",1,0.4375,"3","3","3","3"
"15","FB",1,"3",1,0.515,"2","3",1,0.4375,"3","3","3","3"
"15","FB",1,"3",1,0.515,"2","3",1,0.4375,"3","3","3","3"
"15","FB",1,"3",1,0.515,"2","3",1,0.4375,"3","3","3","3"
"15","FB",1,"3",1,0.515,"2","3",1,0.4375,"3","3","3","3"
"15","FB",1,"3",1,0.515,"2","3",1,0.4375,"3","3","3","3"
"15","FB",1,"3",1,0.515,"2","3",1,0.4375,"3","3","3","3"
"15","FB",1,"3",1,0.515,"2","3",1,0.4375,"3","3","3","3"
"15","FB",1,"3",1,0.515,"2","3",1,0.4375,"3","3","3","3"
"15","FB",1,"3",1,0.515,"2","3",1,0.4375,"3","3","3","3"
"15","FB",1,"3",1,0.515,"2","3",1,0.4375,"3","3","3","3"
"15","FB",1,"3",1,0.515,"2","3",1,0.4375,"3","3","3","3"
"15","LR",0,"3",1,0.515,"2","3",1,0.4375,"3","3","3","3"
"15","LR",0,"3",1,0.515,"2","3",1,0.4375,"3","3","3","3"
"15","LR",0,"3",1,0.515,"2","3",1,0.4375,"3","3","3","3"
"15","LR",0,"3",1,0.515,"2","3",1,0.4375,"3","3","3","3"
"15","LR",0,"3",1,0.515,"2","3",1,0.4375,"3","3","3","3"
"15","LR",0,"3",1,0.515,"2","3",1,0.4375,"3","3","3","3"
"15","LR",0,"3",1,0.515,"2","3",1,0.4375,"3","3","3","3"
"15","LR",0,"3",1,0.515,"2","3",1,0.4375,"3","3","3","3"
"15","LR",0,"3",1,0.515,"2","3",1,0.4375,"3","3","3","3"
"15","LR",1,"3",1,0.515,"2","3",1,0.4375,"3","3","3","3"
"15","LR",1,"3",1,0.515,"2","3",1,0.4375,"3","3","3","3"
"15","LR",1,"3",1,0.515,"2","3",1,0.4375,"3","3","3","3"
"15","LR",1,"3",1,0.515,"2","3",1,0.4375,"3","3","3","3"
"15","LR",1,"3",1,0.515,"2","3",1,0.4375,"3","3","3","3"
"15","LR",1,"3",1,0.515,"2","3",1,0.4375,"3","3","3","3"
"15","LR",1,"3",1,0.515,"2","3",1,0.4375,"3","3","3","3"
"16","FB",1,"3",1,0.528,"2","3",1,0.4375,"3","3","3","3"
"16","FB",1,"3",1,0.528,"2","3",1,0.4375,"3","3","3","3"
"16","FB",1,"3",1,0.528,"2","3",1,0.4375,"3","3","3","3"
"16","FB",1,"3",1,0.528,"2","3",1,0.4375,"3","3","3","3"
"16","FB",1,"3",1,0.528,"2","3",1,0.4375,"3","3","3","3"
"16","FB",1,"3",1,0.528,"2","3",1,0.4375,"3","3","3","3"
"16","FB",1,"3",1,0.528,"2","3",1,0.4375,"3","3","3","3"
"16","FB",1,"3",1,0.528,"2","3",1,0.4375,"3","3","3","3"
"16","FB",1,"3",1,0.528,"2","3",1,0.4375,"3","3","3","3"
"16","FB",1,"3",1,0.528,"2","3",1,0.4375,"3","3","3","3"
"16","FB",1,"3",1,0.528,"2","3",1,0.4375,"3","3","3","3"
"16","FB",1,"3",1,0.528,"2","3",1,0.4375,"3","3","3","3"
"16","FB",1,"3",1,0.528,"2","3",1,0.4375,"3","3","3","3"
"16","FB",1,"3",1,0.528,"2","3",1,0.4375,"3","3","3","3"
"16","FB",1,"3",1,0.528,"2","3",1,0.4375,"3","3","3","3"
"16","FB",1,"3",1,0.528,"2","3",1,0.4375,"3","3","3","3"
"16","LR",0,"3",1,0.528,"2","3",1,0.4375,"3","3","3","3"
"16","LR",0,"3",1,0.528,"2","3",1,0.4375,"3","3","3","3"
"16","LR",0,"3",1,0.528,"2","3",1,0.4375,"3","3","3","3"
"16","LR",0,"3",1,0.528,"2","3",1,0.4375,"3","3","3","3"
"16","LR",0,"3",1,0.528,"2","3",1,0.4375,"3","3","3","3"
"16","LR",0,"3",1,0.528,"2","3",1,0.4375,"3","3","3","3"
"16","LR",0,"3",1,0.528,"2","3",1,0.4375,"3","3","3","3"
"16","LR",0,"3",1,0.528,"2","3",1,0.4375,"3","3","3","3"
"16","LR",0,"3",1,0.528,"2","3",1,0.4375,"3","3","3","3"
"16","LR",1,"3",1,0.528,"2","3",1,0.4375,"3","3","3","3"
"16","LR",1,"3",1,0.528,"2","3",1,0.4375,"3","3","3","3"
"16","LR",1,"3",1,0.528,"2","3",1,0.4375,"3","3","3","3"
"16","LR",1,"3",1,0.528,"2","3",1,0.4375,"3","3","3","3"
"16","LR",1,"3",1,0.528,"2","3",1,0.4375,"3","3","3","3"
"16","LR",1,"3",1,0.528,"2","3",1,0.4375,"3","3","3","3"
"16","LR",1,"3",1,0.528,"2","3",1,0.4375,"3","3","3","3"
"17","FB",0,"11",0.411,0,"4","1",0.1875,0,"1","1","1","1"
"17","FB",0,"11",0.411,0,"4","1",0.1875,0,"1","1","1","1"
"17","FB",0,"11",0.411,0,"4","1",0.1875,0,"1","1","1","1"
"17","FB",0,"11",0.411,0,"4","1",0.1875,0,"1","1","1","1"
"17","FB",0,"11",0.411,0,"4","1",0.1875,0,"1","1","1","1"
"17","FB",0,"11",0.411,0,"4","1",0.1875,0,"1","1","1","1"
"17","FB",0,"11",0.411,0,"4","1",0.1875,0,"1","1","1","1"
"17","FB",0,"11",0.411,0,"4","1",0.1875,0,"1","1","1","1"
"17","FB",0,"11",0.411,0,"4","1",0.1875,0,"1","1","1","1"
"17","FB",0,"11",0.411,0,"4","1",0.1875,0,"1","1","1","1"
"17","FB",0,"11",0.411,0,"4","1",0.1875,0,"1","1","1","1"
"17","FB",0,"11",0.411,0,"4","1",0.1875,0,"1","1","1","1"
"17","FB",0,"11",0.411,0,"4","1",0.1875,0,"1","1","1","1"
"17","FB",1,"11",0.411,0,"4","1",0.1875,0,"1","1","1","1"
"17","FB",1,"11",0.411,0,"4","1",0.1875,0,"1","1","1","1"
"17","FB",1,"11",0.411,0,"4","1",0.1875,0,"1","1","1","1"
"17","LR",0,"11",0.411,0,"4","1",0.1875,0,"1","1","1","1"
"17","LR",0,"11",0.411,0,"4","1",0.1875,0,"1","1","1","1"
"17","LR",0,"11",0.411,0,"4","1",0.1875,0,"1","1","1","1"
"17","LR",0,"11",0.411,0,"4","1",0.1875,0,"1","1","1","1"
"17","LR",0,"11",0.411,0,"4","1",0.1875,0,"1","1","1","1"
"17","LR",0,"11",0.411,0,"4","1",0.1875,0,"1","1","1","1"
"17","LR",0,"11",0.411,0,"4","1",0.1875,0,"1","1","1","1"
"17","LR",0,"11",0.411,0,"4","1",0.1875,0,"1","1","1","1"
"17","LR",0,"11",0.411,0,"4","1",0.1875,0,"1","1","1","1"
"17","LR",0,"11",0.411,0,"4","1",0.1875,0,"1","1","1","1"
"17","LR",0,"11",0.411,0,"4","1",0.1875,0,"1","1","1","1"
"17","LR",0,"11",0.411,0,"4","1",0.1875,0,"1","1","1","1"
"17","LR",0,"11",0.411,0,"4","1",0.1875,0,"1","1","1","1"
"17","LR",0,"11",0.411,0,"4","1",0.1875,0,"1","1","1","1"
"17","LR",0,"11",0.411,0,"4","1",0.1875,0,"1","1","1","1"
"17","LR",0,"11",0.411,0,"4","1",0.1875,0,"1","1","1","1"
"18","FB",0,"3",0.963,0.504,"2","3",0.8125,0.4375,"4","3","6","3"
"18","FB",0,"3",0.963,0.504,"2","3",0.8125,0.4375,"4","3","6","3"
"18","FB",0,"3",0.963,0.504,"2","3",0.8125,0.4375,"4","3","6","3"
"18","FB",1,"3",0.963,0.504,"2","3",0.8125,0.4375,"4","3","6","3"
"18","FB",1,"3",0.963,0.504,"2","3",0.8125,0.4375,"4","3","6","3"
"18","FB",1,"3",0.963,0.504,"2","3",0.8125,0.4375,"4","3","6","3"
"18","FB",1,"3",0.963,0.504,"2","3",0.8125,0.4375,"4","3","6","3"
"18","FB",1,"3",0.963,0.504,"2","3",0.8125,0.4375,"4","3","6","3"
"18","FB",1,"3",0.963,0.504,"2","3",0.8125,0.4375,"4","3","6","3"
"18","FB",1,"3",0.963,0.504,"2","3",0.8125,0.4375,"4","3","6","3"
"18","FB",1,"3",0.963,0.504,"2","3",0.8125,0.4375,"4","3","6","3"
"18","FB",1,"3",0.963,0.504,"2","3",0.8125,0.4375,"4","3","6","3"
"18","FB",1,"3",0.963,0.504,"2","3",0.8125,0.4375,"4","3","6","3"
"18","FB",1,"3",0.963,0.504,"2","3",0.8125,0.4375,"4","3","6","3"
"18","FB",1,"3",0.963,0.504,"2","3",0.8125,0.4375,"4","3","6","3"
"18","FB",1,"3",0.963,0.504,"2","3",0.8125,0.4375,"4","3","6","3"
"18","LR",0,"3",0.963,0.504,"2","3",0.8125,0.4375,"4","3","6","3"
"18","LR",0,"3",0.963,0.504,"2","3",0.8125,0.4375,"4","3","6","3"
"18","LR",0,"3",0.963,0.504,"2","3",0.8125,0.4375,"4","3","6","3"
"18","LR",0,"3",0.963,0.504,"2","3",0.8125,0.4375,"4","3","6","3"
"18","LR",0,"3",0.963,0.504,"2","3",0.8125,0.4375,"4","3","6","3"
"18","LR",0,"3",0.963,0.504,"2","3",0.8125,0.4375,"4","3","6","3"
"18","LR",0,"3",0.963,0.504,"2","3",0.8125,0.4375,"4","3","6","3"
"18","LR",0,"3",0.963,0.504,"2","3",0.8125,0.4375,"4","3","6","3"
"18","LR",0,"3",0.963,0.504,"2","3",0.8125,0.4375,"4","3","6","3"
"18","LR",1,"3",0.963,0.504,"2","3",0.8125,0.4375,"4","3","6","3"
"18","LR",1,"3",0.963,0.504,"2","3",0.8125,0.4375,"4","3","6","3"
"18","LR",1,"3",0.963,0.504,"2","3",0.8125,0.4375,"4","3","6","3"
"18","LR",1,"3",0.963,0.504,"2","3",0.8125,0.4375,"4","3","6","3"
"18","LR",1,"3",0.963,0.504,"2","3",0.8125,0.4375,"4","3","6","3"
"18","LR",1,"3",0.963,0.504,"2","3",0.8125,0.4375,"4","3","6","3"
"18","LR",1,"3",0.963,0.504,"2","3",0.8125,0.4375,"4","3","6","3"
"19","FB",0,"15",0.446,0.986,"1","4",0.125,1,"2","2","2","2"
"19","FB",0,"15",0.446,0.986,"1","4",0.125,1,"2","2","2","2"
"19","FB",0,"15",0.446,0.986,"1","4",0.125,1,"2","2","2","2"
"19","FB",0,"15",0.446,0.986,"1","4",0.125,1,"2","2","2","2"
"19","FB",0,"15",0.446,0.986,"1","4",0.125,1,"2","2","2","2"
"19","FB",0,"15",0.446,0.986,"1","4",0.125,1,"2","2","2","2"
"19","FB",0,"15",0.446,0.986,"1","4",0.125,1,"2","2","2","2"
"19","FB",0,"15",0.446,0.986,"1","4",0.125,1,"2","2","2","2"
"19","FB",0,"15",0.446,0.986,"1","4",0.125,1,"2","2","2","2"
"19","FB",0,"15",0.446,0.986,"1","4",0.125,1,"2","2","2","2"
"19","FB",0,"15",0.446,0.986,"1","4",0.125,1,"2","2","2","2"
"19","FB",0,"15",0.446,0.986,"1","4",0.125,1,"2","2","2","2"
"19","FB",0,"15",0.446,0.986,"1","4",0.125,1,"2","2","2","2"
"19","FB",0,"15",0.446,0.986,"1","4",0.125,1,"2","2","2","2"
"19","FB",1,"15",0.446,0.986,"1","4",0.125,1,"2","2","2","2"
"19","FB",1,"15",0.446,0.986,"1","4",0.125,1,"2","2","2","2"
"19","LR",1,"15",0.446,0.986,"1","4",0.125,1,"2","2","2","2"
"19","LR",1,"15",0.446,0.986,"1","4",0.125,1,"2","2","2","2"
"19","LR",1,"15",0.446,0.986,"1","4",0.125,1,"2","2","2","2"
"19","LR",1,"15",0.446,0.986,"1","4",0.125,1,"2","2","2","2"
"19","LR",1,"15",0.446,0.986,"1","4",0.125,1,"2","2","2","2"
"19","LR",1,"15",0.446,0.986,"1","4",0.125,1,"2","2","2","2"
"19","LR",1,"15",0.446,0.986,"1","4",0.125,1,"2","2","2","2"
"19","LR",1,"15",0.446,0.986,"1","4",0.125,1,"2","2","2","2"
"19","LR",1,"15",0.446,0.986,"1","4",0.125,1,"2","2","2","2"
"19","LR",1,"15",0.446,0.986,"1","4",0.125,1,"2","2","2","2"
"19","LR",1,"15",0.446,0.986,"1","4",0.125,1,"2","2","2","2"
"19","LR",1,"15",0.446,0.986,"1","4",0.125,1,"2","2","2","2"
"19","LR",1,"15",0.446,0.986,"1","4",0.125,1,"2","2","2","2"
"19","LR",1,"15",0.446,0.986,"1","4",0.125,1,"2","2","2","2"
"19","LR",1,"15",0.446,0.986,"1","4",0.125,1,"2","2","2","2"
"19","LR",1,"15",0.446,0.986,"1","4",0.125,1,"2","2","2","2"
"20","FB",0,"15",0.483,1,"1","4",0.5,1,"2","2","2","2"
"20","FB",0,"15",0.483,1,"1","4",0.5,1,"2","2","2","2"
"20","FB",0,"15",0.483,1,"1","4",0.5,1,"2","2","2","2"
"20","FB",0,"15",0.483,1,"1","4",0.5,1,"2","2","2","2"
"20","FB",0,"15",0.483,1,"1","4",0.5,1,"2","2","2","2"
"20","FB",0,"15",0.483,1,"1","4",0.5,1,"2","2","2","2"
"20","FB",0,"15",0.483,1,"1","4",0.5,1,"2","2","2","2"
"20","FB",0,"15",0.483,1,"1","4",0.5,1,"2","2","2","2"
"20","FB",1,"15",0.483,1,"1","4",0.5,1,"2","2","2","2"
"20","FB",1,"15",0.483,1,"1","4",0.5,1,"2","2","2","2"
"20","FB",1,"15",0.483,1,"1","4",0.5,1,"2","2","2","2"
"20","FB",1,"15",0.483,1,"1","4",0.5,1,"2","2","2","2"
"20","FB",1,"15",0.483,1,"1","4",0.5,1,"2","2","2","2"
"20","FB",1,"15",0.483,1,"1","4",0.5,1,"2","2","2","2"
"20","FB",1,"15",0.483,1,"1","4",0.5,1,"2","2","2","2"
"20","FB",1,"15",0.483,1,"1","4",0.5,1,"2","2","2","2"
"20","LR",1,"15",0.483,1,"1","4",0.5,1,"2","2","2","2"
"20","LR",1,"15",0.483,1,"1","4",0.5,1,"2","2","2","2"
"20","LR",1,"15",0.483,1,"1","4",0.5,1,"2","2","2","2"
"20","LR",1,"15",0.483,1,"1","4",0.5,1,"2","2","2","2"
"20","LR",1,"15",0.483,1,"1","4",0.5,1,"2","2","2","2"
"20","LR",1,"15",0.483,1,"1","4",0.5,1,"2","2","2","2"
"20","LR",1,"15",0.483,1,"1","4",0.5,1,"2","2","2","2"
"20","LR",1,"15",0.483,1,"1","4",0.5,1,"2","2","2","2"
"20","LR",1,"15",0.483,1,"1","4",0.5,1,"2","2","2","2"
"20","LR",1,"15",0.483,1,"1","4",0.5,1,"2","2","2","2"
"20","LR",1,"15",0.483,1,"1","4",0.5,1,"2","2","2","2"
"20","LR",1,"15",0.483,1,"1","4",0.5,1,"2","2","2","2"
"20","LR",1,"15",0.483,1,"1","4",0.5,1,"2","2","2","2"
"20","LR",1,"15",0.483,1,"1","4",0.5,1,"2","2","2","2"
"20","LR",1,"15",0.483,1,"1","4",0.5,1,"2","2","2","2"
"20","LR",1,"15",0.483,1,"1","4",0.5,1,"2","2","2","2"
"21","FB",0,"15",0.455,0.995,"1","4",0.6875,1,"2","2","2","2"
"21","FB",0,"15",0.455,0.995,"1","4",0.6875,1,"2","2","2","2"
"21","FB",0,"15",0.455,0.995,"1","4",0.6875,1,"2","2","2","2"
"21","FB",0,"15",0.455,0.995,"1","4",0.6875,1,"2","2","2","2"
"21","FB",0,"15",0.455,0.995,"1","4",0.6875,1,"2","2","2","2"
"21","FB",1,"15",0.455,0.995,"1","4",0.6875,1,"2","2","2","2"
"21","FB",1,"15",0.455,0.995,"1","4",0.6875,1,"2","2","2","2"
"21","FB",1,"15",0.455,0.995,"1","4",0.6875,1,"2","2","2","2"
"21","FB",1,"15",0.455,0.995,"1","4",0.6875,1,"2","2","2","2"
"21","FB",1,"15",0.455,0.995,"1","4",0.6875,1,"2","2","2","2"
"21","FB",1,"15",0.455,0.995,"1","4",0.6875,1,"2","2","2","2"
"21","FB",1,"15",0.455,0.995,"1","4",0.6875,1,"2","2","2","2"
"21","FB",1,"15",0.455,0.995,"1","4",0.6875,1,"2","2","2","2"
"21","FB",1,"15",0.455,0.995,"1","4",0.6875,1,"2","2","2","2"
"21","FB",1,"15",0.455,0.995,"1","4",0.6875,1,"2","2","2","2"
"21","FB",1,"15",0.455,0.995,"1","4",0.6875,1,"2","2","2","2"
"21","LR",1,"15",0.455,0.995,"1","4",0.6875,1,"2","2","2","2"
"21","LR",1,"15",0.455,0.995,"1","4",0.6875,1,"2","2","2","2"
"21","LR",1,"15",0.455,0.995,"1","4",0.6875,1,"2","2","2","2"
"21","LR",1,"15",0.455,0.995,"1","4",0.6875,1,"2","2","2","2"
"21","LR",1,"15",0.455,0.995,"1","4",0.6875,1,"2","2","2","2"
"21","LR",1,"15",0.455,0.995,"1","4",0.6875,1,"2","2","2","2"
"21","LR",1,"15",0.455,0.995,"1","4",0.6875,1,"2","2","2","2"
"21","LR",1,"15",0.455,0.995,"1","4",0.6875,1,"2","2","2","2"
"21","LR",1,"15",0.455,0.995,"1","4",0.6875,1,"2","2","2","2"
"21","LR",1,"15",0.455,0.995,"1","4",0.6875,1,"2","2","2","2"
"21","LR",1,"15",0.455,0.995,"1","4",0.6875,1,"2","2","2","2"
"21","LR",1,"15",0.455,0.995,"1","4",0.6875,1,"2","2","2","2"
"21","LR",1,"15",0.455,0.995,"1","4",0.6875,1,"2","2","2","2"
"21","LR",1,"15",0.455,0.995,"1","4",0.6875,1,"2","2","2","2"
"21","LR",1,"15",0.455,0.995,"1","4",0.6875,1,"2","2","2","2"
"21","LR",1,"15",0.455,0.995,"1","4",0.6875,1,"2","2","2","2"
"22","FB",0,"23",0.02,0.5,"3","2",0,0.4375,"5","4","4","4"
"22","FB",0,"23",0.02,0.5,"3","2",0,0.4375,"5","4","4","4"
"22","FB",0,"23",0.02,0.5,"3","2",0,0.4375,"5","4","4","4"
"22","FB",0,"23",0.02,0.5,"3","2",0,0.4375,"5","4","4","4"
"22","FB",0,"23",0.02,0.5,"3","2",0,0.4375,"5","4","4","4"
"22","FB",0,"23",0.02,0.5,"3","2",0,0.4375,"5","4","4","4"
"22","FB",0,"23",0.02,0.5,"3","2",0,0.4375,"5","4","4","4"
"22","FB",0,"23",0.02,0.5,"3","2",0,0.4375,"5","4","4","4"
"22","FB",0,"23",0.02,0.5,"3","2",0,0.4375,"5","4","4","4"
"22","FB",0,"23",0.02,0.5,"3","2",0,0.4375,"5","4","4","4"
"22","FB",0,"23",0.02,0.5,"3","2",0,0.4375,"5","4","4","4"
"22","FB",0,"23",0.02,0.5,"3","2",0,0.4375,"5","4","4","4"
"22","FB",0,"23",0.02,0.5,"3","2",0,0.4375,"5","4","4","4"
"22","FB",0,"23",0.02,0.5,"3","2",0,0.4375,"5","4","4","4"
"22","FB",0,"23",0.02,0.5,"3","2",0,0.4375,"5","4","4","4"
"22","FB",0,"23",0.02,0.5,"3","2",0,0.4375,"5","4","4","4"
"22","LR",0,"23",0.02,0.5,"3","2",0,0.4375,"5","4","4","4"
"22","LR",0,"23",0.02,0.5,"3","2",0,0.4375,"5","4","4","4"
"22","LR",0,"23",0.02,0.5,"3","2",0,0.4375,"5","4","4","4"
"22","LR",0,"23",0.02,0.5,"3","2",0,0.4375,"5","4","4","4"
"22","LR",0,"23",0.02,0.5,"3","2",0,0.4375,"5","4","4","4"
"22","LR",0,"23",0.02,0.5,"3","2",0,0.4375,"5","4","4","4"
"22","LR",0,"23",0.02,0.5,"3","2",0,0.4375,"5","4","4","4"
"22","LR",0,"23",0.02,0.5,"3","2",0,0.4375,"5","4","4","4"
"22","LR",0,"23",0.02,0.5,"3","2",0,0.4375,"5","4","4","4"
"22","LR",1,"23",0.02,0.5,"3","2",0,0.4375,"5","4","4","4"
"22","LR",1,"23",0.02,0.5,"3","2",0,0.4375,"5","4","4","4"
"22","LR",1,"23",0.02,0.5,"3","2",0,0.4375,"5","4","4","4"
"22","LR",1,"23",0.02,0.5,"3","2",0,0.4375,"5","4","4","4"
"22","LR",1,"23",0.02,0.5,"3","2",0,0.4375,"5","4","4","4"
"22","LR",1,"23",0.02,0.5,"3","2",0,0.4375,"5","4","4","4"
"22","LR",1,"23",0.02,0.5,"3","2",0,0.4375,"5","4","4","4"
"23","FB",1,"3",1,0.48,"2","3",1,0.5625,"3","3","3","3"
"23","FB",1,"3",1,0.48,"2","3",1,0.5625,"3","3","3","3"
"23","FB",1,"3",1,0.48,"2","3",1,0.5625,"3","3","3","3"
"23","FB",1,"3",1,0.48,"2","3",1,0.5625,"3","3","3","3"
"23","FB",1,"3",1,0.48,"2","3",1,0.5625,"3","3","3","3"
"23","FB",1,"3",1,0.48,"2","3",1,0.5625,"3","3","3","3"
"23","FB",1,"3",1,0.48,"2","3",1,0.5625,"3","3","3","3"
"23","FB",1,"3",1,0.48,"2","3",1,0.5625,"3","3","3","3"
"23","FB",1,"3",1,0.48,"2","3",1,0.5625,"3","3","3","3"
"23","FB",1,"3",1,0.48,"2","3",1,0.5625,"3","3","3","3"
"23","FB",1,"3",1,0.48,"2","3",1,0.5625,"3","3","3","3"
"23","FB",1,"3",1,0.48,"2","3",1,0.5625,"3","3","3","3"
"23","FB",1,"3",1,0.48,"2","3",1,0.5625,"3","3","3","3"
"23","FB",1,"3",1,0.48,"2","3",1,0.5625,"3","3","3","3"
"23","FB",1,"3",1,0.48,"2","3",1,0.5625,"3","3","3","3"
"23","FB",1,"3",1,0.48,"2","3",1,0.5625,"3","3","3","3"
"23","LR",0,"3",1,0.48,"2","3",1,0.5625,"3","3","3","3"
"23","LR",0,"3",1,0.48,"2","3",1,0.5625,"3","3","3","3"
"23","LR",0,"3",1,0.48,"2","3",1,0.5625,"3","3","3","3"
"23","LR",0,"3",1,0.48,"2","3",1,0.5625,"3","3","3","3"
"23","LR",0,"3",1,0.48,"2","3",1,0.5625,"3","3","3","3"
"23","LR",0,"3",1,0.48,"2","3",1,0.5625,"3","3","3","3"
"23","LR",0,"3",1,0.48,"2","3",1,0.5625,"3","3","3","3"
"23","LR",1,"3",1,0.48,"2","3",1,0.5625,"3","3","3","3"
"23","LR",1,"3",1,0.48,"2","3",1,0.5625,"3","3","3","3"
"23","LR",1,"3",1,0.48,"2","3",1,0.5625,"3","3","3","3"
"23","LR",1,"3",1,0.48,"2","3",1,0.5625,"3","3","3","3"
"23","LR",1,"3",1,0.48,"2","3",1,0.5625,"3","3","3","3"
"23","LR",1,"3",1,0.48,"2","3",1,0.5625,"3","3","3","3"
"23","LR",1,"3",1,0.48,"2","3",1,0.5625,"3","3","3","3"
"23","LR",1,"3",1,0.48,"2","3",1,0.5625,"3","3","3","3"
"23","LR",1,"3",1,0.48,"2","3",1,0.5625,"3","3","3","3"
"24","FB",0,"15",0.539,0.967,"1","4",0.6875,0.9375,"2","2","2","2"
"24","FB",0,"15",0.539,0.967,"1","4",0.6875,0.9375,"2","2","2","2"
"24","FB",0,"15",0.539,0.967,"1","4",0.6875,0.9375,"2","2","2","2"
"24","FB",0,"15",0.539,0.967,"1","4",0.6875,0.9375,"2","2","2","2"
"24","FB",0,"15",0.539,0.967,"1","4",0.6875,0.9375,"2","2","2","2"
"24","FB",1,"15",0.539,0.967,"1","4",0.6875,0.9375,"2","2","2","2"
"24","FB",1,"15",0.539,0.967,"1","4",0.6875,0.9375,"2","2","2","2"
"24","FB",1,"15",0.539,0.967,"1","4",0.6875,0.9375,"2","2","2","2"
"24","FB",1,"15",0.539,0.967,"1","4",0.6875,0.9375,"2","2","2","2"
"24","FB",1,"15",0.539,0.967,"1","4",0.6875,0.9375,"2","2","2","2"
"24","FB",1,"15",0.539,0.967,"1","4",0.6875,0.9375,"2","2","2","2"
"24","FB",1,"15",0.539,0.967,"1","4",0.6875,0.9375,"2","2","2","2"
"24","FB",1,"15",0.539,0.967,"1","4",0.6875,0.9375,"2","2","2","2"
"24","FB",1,"15",0.539,0.967,"1","4",0.6875,0.9375,"2","2","2","2"
"24","FB",1,"15",0.539,0.967,"1","4",0.6875,0.9375,"2","2","2","2"
"24","FB",1,"15",0.539,0.967,"1","4",0.6875,0.9375,"2","2","2","2"
"24","LR",0,"15",0.539,0.967,"1","4",0.6875,0.9375,"2","2","2","2"
"24","LR",1,"15",0.539,0.967,"1","4",0.6875,0.9375,"2","2","2","2"
"24","LR",1,"15",0.539,0.967,"1","4",0.6875,0.9375,"2","2","2","2"
"24","LR",1,"15",0.539,0.967,"1","4",0.6875,0.9375,"2","2","2","2"
"24","LR",1,"15",0.539,0.967,"1","4",0.6875,0.9375,"2","2","2","2"
"24","LR",1,"15",0.539,0.967,"1","4",0.6875,0.9375,"2","2","2","2"
"24","LR",1,"15",0.539,0.967,"1","4",0.6875,0.9375,"2","2","2","2"
"24","LR",1,"15",0.539,0.967,"1","4",0.6875,0.9375,"2","2","2","2"
"24","LR",1,"15",0.539,0.967,"1","4",0.6875,0.9375,"2","2","2","2"
"24","LR",1,"15",0.539,0.967,"1","4",0.6875,0.9375,"2","2","2","2"
"24","LR",1,"15",0.539,0.967,"1","4",0.6875,0.9375,"2","2","2","2"
"24","LR",1,"15",0.539,0.967,"1","4",0.6875,0.9375,"2","2","2","2"
"24","LR",1,"15",0.539,0.967,"1","4",0.6875,0.9375,"2","2","2","2"
"24","LR",1,"15",0.539,0.967,"1","4",0.6875,0.9375,"2","2","2","2"
"24","LR",1,"15",0.539,0.967,"1","4",0.6875,0.9375,"2","2","2","2"
"24","LR",1,"15",0.539,0.967,"1","4",0.6875,0.9375,"2","2","2","2"
"25","FB",0,"23",0.069,0.501,"3","2",0.125,0.375,"6","4","5","4"
"25","FB",0,"23",0.069,0.501,"3","2",0.125,0.375,"6","4","5","4"
"25","FB",0,"23",0.069,0.501,"3","2",0.125,0.375,"6","4","5","4"
"25","FB",0,"23",0.069,0.501,"3","2",0.125,0.375,"6","4","5","4"
"25","FB",0,"23",0.069,0.501,"3","2",0.125,0.375,"6","4","5","4"
"25","FB",0,"23",0.069,0.501,"3","2",0.125,0.375,"6","4","5","4"
"25","FB",0,"23",0.069,0.501,"3","2",0.125,0.375,"6","4","5","4"
"25","FB",0,"23",0.069,0.501,"3","2",0.125,0.375,"6","4","5","4"
"25","FB",0,"23",0.069,0.501,"3","2",0.125,0.375,"6","4","5","4"
"25","FB",0,"23",0.069,0.501,"3","2",0.125,0.375,"6","4","5","4"
"25","FB",0,"23",0.069,0.501,"3","2",0.125,0.375,"6","4","5","4"
"25","FB",0,"23",0.069,0.501,"3","2",0.125,0.375,"6","4","5","4"
"25","FB",0,"23",0.069,0.501,"3","2",0.125,0.375,"6","4","5","4"
"25","FB",0,"23",0.069,0.501,"3","2",0.125,0.375,"6","4","5","4"
"25","FB",1,"23",0.069,0.501,"3","2",0.125,0.375,"6","4","5","4"
"25","FB",1,"23",0.069,0.501,"3","2",0.125,0.375,"6","4","5","4"
"25","LR",0,"23",0.069,0.501,"3","2",0.125,0.375,"6","4","5","4"
"25","LR",0,"23",0.069,0.501,"3","2",0.125,0.375,"6","4","5","4"
"25","LR",0,"23",0.069,0.501,"3","2",0.125,0.375,"6","4","5","4"
"25","LR",0,"23",0.069,0.501,"3","2",0.125,0.375,"6","4","5","4"
"25","LR",0,"23",0.069,0.501,"3","2",0.125,0.375,"6","4","5","4"
"25","LR",0,"23",0.069,0.501,"3","2",0.125,0.375,"6","4","5","4"
"25","LR",0,"23",0.069,0.501,"3","2",0.125,0.375,"6","4","5","4"
"25","LR",0,"23",0.069,0.501,"3","2",0.125,0.375,"6","4","5","4"
"25","LR",0,"23",0.069,0.501,"3","2",0.125,0.375,"6","4","5","4"
"25","LR",0,"23",0.069,0.501,"3","2",0.125,0.375,"6","4","5","4"
"25","LR",1,"23",0.069,0.501,"3","2",0.125,0.375,"6","4","5","4"
"25","LR",1,"23",0.069,0.501,"3","2",0.125,0.375,"6","4","5","4"
"25","LR",1,"23",0.069,0.501,"3","2",0.125,0.375,"6","4","5","4"
"25","LR",1,"23",0.069,0.501,"3","2",0.125,0.375,"6","4","5","4"
"25","LR",1,"23",0.069,0.501,"3","2",0.125,0.375,"6","4","5","4"
"25","LR",1,"23",0.069,0.501,"3","2",0.125,0.375,"6","4","5","4"
"26","FB",0,"23",0,0.431,"3","2",0,0.5,"5","4","4","4"
"26","FB",0,"23",0,0.431,"3","2",0,0.5,"5","4","4","4"
"26","FB",0,"23",0,0.431,"3","2",0,0.5,"5","4","4","4"
"26","FB",0,"23",0,0.431,"3","2",0,0.5,"5","4","4","4"
"26","FB",0,"23",0,0.431,"3","2",0,0.5,"5","4","4","4"
"26","FB",0,"23",0,0.431,"3","2",0,0.5,"5","4","4","4"
"26","FB",0,"23",0,0.431,"3","2",0,0.5,"5","4","4","4"
"26","FB",0,"23",0,0.431,"3","2",0,0.5,"5","4","4","4"
"26","FB",0,"23",0,0.431,"3","2",0,0.5,"5","4","4","4"
"26","FB",0,"23",0,0.431,"3","2",0,0.5,"5","4","4","4"
"26","FB",0,"23",0,0.431,"3","2",0,0.5,"5","4","4","4"
"26","FB",0,"23",0,0.431,"3","2",0,0.5,"5","4","4","4"
"26","FB",0,"23",0,0.431,"3","2",0,0.5,"5","4","4","4"
"26","FB",0,"23",0,0.431,"3","2",0,0.5,"5","4","4","4"
"26","FB",0,"23",0,0.431,"3","2",0,0.5,"5","4","4","4"
"26","FB",0,"23",0,0.431,"3","2",0,0.5,"5","4","4","4"
"26","LR",0,"23",0,0.431,"3","2",0,0.5,"5","4","4","4"
"26","LR",0,"23",0,0.431,"3","2",0,0.5,"5","4","4","4"
"26","LR",0,"23",0,0.431,"3","2",0,0.5,"5","4","4","4"
"26","LR",0,"23",0,0.431,"3","2",0,0.5,"5","4","4","4"
"26","LR",0,"23",0,0.431,"3","2",0,0.5,"5","4","4","4"
"26","LR",0,"23",0,0.431,"3","2",0,0.5,"5","4","4","4"
"26","LR",0,"23",0,0.431,"3","2",0,0.5,"5","4","4","4"
"26","LR",0,"23",0,0.431,"3","2",0,0.5,"5","4","4","4"
"26","LR",1,"23",0,0.431,"3","2",0,0.5,"5","4","4","4"
"26","LR",1,"23",0,0.431,"3","2",0,0.5,"5","4","4","4"
"26","LR",1,"23",0,0.431,"3","2",0,0.5,"5","4","4","4"
"26","LR",1,"23",0,0.431,"3","2",0,0.5,"5","4","4","4"
"26","LR",1,"23",0,0.431,"3","2",0,0.5,"5","4","4","4"
"26","LR",1,"23",0,0.431,"3","2",0,0.5,"5","4","4","4"
"26","LR",1,"23",0,0.431,"3","2",0,0.5,"5","4","4","4"
"26","LR",1,"23",0,0.431,"3","2",0,0.5,"5","4","4","4"
"27","FB",0,"11",0.472,0.004,"4","1",0.5625,0,"1","1","1","1"
"27","FB",0,"11",0.472,0.004,"4","1",0.5625,0,"1","1","1","1"
"27","FB",0,"11",0.472,0.004,"4","1",0.5625,0,"1","1","1","1"
"27","FB",0,"11",0.472,0.004,"4","1",0.5625,0,"1","1","1","1"
"27","FB",0,"11",0.472,0.004,"4","1",0.5625,0,"1","1","1","1"
"27","FB",0,"11",0.472,0.004,"4","1",0.5625,0,"1","1","1","1"
"27","FB",0,"11",0.472,0.004,"4","1",0.5625,0,"1","1","1","1"
"27","FB",1,"11",0.472,0.004,"4","1",0.5625,0,"1","1","1","1"
"27","FB",1,"11",0.472,0.004,"4","1",0.5625,0,"1","1","1","1"
"27","FB",1,"11",0.472,0.004,"4","1",0.5625,0,"1","1","1","1"
"27","FB",1,"11",0.472,0.004,"4","1",0.5625,0,"1","1","1","1"
"27","FB",1,"11",0.472,0.004,"4","1",0.5625,0,"1","1","1","1"
"27","FB",1,"11",0.472,0.004,"4","1",0.5625,0,"1","1","1","1"
"27","FB",1,"11",0.472,0.004,"4","1",0.5625,0,"1","1","1","1"
"27","FB",1,"11",0.472,0.004,"4","1",0.5625,0,"1","1","1","1"
"27","FB",1,"11",0.472,0.004,"4","1",0.5625,0,"1","1","1","1"
"27","LR",0,"11",0.472,0.004,"4","1",0.5625,0,"1","1","1","1"
"27","LR",0,"11",0.472,0.004,"4","1",0.5625,0,"1","1","1","1"
"27","LR",0,"11",0.472,0.004,"4","1",0.5625,0,"1","1","1","1"
"27","LR",0,"11",0.472,0.004,"4","1",0.5625,0,"1","1","1","1"
"27","LR",0,"11",0.472,0.004,"4","1",0.5625,0,"1","1","1","1"
"27","LR",0,"11",0.472,0.004,"4","1",0.5625,0,"1","1","1","1"
"27","LR",0,"11",0.472,0.004,"4","1",0.5625,0,"1","1","1","1"
"27","LR",0,"11",0.472,0.004,"4","1",0.5625,0,"1","1","1","1"
"27","LR",0,"11",0.472,0.004,"4","1",0.5625,0,"1","1","1","1"
"27","LR",0,"11",0.472,0.004,"4","1",0.5625,0,"1","1","1","1"
"27","LR",0,"11",0.472,0.004,"4","1",0.5625,0,"1","1","1","1"
"27","LR",0,"11",0.472,0.004,"4","1",0.5625,0,"1","1","1","1"
"27","LR",0,"11",0.472,0.004,"4","1",0.5625,0,"1","1","1","1"
"27","LR",0,"11",0.472,0.004,"4","1",0.5625,0,"1","1","1","1"
"27","LR",0,"11",0.472,0.004,"4","1",0.5625,0,"1","1","1","1"
"27","LR",0,"11",0.472,0.004,"4","1",0.5625,0,"1","1","1","1"
"28","FB",0,"3",0.921,0.462,"2","3",0.8125,0.375,"4","3","6","3"
"28","FB",0,"3",0.921,0.462,"2","3",0.8125,0.375,"4","3","6","3"
"28","FB",0,"3",0.921,0.462,"2","3",0.8125,0.375,"4","3","6","3"
"28","FB",1,"3",0.921,0.462,"2","3",0.8125,0.375,"4","3","6","3"
"28","FB",1,"3",0.921,0.462,"2","3",0.8125,0.375,"4","3","6","3"
"28","FB",1,"3",0.921,0.462,"2","3",0.8125,0.375,"4","3","6","3"
"28","FB",1,"3",0.921,0.462,"2","3",0.8125,0.375,"4","3","6","3"
"28","FB",1,"3",0.921,0.462,"2","3",0.8125,0.375,"4","3","6","3"
"28","FB",1,"3",0.921,0.462,"2","3",0.8125,0.375,"4","3","6","3"
"28","FB",1,"3",0.921,0.462,"2","3",0.8125,0.375,"4","3","6","3"
"28","FB",1,"3",0.921,0.462,"2","3",0.8125,0.375,"4","3","6","3"
"28","FB",1,"3",0.921,0.462,"2","3",0.8125,0.375,"4","3","6","3"
"28","FB",1,"3",0.921,0.462,"2","3",0.8125,0.375,"4","3","6","3"
"28","FB",1,"3",0.921,0.462,"2","3",0.8125,0.375,"4","3","6","3"
"28","FB",1,"3",0.921,0.462,"2","3",0.8125,0.375,"4","3","6","3"
"28","FB",1,"3",0.921,0.462,"2","3",0.8125,0.375,"4","3","6","3"
"28","LR",0,"3",0.921,0.462,"2","3",0.8125,0.375,"4","3","6","3"
"28","LR",0,"3",0.921,0.462,"2","3",0.8125,0.375,"4","3","6","3"
"28","LR",0,"3",0.921,0.462,"2","3",0.8125,0.375,"4","3","6","3"
"28","LR",0,"3",0.921,0.462,"2","3",0.8125,0.375,"4","3","6","3"
"28","LR",0,"3",0.921,0.462,"2","3",0.8125,0.375,"4","3","6","3"
"28","LR",0,"3",0.921,0.462,"2","3",0.8125,0.375,"4","3","6","3"
"28","LR",0,"3",0.921,0.462,"2","3",0.8125,0.375,"4","3","6","3"
"28","LR",0,"3",0.921,0.462,"2","3",0.8125,0.375,"4","3","6","3"
"28","LR",0,"3",0.921,0.462,"2","3",0.8125,0.375,"4","3","6","3"
"28","LR",0,"3",0.921,0.462,"2","3",0.8125,0.375,"4","3","6","3"
"28","LR",1,"3",0.921,0.462,"2","3",0.8125,0.375,"4","3","6","3"
"28","LR",1,"3",0.921,0.462,"2","3",0.8125,0.375,"4","3","6","3"
"28","LR",1,"3",0.921,0.462,"2","3",0.8125,0.375,"4","3","6","3"
"28","LR",1,"3",0.921,0.462,"2","3",0.8125,0.375,"4","3","6","3"
"28","LR",1,"3",0.921,0.462,"2","3",0.8125,0.375,"4","3","6","3"
"28","LR",1,"3",0.921,0.462,"2","3",0.8125,0.375,"4","3","6","3"
"29","FB",0,"11",0.476,0.005,"4","1",0.5625,0,"1","1","1","1"
"29","FB",0,"11",0.476,0.005,"4","1",0.5625,0,"1","1","1","1"
"29","FB",0,"11",0.476,0.005,"4","1",0.5625,0,"1","1","1","1"
"29","FB",0,"11",0.476,0.005,"4","1",0.5625,0,"1","1","1","1"
"29","FB",0,"11",0.476,0.005,"4","1",0.5625,0,"1","1","1","1"
"29","FB",0,"11",0.476,0.005,"4","1",0.5625,0,"1","1","1","1"
"29","FB",0,"11",0.476,0.005,"4","1",0.5625,0,"1","1","1","1"
"29","FB",1,"11",0.476,0.005,"4","1",0.5625,0,"1","1","1","1"
"29","FB",1,"11",0.476,0.005,"4","1",0.5625,0,"1","1","1","1"
"29","FB",1,"11",0.476,0.005,"4","1",0.5625,0,"1","1","1","1"
"29","FB",1,"11",0.476,0.005,"4","1",0.5625,0,"1","1","1","1"
"29","FB",1,"11",0.476,0.005,"4","1",0.5625,0,"1","1","1","1"
"29","FB",1,"11",0.476,0.005,"4","1",0.5625,0,"1","1","1","1"
"29","FB",1,"11",0.476,0.005,"4","1",0.5625,0,"1","1","1","1"
"29","FB",1,"11",0.476,0.005,"4","1",0.5625,0,"1","1","1","1"
"29","FB",1,"11",0.476,0.005,"4","1",0.5625,0,"1","1","1","1"
"29","LR",0,"11",0.476,0.005,"4","1",0.5625,0,"1","1","1","1"
"29","LR",0,"11",0.476,0.005,"4","1",0.5625,0,"1","1","1","1"
"29","LR",0,"11",0.476,0.005,"4","1",0.5625,0,"1","1","1","1"
"29","LR",0,"11",0.476,0.005,"4","1",0.5625,0,"1","1","1","1"
"29","LR",0,"11",0.476,0.005,"4","1",0.5625,0,"1","1","1","1"
"29","LR",0,"11",0.476,0.005,"4","1",0.5625,0,"1","1","1","1"
"29","LR",0,"11",0.476,0.005,"4","1",0.5625,0,"1","1","1","1"
"29","LR",0,"11",0.476,0.005,"4","1",0.5625,0,"1","1","1","1"
"29","LR",0,"11",0.476,0.005,"4","1",0.5625,0,"1","1","1","1"
"29","LR",0,"11",0.476,0.005,"4","1",0.5625,0,"1","1","1","1"
"29","LR",0,"11",0.476,0.005,"4","1",0.5625,0,"1","1","1","1"
"29","LR",0,"11",0.476,0.005,"4","1",0.5625,0,"1","1","1","1"
"29","LR",0,"11",0.476,0.005,"4","1",0.5625,0,"1","1","1","1"
"29","LR",0,"11",0.476,0.005,"4","1",0.5625,0,"1","1","1","1"
"29","LR",0,"11",0.476,0.005,"4","1",0.5625,0,"1","1","1","1"
"29","LR",0,"11",0.476,0.005,"4","1",0.5625,0,"1","1","1","1"
"30","FB",0,"15",0.538,1,"1","4",0.6875,1,"2","2","2","2"
"30","FB",0,"15",0.538,1,"1","4",0.6875,1,"2","2","2","2"
"30","FB",0,"15",0.538,1,"1","4",0.6875,1,"2","2","2","2"
"30","FB",0,"15",0.538,1,"1","4",0.6875,1,"2","2","2","2"
"30","FB",0,"15",0.538,1,"1","4",0.6875,1,"2","2","2","2"
"30","FB",1,"15",0.538,1,"1","4",0.6875,1,"2","2","2","2"
"30","FB",1,"15",0.538,1,"1","4",0.6875,1,"2","2","2","2"
"30","FB",1,"15",0.538,1,"1","4",0.6875,1,"2","2","2","2"
"30","FB",1,"15",0.538,1,"1","4",0.6875,1,"2","2","2","2"
"30","FB",1,"15",0.538,1,"1","4",0.6875,1,"2","2","2","2"
"30","FB",1,"15",0.538,1,"1","4",0.6875,1,"2","2","2","2"
"30","FB",1,"15",0.538,1,"1","4",0.6875,1,"2","2","2","2"
"30","FB",1,"15",0.538,1,"1","4",0.6875,1,"2","2","2","2"
"30","FB",1,"15",0.538,1,"1","4",0.6875,1,"2","2","2","2"
"30","FB",1,"15",0.538,1,"1","4",0.6875,1,"2","2","2","2"
"30","FB",1,"15",0.538,1,"1","4",0.6875,1,"2","2","2","2"
"30","LR",1,"15",0.538,1,"1","4",0.6875,1,"2","2","2","2"
"30","LR",1,"15",0.538,1,"1","4",0.6875,1,"2","2","2","2"
"30","LR",1,"15",0.538,1,"1","4",0.6875,1,"2","2","2","2"
"30","LR",1,"15",0.538,1,"1","4",0.6875,1,"2","2","2","2"
"30","LR",1,"15",0.538,1,"1","4",0.6875,1,"2","2","2","2"
"30","LR",1,"15",0.538,1,"1","4",0.6875,1,"2","2","2","2"
"30","LR",1,"15",0.538,1,"1","4",0.6875,1,"2","2","2","2"
"30","LR",1,"15",0.538,1,"1","4",0.6875,1,"2","2","2","2"
"30","LR",1,"15",0.538,1,"1","4",0.6875,1,"2","2","2","2"
"30","LR",1,"15",0.538,1,"1","4",0.6875,1,"2","2","2","2"
"30","LR",1,"15",0.538,1,"1","4",0.6875,1,"2","2","2","2"
"30","LR",1,"15",0.538,1,"1","4",0.6875,1,"2","2","2","2"
"30","LR",1,"15",0.538,1,"1","4",0.6875,1,"2","2","2","2"
"30","LR",1,"15",0.538,1,"1","4",0.6875,1,"2","2","2","2"
"30","LR",1,"15",0.538,1,"1","4",0.6875,1,"2","2","2","2"
"30","LR",1,"15",0.538,1,"1","4",0.6875,1,"2","2","2","2"
"31","FB",0,"23",0.021,0.419,"3","2",0,0.3125,"5","4","4","4"
"31","FB",0,"23",0.021,0.419,"3","2",0,0.3125,"5","4","4","4"
"31","FB",0,"23",0.021,0.419,"3","2",0,0.3125,"5","4","4","4"
"31","FB",0,"23",0.021,0.419,"3","2",0,0.3125,"5","4","4","4"
"31","FB",0,"23",0.021,0.419,"3","2",0,0.3125,"5","4","4","4"
"31","FB",0,"23",0.021,0.419,"3","2",0,0.3125,"5","4","4","4"
"31","FB",0,"23",0.021,0.419,"3","2",0,0.3125,"5","4","4","4"
"31","FB",0,"23",0.021,0.419,"3","2",0,0.3125,"5","4","4","4"
"31","FB",0,"23",0.021,0.419,"3","2",0,0.3125,"5","4","4","4"
"31","FB",0,"23",0.021,0.419,"3","2",0,0.3125,"5","4","4","4"
"31","FB",0,"23",0.021,0.419,"3","2",0,0.3125,"5","4","4","4"
"31","FB",0,"23",0.021,0.419,"3","2",0,0.3125,"5","4","4","4"
"31","FB",0,"23",0.021,0.419,"3","2",0,0.3125,"5","4","4","4"
"31","FB",0,"23",0.021,0.419,"3","2",0,0.3125,"5","4","4","4"
"31","FB",0,"23",0.021,0.419,"3","2",0,0.3125,"5","4","4","4"
"31","FB",0,"23",0.021,0.419,"3","2",0,0.3125,"5","4","4","4"
"31","LR",0,"23",0.021,0.419,"3","2",0,0.3125,"5","4","4","4"
"31","LR",0,"23",0.021,0.419,"3","2",0,0.3125,"5","4","4","4"
"31","LR",0,"23",0.021,0.419,"3","2",0,0.3125,"5","4","4","4"
"31","LR",0,"23",0.021,0.419,"3","2",0,0.3125,"5","4","4","4"
"31","LR",0,"23",0.021,0.419,"3","2",0,0.3125,"5","4","4","4"
"31","LR",0,"23",0.021,0.419,"3","2",0,0.3125,"5","4","4","4"
"31","LR",0,"23",0.021,0.419,"3","2",0,0.3125,"5","4","4","4"
"31","LR",0,"23",0.021,0.419,"3","2",0,0.3125,"5","4","4","4"
"31","LR",0,"23",0.021,0.419,"3","2",0,0.3125,"5","4","4","4"
"31","LR",0,"23",0.021,0.419,"3","2",0,0.3125,"5","4","4","4"
"31","LR",0,"23",0.021,0.419,"3","2",0,0.3125,"5","4","4","4"
"31","LR",1,"23",0.021,0.419,"3","2",0,0.3125,"5","4","4","4"
"31","LR",1,"23",0.021,0.419,"3","2",0,0.3125,"5","4","4","4"
"31","LR",1,"23",0.021,0.419,"3","2",0,0.3125,"5","4","4","4"
"31","LR",1,"23",0.021,0.419,"3","2",0,0.3125,"5","4","4","4"
"31","LR",1,"23",0.021,0.419,"3","2",0,0.3125,"5","4","4","4"
"32","FB",0,"11",0.589,0,"4","1",0.5,0,"1","1","1","1"
"32","FB",0,"11",0.589,0,"4","1",0.5,0,"1","1","1","1"
"32","FB",0,"11",0.589,0,"4","1",0.5,0,"1","1","1","1"
"32","FB",0,"11",0.589,0,"4","1",0.5,0,"1","1","1","1"
"32","FB",0,"11",0.589,0,"4","1",0.5,0,"1","1","1","1"
"32","FB",0,"11",0.589,0,"4","1",0.5,0,"1","1","1","1"
"32","FB",0,"11",0.589,0,"4","1",0.5,0,"1","1","1","1"
"32","FB",0,"11",0.589,0,"4","1",0.5,0,"1","1","1","1"
"32","FB",1,"11",0.589,0,"4","1",0.5,0,"1","1","1","1"
"32","FB",1,"11",0.589,0,"4","1",0.5,0,"1","1","1","1"
"32","FB",1,"11",0.589,0,"4","1",0.5,0,"1","1","1","1"
"32","FB",1,"11",0.589,0,"4","1",0.5,0,"1","1","1","1"
"32","FB",1,"11",0.589,0,"4","1",0.5,0,"1","1","1","1"
"32","FB",1,"11",0.589,0,"4","1",0.5,0,"1","1","1","1"
"32","FB",1,"11",0.589,0,"4","1",0.5,0,"1","1","1","1"
"32","FB",1,"11",0.589,0,"4","1",0.5,0,"1","1","1","1"
"32","LR",0,"11",0.589,0,"4","1",0.5,0,"1","1","1","1"
"32","LR",0,"11",0.589,0,"4","1",0.5,0,"1","1","1","1"
"32","LR",0,"11",0.589,0,"4","1",0.5,0,"1","1","1","1"
"32","LR",0,"11",0.589,0,"4","1",0.5,0,"1","1","1","1"
"32","LR",0,"11",0.589,0,"4","1",0.5,0,"1","1","1","1"
"32","LR",0,"11",0.589,0,"4","1",0.5,0,"1","1","1","1"
"32","LR",0,"11",0.589,0,"4","1",0.5,0,"1","1","1","1"
"32","LR",0,"11",0.589,0,"4","1",0.5,0,"1","1","1","1"
"32","LR",0,"11",0.589,0,"4","1",0.5,0,"1","1","1","1"
"32","LR",0,"11",0.589,0,"4","1",0.5,0,"1","1","1","1"
"32","LR",0,"11",0.589,0,"4","1",0.5,0,"1","1","1","1"
"32","LR",0,"11",0.589,0,"4","1",0.5,0,"1","1","1","1"
"32","LR",0,"11",0.589,0,"4","1",0.5,0,"1","1","1","1"
"32","LR",0,"11",0.589,0,"4","1",0.5,0,"1","1","1","1"
"32","LR",0,"11",0.589,0,"4","1",0.5,0,"1","1","1","1"
"32","LR",0,"11",0.589,0,"4","1",0.5,0,"1","1","1","1"
"33","FB",1,"3",1,0.534,"2","3",1,0.4375,"3","3","3","3"
"33","FB",1,"3",1,0.534,"2","3",1,0.4375,"3","3","3","3"
"33","FB",1,"3",1,0.534,"2","3",1,0.4375,"3","3","3","3"
"33","FB",1,"3",1,0.534,"2","3",1,0.4375,"3","3","3","3"
"33","FB",1,"3",1,0.534,"2","3",1,0.4375,"3","3","3","3"
"33","FB",1,"3",1,0.534,"2","3",1,0.4375,"3","3","3","3"
"33","FB",1,"3",1,0.534,"2","3",1,0.4375,"3","3","3","3"
"33","FB",1,"3",1,0.534,"2","3",1,0.4375,"3","3","3","3"
"33","FB",1,"3",1,0.534,"2","3",1,0.4375,"3","3","3","3"
"33","FB",1,"3",1,0.534,"2","3",1,0.4375,"3","3","3","3"
"33","FB",1,"3",1,0.534,"2","3",1,0.4375,"3","3","3","3"
"33","FB",1,"3",1,0.534,"2","3",1,0.4375,"3","3","3","3"
"33","FB",1,"3",1,0.534,"2","3",1,0.4375,"3","3","3","3"
"33","FB",1,"3",1,0.534,"2","3",1,0.4375,"3","3","3","3"
"33","FB",1,"3",1,0.534,"2","3",1,0.4375,"3","3","3","3"
"33","FB",1,"3",1,0.534,"2","3",1,0.4375,"3","3","3","3"
"33","LR",0,"3",1,0.534,"2","3",1,0.4375,"3","3","3","3"
"33","LR",0,"3",1,0.534,"2","3",1,0.4375,"3","3","3","3"
"33","LR",0,"3",1,0.534,"2","3",1,0.4375,"3","3","3","3"
"33","LR",0,"3",1,0.534,"2","3",1,0.4375,"3","3","3","3"
"33","LR",0,"3",1,0.534,"2","3",1,0.4375,"3","3","3","3"
"33","LR",0,"3",1,0.534,"2","3",1,0.4375,"3","3","3","3"
"33","LR",0,"3",1,0.534,"2","3",1,0.4375,"3","3","3","3"
"33","LR",0,"3",1,0.534,"2","3",1,0.4375,"3","3","3","3"
"33","LR",0,"3",1,0.534,"2","3",1,0.4375,"3","3","3","3"
"33","LR",1,"3",1,0.534,"2","3",1,0.4375,"3","3","3","3"
"33","LR",1,"3",1,0.534,"2","3",1,0.4375,"3","3","3","3"
"33","LR",1,"3",1,0.534,"2","3",1,0.4375,"3","3","3","3"
"33","LR",1,"3",1,0.534,"2","3",1,0.4375,"3","3","3","3"
"33","LR",1,"3",1,0.534,"2","3",1,0.4375,"3","3","3","3"
"33","LR",1,"3",1,0.534,"2","3",1,0.4375,"3","3","3","3"
"33","LR",1,"3",1,0.534,"2","3",1,0.4375,"3","3","3","3"
"34","FB",0,"11",0.479,0.008,"4","1",0.4375,0.0625,"1","1","1","1"
"34","FB",0,"11",0.479,0.008,"4","1",0.4375,0.0625,"1","1","1","1"
"34","FB",0,"11",0.479,0.008,"4","1",0.4375,0.0625,"1","1","1","1"
"34","FB",0,"11",0.479,0.008,"4","1",0.4375,0.0625,"1","1","1","1"
"34","FB",0,"11",0.479,0.008,"4","1",0.4375,0.0625,"1","1","1","1"
"34","FB",0,"11",0.479,0.008,"4","1",0.4375,0.0625,"1","1","1","1"
"34","FB",0,"11",0.479,0.008,"4","1",0.4375,0.0625,"1","1","1","1"
"34","FB",0,"11",0.479,0.008,"4","1",0.4375,0.0625,"1","1","1","1"
"34","FB",0,"11",0.479,0.008,"4","1",0.4375,0.0625,"1","1","1","1"
"34","FB",1,"11",0.479,0.008,"4","1",0.4375,0.0625,"1","1","1","1"
"34","FB",1,"11",0.479,0.008,"4","1",0.4375,0.0625,"1","1","1","1"
"34","FB",1,"11",0.479,0.008,"4","1",0.4375,0.0625,"1","1","1","1"
"34","FB",1,"11",0.479,0.008,"4","1",0.4375,0.0625,"1","1","1","1"
"34","FB",1,"11",0.479,0.008,"4","1",0.4375,0.0625,"1","1","1","1"
"34","FB",1,"11",0.479,0.008,"4","1",0.4375,0.0625,"1","1","1","1"
"34","FB",1,"11",0.479,0.008,"4","1",0.4375,0.0625,"1","1","1","1"
"34","LR",0,"11",0.479,0.008,"4","1",0.4375,0.0625,"1","1","1","1"
"34","LR",0,"11",0.479,0.008,"4","1",0.4375,0.0625,"1","1","1","1"
"34","LR",0,"11",0.479,0.008,"4","1",0.4375,0.0625,"1","1","1","1"
"34","LR",0,"11",0.479,0.008,"4","1",0.4375,0.0625,"1","1","1","1"
"34","LR",0,"11",0.479,0.008,"4","1",0.4375,0.0625,"1","1","1","1"
"34","LR",0,"11",0.479,0.008,"4","1",0.4375,0.0625,"1","1","1","1"
"34","LR",0,"11",0.479,0.008,"4","1",0.4375,0.0625,"1","1","1","1"
"34","LR",0,"11",0.479,0.008,"4","1",0.4375,0.0625,"1","1","1","1"
"34","LR",0,"11",0.479,0.008,"4","1",0.4375,0.0625,"1","1","1","1"
"34","LR",0,"11",0.479,0.008,"4","1",0.4375,0.0625,"1","1","1","1"
"34","LR",0,"11",0.479,0.008,"4","1",0.4375,0.0625,"1","1","1","1"
"34","LR",0,"11",0.479,0.008,"4","1",0.4375,0.0625,"1","1","1","1"
"34","LR",0,"11",0.479,0.008,"4","1",0.4375,0.0625,"1","1","1","1"
"34","LR",0,"11",0.479,0.008,"4","1",0.4375,0.0625,"1","1","1","1"
"34","LR",0,"11",0.479,0.008,"4","1",0.4375,0.0625,"1","1","1","1"
"34","LR",1,"11",0.479,0.008,"4","1",0.4375,0.0625,"1","1","1","1"
"35","FB",0,"15",0.459,0.972,"1","4",0.375,1,"2","2","2","2"
"35","FB",0,"15",0.459,0.972,"1","4",0.375,1,"2","2","2","2"
"35","FB",0,"15",0.459,0.972,"1","4",0.375,1,"2","2","2","2"
"35","FB",0,"15",0.459,0.972,"1","4",0.375,1,"2","2","2","2"
"35","FB",0,"15",0.459,0.972,"1","4",0.375,1,"2","2","2","2"
"35","FB",0,"15",0.459,0.972,"1","4",0.375,1,"2","2","2","2"
"35","FB",0,"15",0.459,0.972,"1","4",0.375,1,"2","2","2","2"
"35","FB",0,"15",0.459,0.972,"1","4",0.375,1,"2","2","2","2"
"35","FB",0,"15",0.459,0.972,"1","4",0.375,1,"2","2","2","2"
"35","FB",0,"15",0.459,0.972,"1","4",0.375,1,"2","2","2","2"
"35","FB",1,"15",0.459,0.972,"1","4",0.375,1,"2","2","2","2"
"35","FB",1,"15",0.459,0.972,"1","4",0.375,1,"2","2","2","2"
"35","FB",1,"15",0.459,0.972,"1","4",0.375,1,"2","2","2","2"
"35","FB",1,"15",0.459,0.972,"1","4",0.375,1,"2","2","2","2"
"35","FB",1,"15",0.459,0.972,"1","4",0.375,1,"2","2","2","2"
"35","FB",1,"15",0.459,0.972,"1","4",0.375,1,"2","2","2","2"
"35","LR",1,"15",0.459,0.972,"1","4",0.375,1,"2","2","2","2"
"35","LR",1,"15",0.459,0.972,"1","4",0.375,1,"2","2","2","2"
"35","LR",1,"15",0.459,0.972,"1","4",0.375,1,"2","2","2","2"
"35","LR",1,"15",0.459,0.972,"1","4",0.375,1,"2","2","2","2"
"35","LR",1,"15",0.459,0.972,"1","4",0.375,1,"2","2","2","2"
"35","LR",1,"15",0.459,0.972,"1","4",0.375,1,"2","2","2","2"
"35","LR",1,"15",0.459,0.972,"1","4",0.375,1,"2","2","2","2"
"35","LR",1,"15",0.459,0.972,"1","4",0.375,1,"2","2","2","2"
"35","LR",1,"15",0.459,0.972,"1","4",0.375,1,"2","2","2","2"
"35","LR",1,"15",0.459,0.972,"1","4",0.375,1,"2","2","2","2"
"35","LR",1,"15",0.459,0.972,"1","4",0.375,1,"2","2","2","2"
"35","LR",1,"15",0.459,0.972,"1","4",0.375,1,"2","2","2","2"
"35","LR",1,"15",0.459,0.972,"1","4",0.375,1,"2","2","2","2"
"35","LR",1,"15",0.459,0.972,"1","4",0.375,1,"2","2","2","2"
"35","LR",1,"15",0.459,0.972,"1","4",0.375,1,"2","2","2","2"
"35","LR",1,"15",0.459,0.972,"1","4",0.375,1,"2","2","2","2"
"36","FB",0,"11",0.517,0,"4","1",0.3125,0,"1","1","1","1"
"36","FB",0,"11",0.517,0,"4","1",0.3125,0,"1","1","1","1"
"36","FB",0,"11",0.517,0,"4","1",0.3125,0,"1","1","1","1"
"36","FB",0,"11",0.517,0,"4","1",0.3125,0,"1","1","1","1"
"36","FB",0,"11",0.517,0,"4","1",0.3125,0,"1","1","1","1"
"36","FB",0,"11",0.517,0,"4","1",0.3125,0,"1","1","1","1"
"36","FB",0,"11",0.517,0,"4","1",0.3125,0,"1","1","1","1"
"36","FB",0,"11",0.517,0,"4","1",0.3125,0,"1","1","1","1"
"36","FB",0,"11",0.517,0,"4","1",0.3125,0,"1","1","1","1"
"36","FB",0,"11",0.517,0,"4","1",0.3125,0,"1","1","1","1"
"36","FB",0,"11",0.517,0,"4","1",0.3125,0,"1","1","1","1"
"36","FB",1,"11",0.517,0,"4","1",0.3125,0,"1","1","1","1"
"36","FB",1,"11",0.517,0,"4","1",0.3125,0,"1","1","1","1"
"36","FB",1,"11",0.517,0,"4","1",0.3125,0,"1","1","1","1"
"36","FB",1,"11",0.517,0,"4","1",0.3125,0,"1","1","1","1"
"36","FB",1,"11",0.517,0,"4","1",0.3125,0,"1","1","1","1"
"36","LR",0,"11",0.517,0,"4","1",0.3125,0,"1","1","1","1"
"36","LR",0,"11",0.517,0,"4","1",0.3125,0,"1","1","1","1"
"36","LR",0,"11",0.517,0,"4","1",0.3125,0,"1","1","1","1"
"36","LR",0,"11",0.517,0,"4","1",0.3125,0,"1","1","1","1"
"36","LR",0,"11",0.517,0,"4","1",0.3125,0,"1","1","1","1"
"36","LR",0,"11",0.517,0,"4","1",0.3125,0,"1","1","1","1"
"36","LR",0,"11",0.517,0,"4","1",0.3125,0,"1","1","1","1"
"36","LR",0,"11",0.517,0,"4","1",0.3125,0,"1","1","1","1"
"36","LR",0,"11",0.517,0,"4","1",0.3125,0,"1","1","1","1"
"36","LR",0,"11",0.517,0,"4","1",0.3125,0,"1","1","1","1"
"36","LR",0,"11",0.517,0,"4","1",0.3125,0,"1","1","1","1"
"36","LR",0,"11",0.517,0,"4","1",0.3125,0,"1","1","1","1"
"36","LR",0,"11",0.517,0,"4","1",0.3125,0,"1","1","1","1"
"36","LR",0,"11",0.517,0,"4","1",0.3125,0,"1","1","1","1"
"36","LR",0,"11",0.517,0,"4","1",0.3125,0,"1","1","1","1"
"36","LR",0,"11",0.517,0,"4","1",0.3125,0,"1","1","1","1"
"37","FB",0,"23",0,0.459,"3","2",0,0.3125,"5","4","4","4"
"37","FB",0,"23",0,0.459,"3","2",0,0.3125,"5","4","4","4"
"37","FB",0,"23",0,0.459,"3","2",0,0.3125,"5","4","4","4"
"37","FB",0,"23",0,0.459,"3","2",0,0.3125,"5","4","4","4"
"37","FB",0,"23",0,0.459,"3","2",0,0.3125,"5","4","4","4"
"37","FB",0,"23",0,0.459,"3","2",0,0.3125,"5","4","4","4"
"37","FB",0,"23",0,0.459,"3","2",0,0.3125,"5","4","4","4"
"37","FB",0,"23",0,0.459,"3","2",0,0.3125,"5","4","4","4"
"37","FB",0,"23",0,0.459,"3","2",0,0.3125,"5","4","4","4"
"37","FB",0,"23",0,0.459,"3","2",0,0.3125,"5","4","4","4"
"37","FB",0,"23",0,0.459,"3","2",0,0.3125,"5","4","4","4"
"37","FB",0,"23",0,0.459,"3","2",0,0.3125,"5","4","4","4"
"37","FB",0,"23",0,0.459,"3","2",0,0.3125,"5","4","4","4"
"37","FB",0,"23",0,0.459,"3","2",0,0.3125,"5","4","4","4"
"37","FB",0,"23",0,0.459,"3","2",0,0.3125,"5","4","4","4"
"37","FB",0,"23",0,0.459,"3","2",0,0.3125,"5","4","4","4"
"37","LR",0,"23",0,0.459,"3","2",0,0.3125,"5","4","4","4"
"37","LR",0,"23",0,0.459,"3","2",0,0.3125,"5","4","4","4"
"37","LR",0,"23",0,0.459,"3","2",0,0.3125,"5","4","4","4"
"37","LR",0,"23",0,0.459,"3","2",0,0.3125,"5","4","4","4"
"37","LR",0,"23",0,0.459,"3","2",0,0.3125,"5","4","4","4"
"37","LR",0,"23",0,0.459,"3","2",0,0.3125,"5","4","4","4"
"37","LR",0,"23",0,0.459,"3","2",0,0.3125,"5","4","4","4"
"37","LR",0,"23",0,0.459,"3","2",0,0.3125,"5","4","4","4"
"37","LR",0,"23",0,0.459,"3","2",0,0.3125,"5","4","4","4"
"37","LR",0,"23",0,0.459,"3","2",0,0.3125,"5","4","4","4"
"37","LR",0,"23",0,0.459,"3","2",0,0.3125,"5","4","4","4"
"37","LR",1,"23",0,0.459,"3","2",0,0.3125,"5","4","4","4"
"37","LR",1,"23",0,0.459,"3","2",0,0.3125,"5","4","4","4"
"37","LR",1,"23",0,0.459,"3","2",0,0.3125,"5","4","4","4"
"37","LR",1,"23",0,0.459,"3","2",0,0.3125,"5","4","4","4"
"37","LR",1,"23",0,0.459,"3","2",0,0.3125,"5","4","4","4"
"38","FB",0,"11",0.539,0.019,"4","1",0.5,0.0625,"1","1","1","1"
"38","FB",0,"11",0.539,0.019,"4","1",0.5,0.0625,"1","1","1","1"
"38","FB",0,"11",0.539,0.019,"4","1",0.5,0.0625,"1","1","1","1"
"38","FB",0,"11",0.539,0.019,"4","1",0.5,0.0625,"1","1","1","1"
"38","FB",0,"11",0.539,0.019,"4","1",0.5,0.0625,"1","1","1","1"
"38","FB",0,"11",0.539,0.019,"4","1",0.5,0.0625,"1","1","1","1"
"38","FB",0,"11",0.539,0.019,"4","1",0.5,0.0625,"1","1","1","1"
"38","FB",0,"11",0.539,0.019,"4","1",0.5,0.0625,"1","1","1","1"
"38","FB",1,"11",0.539,0.019,"4","1",0.5,0.0625,"1","1","1","1"
"38","FB",1,"11",0.539,0.019,"4","1",0.5,0.0625,"1","1","1","1"
"38","FB",1,"11",0.539,0.019,"4","1",0.5,0.0625,"1","1","1","1"
"38","FB",1,"11",0.539,0.019,"4","1",0.5,0.0625,"1","1","1","1"
"38","FB",1,"11",0.539,0.019,"4","1",0.5,0.0625,"1","1","1","1"
"38","FB",1,"11",0.539,0.019,"4","1",0.5,0.0625,"1","1","1","1"
"38","FB",1,"11",0.539,0.019,"4","1",0.5,0.0625,"1","1","1","1"
"38","FB",1,"11",0.539,0.019,"4","1",0.5,0.0625,"1","1","1","1"
"38","LR",0,"11",0.539,0.019,"4","1",0.5,0.0625,"1","1","1","1"
"38","LR",0,"11",0.539,0.019,"4","1",0.5,0.0625,"1","1","1","1"
"38","LR",0,"11",0.539,0.019,"4","1",0.5,0.0625,"1","1","1","1"
"38","LR",0,"11",0.539,0.019,"4","1",0.5,0.0625,"1","1","1","1"
"38","LR",0,"11",0.539,0.019,"4","1",0.5,0.0625,"1","1","1","1"
"38","LR",0,"11",0.539,0.019,"4","1",0.5,0.0625,"1","1","1","1"
"38","LR",0,"11",0.539,0.019,"4","1",0.5,0.0625,"1","1","1","1"
"38","LR",0,"11",0.539,0.019,"4","1",0.5,0.0625,"1","1","1","1"
"38","LR",0,"11",0.539,0.019,"4","1",0.5,0.0625,"1","1","1","1"
"38","LR",0,"11",0.539,0.019,"4","1",0.5,0.0625,"1","1","1","1"
"38","LR",0,"11",0.539,0.019,"4","1",0.5,0.0625,"1","1","1","1"
"38","LR",0,"11",0.539,0.019,"4","1",0.5,0.0625,"1","1","1","1"
"38","LR",0,"11",0.539,0.019,"4","1",0.5,0.0625,"1","1","1","1"
"38","LR",0,"11",0.539,0.019,"4","1",0.5,0.0625,"1","1","1","1"
"38","LR",0,"11",0.539,0.019,"4","1",0.5,0.0625,"1","1","1","1"
"38","LR",1,"11",0.539,0.019,"4","1",0.5,0.0625,"1","1","1","1"
"39","FB",0,"15",0.49,1,"1","4",0.375,1,"2","2","2","2"
"39","FB",0,"15",0.49,1,"1","4",0.375,1,"2","2","2","2"
"39","FB",0,"15",0.49,1,"1","4",0.375,1,"2","2","2","2"
"39","FB",0,"15",0.49,1,"1","4",0.375,1,"2","2","2","2"
"39","FB",0,"15",0.49,1,"1","4",0.375,1,"2","2","2","2"
"39","FB",0,"15",0.49,1,"1","4",0.375,1,"2","2","2","2"
"39","FB",0,"15",0.49,1,"1","4",0.375,1,"2","2","2","2"
"39","FB",0,"15",0.49,1,"1","4",0.375,1,"2","2","2","2"
"39","FB",0,"15",0.49,1,"1","4",0.375,1,"2","2","2","2"
"39","FB",0,"15",0.49,1,"1","4",0.375,1,"2","2","2","2"
"39","FB",1,"15",0.49,1,"1","4",0.375,1,"2","2","2","2"
"39","FB",1,"15",0.49,1,"1","4",0.375,1,"2","2","2","2"
"39","FB",1,"15",0.49,1,"1","4",0.375,1,"2","2","2","2"
"39","FB",1,"15",0.49,1,"1","4",0.375,1,"2","2","2","2"
"39","FB",1,"15",0.49,1,"1","4",0.375,1,"2","2","2","2"
"39","FB",1,"15",0.49,1,"1","4",0.375,1,"2","2","2","2"
"39","LR",1,"15",0.49,1,"1","4",0.375,1,"2","2","2","2"
"39","LR",1,"15",0.49,1,"1","4",0.375,1,"2","2","2","2"
"39","LR",1,"15",0.49,1,"1","4",0.375,1,"2","2","2","2"
"39","LR",1,"15",0.49,1,"1","4",0.375,1,"2","2","2","2"
"39","LR",1,"15",0.49,1,"1","4",0.375,1,"2","2","2","2"
"39","LR",1,"15",0.49,1,"1","4",0.375,1,"2","2","2","2"
"39","LR",1,"15",0.49,1,"1","4",0.375,1,"2","2","2","2"
"39","LR",1,"15",0.49,1,"1","4",0.375,1,"2","2","2","2"
"39","LR",1,"15",0.49,1,"1","4",0.375,1,"2","2","2","2"
"39","LR",1,"15",0.49,1,"1","4",0.375,1,"2","2","2","2"
"39","LR",1,"15",0.49,1,"1","4",0.375,1,"2","2","2","2"
"39","LR",1,"15",0.49,1,"1","4",0.375,1,"2","2","2","2"
"39","LR",1,"15",0.49,1,"1","4",0.375,1,"2","2","2","2"
"39","LR",1,"15",0.49,1,"1","4",0.375,1,"2","2","2","2"
"39","LR",1,"15",0.49,1,"1","4",0.375,1,"2","2","2","2"
"39","LR",1,"15",0.49,1,"1","4",0.375,1,"2","2","2","2"
"40","FB",0,"11",0.555,0,"4","1",0.75,0,"1","1","1","1"
"40","FB",0,"11",0.555,0,"4","1",0.75,0,"1","1","1","1"
"40","FB",0,"11",0.555,0,"4","1",0.75,0,"1","1","1","1"
"40","FB",0,"11",0.555,0,"4","1",0.75,0,"1","1","1","1"
"40","FB",1,"11",0.555,0,"4","1",0.75,0,"1","1","1","1"
"40","FB",1,"11",0.555,0,"4","1",0.75,0,"1","1","1","1"
"40","FB",1,"11",0.555,0,"4","1",0.75,0,"1","1","1","1"
"40","FB",1,"11",0.555,0,"4","1",0.75,0,"1","1","1","1"
"40","FB",1,"11",0.555,0,"4","1",0.75,0,"1","1","1","1"
"40","FB",1,"11",0.555,0,"4","1",0.75,0,"1","1","1","1"
"40","FB",1,"11",0.555,0,"4","1",0.75,0,"1","1","1","1"
"40","FB",1,"11",0.555,0,"4","1",0.75,0,"1","1","1","1"
"40","FB",1,"11",0.555,0,"4","1",0.75,0,"1","1","1","1"
"40","FB",1,"11",0.555,0,"4","1",0.75,0,"1","1","1","1"
"40","FB",1,"11",0.555,0,"4","1",0.75,0,"1","1","1","1"
"40","FB",1,"11",0.555,0,"4","1",0.75,0,"1","1","1","1"
"40","LR",0,"11",0.555,0,"4","1",0.75,0,"1","1","1","1"
"40","LR",0,"11",0.555,0,"4","1",0.75,0,"1","1","1","1"
"40","LR",0,"11",0.555,0,"4","1",0.75,0,"1","1","1","1"
"40","LR",0,"11",0.555,0,"4","1",0.75,0,"1","1","1","1"
"40","LR",0,"11",0.555,0,"4","1",0.75,0,"1","1","1","1"
"40","LR",0,"11",0.555,0,"4","1",0.75,0,"1","1","1","1"
"40","LR",0,"11",0.555,0,"4","1",0.75,0,"1","1","1","1"
"40","LR",0,"11",0.555,0,"4","1",0.75,0,"1","1","1","1"
"40","LR",0,"11",0.555,0,"4","1",0.75,0,"1","1","1","1"
"40","LR",0,"11",0.555,0,"4","1",0.75,0,"1","1","1","1"
"40","LR",0,"11",0.555,0,"4","1",0.75,0,"1","1","1","1"
"40","LR",0,"11",0.555,0,"4","1",0.75,0,"1","1","1","1"
"40","LR",0,"11",0.555,0,"4","1",0.75,0,"1","1","1","1"
"40","LR",0,"11",0.555,0,"4","1",0.75,0,"1","1","1","1"
"40","LR",0,"11",0.555,0,"4","1",0.75,0,"1","1","1","1"
"40","LR",0,"11",0.555,0,"4","1",0.75,0,"1","1","1","1"
"41","FB",0,"11",0.565,0,"4","1",0.75,0,"1","1","1","1"
"41","FB",0,"11",0.565,0,"4","1",0.75,0,"1","1","1","1"
"41","FB",0,"11",0.565,0,"4","1",0.75,0,"1","1","1","1"
"41","FB",0,"11",0.565,0,"4","1",0.75,0,"1","1","1","1"
"41","FB",1,"11",0.565,0,"4","1",0.75,0,"1","1","1","1"
"41","FB",1,"11",0.565,0,"4","1",0.75,0,"1","1","1","1"
"41","FB",1,"11",0.565,0,"4","1",0.75,0,"1","1","1","1"
"41","FB",1,"11",0.565,0,"4","1",0.75,0,"1","1","1","1"
"41","FB",1,"11",0.565,0,"4","1",0.75,0,"1","1","1","1"
"41","FB",1,"11",0.565,0,"4","1",0.75,0,"1","1","1","1"
"41","FB",1,"11",0.565,0,"4","1",0.75,0,"1","1","1","1"
"41","FB",1,"11",0.565,0,"4","1",0.75,0,"1","1","1","1"
"41","FB",1,"11",0.565,0,"4","1",0.75,0,"1","1","1","1"
"41","FB",1,"11",0.565,0,"4","1",0.75,0,"1","1","1","1"
"41","FB",1,"11",0.565,0,"4","1",0.75,0,"1","1","1","1"
"41","FB",1,"11",0.565,0,"4","1",0.75,0,"1","1","1","1"
"41","LR",0,"11",0.565,0,"4","1",0.75,0,"1","1","1","1"
"41","LR",0,"11",0.565,0,"4","1",0.75,0,"1","1","1","1"
"41","LR",0,"11",0.565,0,"4","1",0.75,0,"1","1","1","1"
"41","LR",0,"11",0.565,0,"4","1",0.75,0,"1","1","1","1"
"41","LR",0,"11",0.565,0,"4","1",0.75,0,"1","1","1","1"
"41","LR",0,"11",0.565,0,"4","1",0.75,0,"1","1","1","1"
"41","LR",0,"11",0.565,0,"4","1",0.75,0,"1","1","1","1"
"41","LR",0,"11",0.565,0,"4","1",0.75,0,"1","1","1","1"
"41","LR",0,"11",0.565,0,"4","1",0.75,0,"1","1","1","1"
"41","LR",0,"11",0.565,0,"4","1",0.75,0,"1","1","1","1"
"41","LR",0,"11",0.565,0,"4","1",0.75,0,"1","1","1","1"
"41","LR",0,"11",0.565,0,"4","1",0.75,0,"1","1","1","1"
"41","LR",0,"11",0.565,0,"4","1",0.75,0,"1","1","1","1"
"41","LR",0,"11",0.565,0,"4","1",0.75,0,"1","1","1","1"
"41","LR",0,"11",0.565,0,"4","1",0.75,0,"1","1","1","1"
"41","LR",0,"11",0.565,0,"4","1",0.75,0,"1","1","1","1"
"42","FB",1,"3",0.987,0.532,"2","3",1,0.75,"3","3","3","3"
"42","FB",1,"3",0.987,0.532,"2","3",1,0.75,"3","3","3","3"
"42","FB",1,"3",0.987,0.532,"2","3",1,0.75,"3","3","3","3"
"42","FB",1,"3",0.987,0.532,"2","3",1,0.75,"3","3","3","3"
"42","FB",1,"3",0.987,0.532,"2","3",1,0.75,"3","3","3","3"
"42","FB",1,"3",0.987,0.532,"2","3",1,0.75,"3","3","3","3"
"42","FB",1,"3",0.987,0.532,"2","3",1,0.75,"3","3","3","3"
"42","FB",1,"3",0.987,0.532,"2","3",1,0.75,"3","3","3","3"
"42","FB",1,"3",0.987,0.532,"2","3",1,0.75,"3","3","3","3"
"42","FB",1,"3",0.987,0.532,"2","3",1,0.75,"3","3","3","3"
"42","FB",1,"3",0.987,0.532,"2","3",1,0.75,"3","3","3","3"
"42","FB",1,"3",0.987,0.532,"2","3",1,0.75,"3","3","3","3"
"42","FB",1,"3",0.987,0.532,"2","3",1,0.75,"3","3","3","3"
"42","FB",1,"3",0.987,0.532,"2","3",1,0.75,"3","3","3","3"
"42","FB",1,"3",0.987,0.532,"2","3",1,0.75,"3","3","3","3"
"42","FB",1,"3",0.987,0.532,"2","3",1,0.75,"3","3","3","3"
"42","LR",0,"3",0.987,0.532,"2","3",1,0.75,"3","3","3","3"
"42","LR",0,"3",0.987,0.532,"2","3",1,0.75,"3","3","3","3"
"42","LR",0,"3",0.987,0.532,"2","3",1,0.75,"3","3","3","3"
"42","LR",0,"3",0.987,0.532,"2","3",1,0.75,"3","3","3","3"
"42","LR",1,"3",0.987,0.532,"2","3",1,0.75,"3","3","3","3"
"42","LR",1,"3",0.987,0.532,"2","3",1,0.75,"3","3","3","3"
"42","LR",1,"3",0.987,0.532,"2","3",1,0.75,"3","3","3","3"
"42","LR",1,"3",0.987,0.532,"2","3",1,0.75,"3","3","3","3"
"42","LR",1,"3",0.987,0.532,"2","3",1,0.75,"3","3","3","3"
"42","LR",1,"3",0.987,0.532,"2","3",1,0.75,"3","3","3","3"
"42","LR",1,"3",0.987,0.532,"2","3",1,0.75,"3","3","3","3"
"42","LR",1,"3",0.987,0.532,"2","3",1,0.75,"3","3","3","3"
"42","LR",1,"3",0.987,0.532,"2","3",1,0.75,"3","3","3","3"
"42","LR",1,"3",0.987,0.532,"2","3",1,0.75,"3","3","3","3"
"42","LR",1,"3",0.987,0.532,"2","3",1,0.75,"3","3","3","3"
"42","LR",1,"3",0.987,0.532,"2","3",1,0.75,"3","3","3","3"
"43","FB",0,"23",0.005,0.496,"3","2",0,0.4375,"5","4","4","4"
"43","FB",0,"23",0.005,0.496,"3","2",0,0.4375,"5","4","4","4"
"43","FB",0,"23",0.005,0.496,"3","2",0,0.4375,"5","4","4","4"
"43","FB",0,"23",0.005,0.496,"3","2",0,0.4375,"5","4","4","4"
"43","FB",0,"23",0.005,0.496,"3","2",0,0.4375,"5","4","4","4"
"43","FB",0,"23",0.005,0.496,"3","2",0,0.4375,"5","4","4","4"
"43","FB",0,"23",0.005,0.496,"3","2",0,0.4375,"5","4","4","4"
"43","FB",0,"23",0.005,0.496,"3","2",0,0.4375,"5","4","4","4"
"43","FB",0,"23",0.005,0.496,"3","2",0,0.4375,"5","4","4","4"
"43","FB",0,"23",0.005,0.496,"3","2",0,0.4375,"5","4","4","4"
"43","FB",0,"23",0.005,0.496,"3","2",0,0.4375,"5","4","4","4"
"43","FB",0,"23",0.005,0.496,"3","2",0,0.4375,"5","4","4","4"
"43","FB",0,"23",0.005,0.496,"3","2",0,0.4375,"5","4","4","4"
"43","FB",0,"23",0.005,0.496,"3","2",0,0.4375,"5","4","4","4"
"43","FB",0,"23",0.005,0.496,"3","2",0,0.4375,"5","4","4","4"
"43","FB",0,"23",0.005,0.496,"3","2",0,0.4375,"5","4","4","4"
"43","LR",0,"23",0.005,0.496,"3","2",0,0.4375,"5","4","4","4"
"43","LR",0,"23",0.005,0.496,"3","2",0,0.4375,"5","4","4","4"
"43","LR",0,"23",0.005,0.496,"3","2",0,0.4375,"5","4","4","4"
"43","LR",0,"23",0.005,0.496,"3","2",0,0.4375,"5","4","4","4"
"43","LR",0,"23",0.005,0.496,"3","2",0,0.4375,"5","4","4","4"
"43","LR",0,"23",0.005,0.496,"3","2",0,0.4375,"5","4","4","4"
"43","LR",0,"23",0.005,0.496,"3","2",0,0.4375,"5","4","4","4"
"43","LR",0,"23",0.005,0.496,"3","2",0,0.4375,"5","4","4","4"
"43","LR",0,"23",0.005,0.496,"3","2",0,0.4375,"5","4","4","4"
"43","LR",1,"23",0.005,0.496,"3","2",0,0.4375,"5","4","4","4"
"43","LR",1,"23",0.005,0.496,"3","2",0,0.4375,"5","4","4","4"
"43","LR",1,"23",0.005,0.496,"3","2",0,0.4375,"5","4","4","4"
"43","LR",1,"23",0.005,0.496,"3","2",0,0.4375,"5","4","4","4"
"43","LR",1,"23",0.005,0.496,"3","2",0,0.4375,"5","4","4","4"
"43","LR",1,"23",0.005,0.496,"3","2",0,0.4375,"5","4","4","4"
"43","LR",1,"23",0.005,0.496,"3","2",0,0.4375,"5","4","4","4"
"44","FB",0,"23",0,0.431,"3","2",0,0.5625,"5","4","4","4"
"44","FB",0,"23",0,0.431,"3","2",0,0.5625,"5","4","4","4"
"44","FB",0,"23",0,0.431,"3","2",0,0.5625,"5","4","4","4"
"44","FB",0,"23",0,0.431,"3","2",0,0.5625,"5","4","4","4"
"44","FB",0,"23",0,0.431,"3","2",0,0.5625,"5","4","4","4"
"44","FB",0,"23",0,0.431,"3","2",0,0.5625,"5","4","4","4"
"44","FB",0,"23",0,0.431,"3","2",0,0.5625,"5","4","4","4"
"44","FB",0,"23",0,0.431,"3","2",0,0.5625,"5","4","4","4"
"44","FB",0,"23",0,0.431,"3","2",0,0.5625,"5","4","4","4"
"44","FB",0,"23",0,0.431,"3","2",0,0.5625,"5","4","4","4"
"44","FB",0,"23",0,0.431,"3","2",0,0.5625,"5","4","4","4"
"44","FB",0,"23",0,0.431,"3","2",0,0.5625,"5","4","4","4"
"44","FB",0,"23",0,0.431,"3","2",0,0.5625,"5","4","4","4"
"44","FB",0,"23",0,0.431,"3","2",0,0.5625,"5","4","4","4"
"44","FB",0,"23",0,0.431,"3","2",0,0.5625,"5","4","4","4"
"44","FB",0,"23",0,0.431,"3","2",0,0.5625,"5","4","4","4"
"44","LR",0,"23",0,0.431,"3","2",0,0.5625,"5","4","4","4"
"44","LR",0,"23",0,0.431,"3","2",0,0.5625,"5","4","4","4"
"44","LR",0,"23",0,0.431,"3","2",0,0.5625,"5","4","4","4"
"44","LR",0,"23",0,0.431,"3","2",0,0.5625,"5","4","4","4"
"44","LR",0,"23",0,0.431,"3","2",0,0.5625,"5","4","4","4"
"44","LR",0,"23",0,0.431,"3","2",0,0.5625,"5","4","4","4"
"44","LR",0,"23",0,0.431,"3","2",0,0.5625,"5","4","4","4"
"44","LR",1,"23",0,0.431,"3","2",0,0.5625,"5","4","4","4"
"44","LR",1,"23",0,0.431,"3","2",0,0.5625,"5","4","4","4"
"44","LR",1,"23",0,0.431,"3","2",0,0.5625,"5","4","4","4"
"44","LR",1,"23",0,0.431,"3","2",0,0.5625,"5","4","4","4"
"44","LR",1,"23",0,0.431,"3","2",0,0.5625,"5","4","4","4"
"44","LR",1,"23",0,0.431,"3","2",0,0.5625,"5","4","4","4"
"44","LR",1,"23",0,0.431,"3","2",0,0.5625,"5","4","4","4"
"44","LR",1,"23",0,0.431,"3","2",0,0.5625,"5","4","4","4"
"44","LR",1,"23",0,0.431,"3","2",0,0.5625,"5","4","4","4"
"45","FB",0,"11",0.405,0.024,"4","1",0.4375,0.125,"1","1","1","1"
"45","FB",0,"11",0.405,0.024,"4","1",0.4375,0.125,"1","1","1","1"
"45","FB",0,"11",0.405,0.024,"4","1",0.4375,0.125,"1","1","1","1"
"45","FB",0,"11",0.405,0.024,"4","1",0.4375,0.125,"1","1","1","1"
"45","FB",0,"11",0.405,0.024,"4","1",0.4375,0.125,"1","1","1","1"
"45","FB",0,"11",0.405,0.024,"4","1",0.4375,0.125,"1","1","1","1"
"45","FB",0,"11",0.405,0.024,"4","1",0.4375,0.125,"1","1","1","1"
"45","FB",0,"11",0.405,0.024,"4","1",0.4375,0.125,"1","1","1","1"
"45","FB",0,"11",0.405,0.024,"4","1",0.4375,0.125,"1","1","1","1"
"45","FB",1,"11",0.405,0.024,"4","1",0.4375,0.125,"1","1","1","1"
"45","FB",1,"11",0.405,0.024,"4","1",0.4375,0.125,"1","1","1","1"
"45","FB",1,"11",0.405,0.024,"4","1",0.4375,0.125,"1","1","1","1"
"45","FB",1,"11",0.405,0.024,"4","1",0.4375,0.125,"1","1","1","1"
"45","FB",1,"11",0.405,0.024,"4","1",0.4375,0.125,"1","1","1","1"
"45","FB",1,"11",0.405,0.024,"4","1",0.4375,0.125,"1","1","1","1"
"45","FB",1,"11",0.405,0.024,"4","1",0.4375,0.125,"1","1","1","1"
"45","LR",0,"11",0.405,0.024,"4","1",0.4375,0.125,"1","1","1","1"
"45","LR",0,"11",0.405,0.024,"4","1",0.4375,0.125,"1","1","1","1"
"45","LR",0,"11",0.405,0.024,"4","1",0.4375,0.125,"1","1","1","1"
"45","LR",0,"11",0.405,0.024,"4","1",0.4375,0.125,"1","1","1","1"
"45","LR",0,"11",0.405,0.024,"4","1",0.4375,0.125,"1","1","1","1"
"45","LR",0,"11",0.405,0.024,"4","1",0.4375,0.125,"1","1","1","1"
"45","LR",0,"11",0.405,0.024,"4","1",0.4375,0.125,"1","1","1","1"
"45","LR",0,"11",0.405,0.024,"4","1",0.4375,0.125,"1","1","1","1"
"45","LR",0,"11",0.405,0.024,"4","1",0.4375,0.125,"1","1","1","1"
"45","LR",0,"11",0.405,0.024,"4","1",0.4375,0.125,"1","1","1","1"
"45","LR",0,"11",0.405,0.024,"4","1",0.4375,0.125,"1","1","1","1"
"45","LR",0,"11",0.405,0.024,"4","1",0.4375,0.125,"1","1","1","1"
"45","LR",0,"11",0.405,0.024,"4","1",0.4375,0.125,"1","1","1","1"
"45","LR",0,"11",0.405,0.024,"4","1",0.4375,0.125,"1","1","1","1"
"45","LR",1,"11",0.405,0.024,"4","1",0.4375,0.125,"1","1","1","1"
"45","LR",1,"11",0.405,0.024,"4","1",0.4375,0.125,"1","1","1","1"
"46","FB",1,"3",0.995,0.379,"2","3",1,0.5625,"3","3","3","3"
"46","FB",1,"3",0.995,0.379,"2","3",1,0.5625,"3","3","3","3"
"46","FB",1,"3",0.995,0.379,"2","3",1,0.5625,"3","3","3","3"
"46","FB",1,"3",0.995,0.379,"2","3",1,0.5625,"3","3","3","3"
"46","FB",1,"3",0.995,0.379,"2","3",1,0.5625,"3","3","3","3"
"46","FB",1,"3",0.995,0.379,"2","3",1,0.5625,"3","3","3","3"
"46","FB",1,"3",0.995,0.379,"2","3",1,0.5625,"3","3","3","3"
"46","FB",1,"3",0.995,0.379,"2","3",1,0.5625,"3","3","3","3"
"46","FB",1,"3",0.995,0.379,"2","3",1,0.5625,"3","3","3","3"
"46","FB",1,"3",0.995,0.379,"2","3",1,0.5625,"3","3","3","3"
"46","FB",1,"3",0.995,0.379,"2","3",1,0.5625,"3","3","3","3"
"46","FB",1,"3",0.995,0.379,"2","3",1,0.5625,"3","3","3","3"
"46","FB",1,"3",0.995,0.379,"2","3",1,0.5625,"3","3","3","3"
"46","FB",1,"3",0.995,0.379,"2","3",1,0.5625,"3","3","3","3"
"46","FB",1,"3",0.995,0.379,"2","3",1,0.5625,"3","3","3","3"
"46","FB",1,"3",0.995,0.379,"2","3",1,0.5625,"3","3","3","3"
"46","LR",0,"3",0.995,0.379,"2","3",1,0.5625,"3","3","3","3"
"46","LR",0,"3",0.995,0.379,"2","3",1,0.5625,"3","3","3","3"
"46","LR",0,"3",0.995,0.379,"2","3",1,0.5625,"3","3","3","3"
"46","LR",0,"3",0.995,0.379,"2","3",1,0.5625,"3","3","3","3"
"46","LR",0,"3",0.995,0.379,"2","3",1,0.5625,"3","3","3","3"
"46","LR",0,"3",0.995,0.379,"2","3",1,0.5625,"3","3","3","3"
"46","LR",0,"3",0.995,0.379,"2","3",1,0.5625,"3","3","3","3"
"46","LR",1,"3",0.995,0.379,"2","3",1,0.5625,"3","3","3","3"
"46","LR",1,"3",0.995,0.379,"2","3",1,0.5625,"3","3","3","3"
"46","LR",1,"3",0.995,0.379,"2","3",1,0.5625,"3","3","3","3"
"46","LR",1,"3",0.995,0.379,"2","3",1,0.5625,"3","3","3","3"
"46","LR",1,"3",0.995,0.379,"2","3",1,0.5625,"3","3","3","3"
"46","LR",1,"3",0.995,0.379,"2","3",1,0.5625,"3","3","3","3"
"46","LR",1,"3",0.995,0.379,"2","3",1,0.5625,"3","3","3","3"
"46","LR",1,"3",0.995,0.379,"2","3",1,0.5625,"3","3","3","3"
"46","LR",1,"3",0.995,0.379,"2","3",1,0.5625,"3","3","3","3"
"47","FB",0,"23",0.048,0.524,"3","2",0,0.375,"5","4","4","4"
"47","FB",0,"23",0.048,0.524,"3","2",0,0.375,"5","4","4","4"
"47","FB",0,"23",0.048,0.524,"3","2",0,0.375,"5","4","4","4"
"47","FB",0,"23",0.048,0.524,"3","2",0,0.375,"5","4","4","4"
"47","FB",0,"23",0.048,0.524,"3","2",0,0.375,"5","4","4","4"
"47","FB",0,"23",0.048,0.524,"3","2",0,0.375,"5","4","4","4"
"47","FB",0,"23",0.048,0.524,"3","2",0,0.375,"5","4","4","4"
"47","FB",0,"23",0.048,0.524,"3","2",0,0.375,"5","4","4","4"
"47","FB",0,"23",0.048,0.524,"3","2",0,0.375,"5","4","4","4"
"47","FB",0,"23",0.048,0.524,"3","2",0,0.375,"5","4","4","4"
"47","FB",0,"23",0.048,0.524,"3","2",0,0.375,"5","4","4","4"
"47","FB",0,"23",0.048,0.524,"3","2",0,0.375,"5","4","4","4"
"47","FB",0,"23",0.048,0.524,"3","2",0,0.375,"5","4","4","4"
"47","FB",0,"23",0.048,0.524,"3","2",0,0.375,"5","4","4","4"
"47","FB",0,"23",0.048,0.524,"3","2",0,0.375,"5","4","4","4"
"47","FB",0,"23",0.048,0.524,"3","2",0,0.375,"5","4","4","4"
"47","LR",0,"23",0.048,0.524,"3","2",0,0.375,"5","4","4","4"
"47","LR",0,"23",0.048,0.524,"3","2",0,0.375,"5","4","4","4"
"47","LR",0,"23",0.048,0.524,"3","2",0,0.375,"5","4","4","4"
"47","LR",0,"23",0.048,0.524,"3","2",0,0.375,"5","4","4","4"
"47","LR",0,"23",0.048,0.524,"3","2",0,0.375,"5","4","4","4"
"47","LR",0,"23",0.048,0.524,"3","2",0,0.375,"5","4","4","4"
"47","LR",0,"23",0.048,0.524,"3","2",0,0.375,"5","4","4","4"
"47","LR",0,"23",0.048,0.524,"3","2",0,0.375,"5","4","4","4"
"47","LR",0,"23",0.048,0.524,"3","2",0,0.375,"5","4","4","4"
"47","LR",0,"23",0.048,0.524,"3","2",0,0.375,"5","4","4","4"
"47","LR",1,"23",0.048,0.524,"3","2",0,0.375,"5","4","4","4"
"47","LR",1,"23",0.048,0.524,"3","2",0,0.375,"5","4","4","4"
"47","LR",1,"23",0.048,0.524,"3","2",0,0.375,"5","4","4","4"
"47","LR",1,"23",0.048,0.524,"3","2",0,0.375,"5","4","4","4"
"47","LR",1,"23",0.048,0.524,"3","2",0,0.375,"5","4","4","4"
"47","LR",1,"23",0.048,0.524,"3","2",0,0.375,"5","4","4","4"
"48","FB",0,"11",0.526,0.043,"4","1",0.5625,0,"1","1","1","1"
"48","FB",0,"11",0.526,0.043,"4","1",0.5625,0,"1","1","1","1"
"48","FB",0,"11",0.526,0.043,"4","1",0.5625,0,"1","1","1","1"
"48","FB",0,"11",0.526,0.043,"4","1",0.5625,0,"1","1","1","1"
"48","FB",0,"11",0.526,0.043,"4","1",0.5625,0,"1","1","1","1"
"48","FB",0,"11",0.526,0.043,"4","1",0.5625,0,"1","1","1","1"
"48","FB",0,"11",0.526,0.043,"4","1",0.5625,0,"1","1","1","1"
"48","FB",1,"11",0.526,0.043,"4","1",0.5625,0,"1","1","1","1"
"48","FB",1,"11",0.526,0.043,"4","1",0.5625,0,"1","1","1","1"
"48","FB",1,"11",0.526,0.043,"4","1",0.5625,0,"1","1","1","1"
"48","FB",1,"11",0.526,0.043,"4","1",0.5625,0,"1","1","1","1"
"48","FB",1,"11",0.526,0.043,"4","1",0.5625,0,"1","1","1","1"
"48","FB",1,"11",0.526,0.043,"4","1",0.5625,0,"1","1","1","1"
"48","FB",1,"11",0.526,0.043,"4","1",0.5625,0,"1","1","1","1"
"48","FB",1,"11",0.526,0.043,"4","1",0.5625,0,"1","1","1","1"
"48","FB",1,"11",0.526,0.043,"4","1",0.5625,0,"1","1","1","1"
"48","LR",0,"11",0.526,0.043,"4","1",0.5625,0,"1","1","1","1"
"48","LR",0,"11",0.526,0.043,"4","1",0.5625,0,"1","1","1","1"
"48","LR",0,"11",0.526,0.043,"4","1",0.5625,0,"1","1","1","1"
"48","LR",0,"11",0.526,0.043,"4","1",0.5625,0,"1","1","1","1"
"48","LR",0,"11",0.526,0.043,"4","1",0.5625,0,"1","1","1","1"
"48","LR",0,"11",0.526,0.043,"4","1",0.5625,0,"1","1","1","1"
"48","LR",0,"11",0.526,0.043,"4","1",0.5625,0,"1","1","1","1"
"48","LR",0,"11",0.526,0.043,"4","1",0.5625,0,"1","1","1","1"
"48","LR",0,"11",0.526,0.043,"4","1",0.5625,0,"1","1","1","1"
"48","LR",0,"11",0.526,0.043,"4","1",0.5625,0,"1","1","1","1"
"48","LR",0,"11",0.526,0.043,"4","1",0.5625,0,"1","1","1","1"
"48","LR",0,"11",0.526,0.043,"4","1",0.5625,0,"1","1","1","1"
"48","LR",0,"11",0.526,0.043,"4","1",0.5625,0,"1","1","1","1"
"48","LR",0,"11",0.526,0.043,"4","1",0.5625,0,"1","1","1","1"
"48","LR",0,"11",0.526,0.043,"4","1",0.5625,0,"1","1","1","1"
"48","LR",0,"11",0.526,0.043,"4","1",0.5625,0,"1","1","1","1"
"49","FB",1,"3",1,0.519,"2","3",1,0.5,"3","3","3","3"
"49","FB",1,"3",1,0.519,"2","3",1,0.5,"3","3","3","3"
"49","FB",1,"3",1,0.519,"2","3",1,0.5,"3","3","3","3"
"49","FB",1,"3",1,0.519,"2","3",1,0.5,"3","3","3","3"
"49","FB",1,"3",1,0.519,"2","3",1,0.5,"3","3","3","3"
"49","FB",1,"3",1,0.519,"2","3",1,0.5,"3","3","3","3"
"49","FB",1,"3",1,0.519,"2","3",1,0.5,"3","3","3","3"
"49","FB",1,"3",1,0.519,"2","3",1,0.5,"3","3","3","3"
"49","FB",1,"3",1,0.519,"2","3",1,0.5,"3","3","3","3"
"49","FB",1,"3",1,0.519,"2","3",1,0.5,"3","3","3","3"
"49","FB",1,"3",1,0.519,"2","3",1,0.5,"3","3","3","3"
"49","FB",1,"3",1,0.519,"2","3",1,0.5,"3","3","3","3"
"49","FB",1,"3",1,0.519,"2","3",1,0.5,"3","3","3","3"
"49","FB",1,"3",1,0.519,"2","3",1,0.5,"3","3","3","3"
"49","FB",1,"3",1,0.519,"2","3",1,0.5,"3","3","3","3"
"49","FB",1,"3",1,0.519,"2","3",1,0.5,"3","3","3","3"
"49","LR",0,"3",1,0.519,"2","3",1,0.5,"3","3","3","3"
"49","LR",0,"3",1,0.519,"2","3",1,0.5,"3","3","3","3"
"49","LR",0,"3",1,0.519,"2","3",1,0.5,"3","3","3","3"
"49","LR",0,"3",1,0.519,"2","3",1,0.5,"3","3","3","3"
"49","LR",0,"3",1,0.519,"2","3",1,0.5,"3","3","3","3"
"49","LR",0,"3",1,0.519,"2","3",1,0.5,"3","3","3","3"
"49","LR",0,"3",1,0.519,"2","3",1,0.5,"3","3","3","3"
"49","LR",0,"3",1,0.519,"2","3",1,0.5,"3","3","3","3"
"49","LR",1,"3",1,0.519,"2","3",1,0.5,"3","3","3","3"
"49","LR",1,"3",1,0.519,"2","3",1,0.5,"3","3","3","3"
"49","LR",1,"3",1,0.519,"2","3",1,0.5,"3","3","3","3"
"49","LR",1,"3",1,0.519,"2","3",1,0.5,"3","3","3","3"
"49","LR",1,"3",1,0.519,"2","3",1,0.5,"3","3","3","3"
"49","LR",1,"3",1,0.519,"2","3",1,0.5,"3","3","3","3"
"49","LR",1,"3",1,0.519,"2","3",1,0.5,"3","3","3","3"
"49","LR",1,"3",1,0.519,"2","3",1,0.5,"3","3","3","3"
"50","FB",0,"3",0.904,0.44,"2","3",0.875,0.5625,"4","3","6","3"
"50","FB",0,"3",0.904,0.44,"2","3",0.875,0.5625,"4","3","6","3"
"50","FB",1,"3",0.904,0.44,"2","3",0.875,0.5625,"4","3","6","3"
"50","FB",1,"3",0.904,0.44,"2","3",0.875,0.5625,"4","3","6","3"
"50","FB",1,"3",0.904,0.44,"2","3",0.875,0.5625,"4","3","6","3"
"50","FB",1,"3",0.904,0.44,"2","3",0.875,0.5625,"4","3","6","3"
"50","FB",1,"3",0.904,0.44,"2","3",0.875,0.5625,"4","3","6","3"
"50","FB",1,"3",0.904,0.44,"2","3",0.875,0.5625,"4","3","6","3"
"50","FB",1,"3",0.904,0.44,"2","3",0.875,0.5625,"4","3","6","3"
"50","FB",1,"3",0.904,0.44,"2","3",0.875,0.5625,"4","3","6","3"
"50","FB",1,"3",0.904,0.44,"2","3",0.875,0.5625,"4","3","6","3"
"50","FB",1,"3",0.904,0.44,"2","3",0.875,0.5625,"4","3","6","3"
"50","FB",1,"3",0.904,0.44,"2","3",0.875,0.5625,"4","3","6","3"
"50","FB",1,"3",0.904,0.44,"2","3",0.875,0.5625,"4","3","6","3"
"50","FB",1,"3",0.904,0.44,"2","3",0.875,0.5625,"4","3","6","3"
"50","FB",1,"3",0.904,0.44,"2","3",0.875,0.5625,"4","3","6","3"
"50","LR",0,"3",0.904,0.44,"2","3",0.875,0.5625,"4","3","6","3"
"50","LR",0,"3",0.904,0.44,"2","3",0.875,0.5625,"4","3","6","3"
"50","LR",0,"3",0.904,0.44,"2","3",0.875,0.5625,"4","3","6","3"
"50","LR",0,"3",0.904,0.44,"2","3",0.875,0.5625,"4","3","6","3"
"50","LR",0,"3",0.904,0.44,"2","3",0.875,0.5625,"4","3","6","3"
"50","LR",0,"3",0.904,0.44,"2","3",0.875,0.5625,"4","3","6","3"
"50","LR",0,"3",0.904,0.44,"2","3",0.875,0.5625,"4","3","6","3"
"50","LR",1,"3",0.904,0.44,"2","3",0.875,0.5625,"4","3","6","3"
"50","LR",1,"3",0.904,0.44,"2","3",0.875,0.5625,"4","3","6","3"
"50","LR",1,"3",0.904,0.44,"2","3",0.875,0.5625,"4","3","6","3"
"50","LR",1,"3",0.904,0.44,"2","3",0.875,0.5625,"4","3","6","3"
"50","LR",1,"3",0.904,0.44,"2","3",0.875,0.5625,"4","3","6","3"
"50","LR",1,"3",0.904,0.44,"2","3",0.875,0.5625,"4","3","6","3"
"50","LR",1,"3",0.904,0.44,"2","3",0.875,0.5625,"4","3","6","3"
"50","LR",1,"3",0.904,0.44,"2","3",0.875,0.5625,"4","3","6","3"
"50","LR",1,"3",0.904,0.44,"2","3",0.875,0.5625,"4","3","6","3"
"51","FB",0,"23",0,0.524,"3","2",0,0.6875,"5","4","4","4"
"51","FB",0,"23",0,0.524,"3","2",0,0.6875,"5","4","4","4"
"51","FB",0,"23",0,0.524,"3","2",0,0.6875,"5","4","4","4"
"51","FB",0,"23",0,0.524,"3","2",0,0.6875,"5","4","4","4"
"51","FB",0,"23",0,0.524,"3","2",0,0.6875,"5","4","4","4"
"51","FB",0,"23",0,0.524,"3","2",0,0.6875,"5","4","4","4"
"51","FB",0,"23",0,0.524,"3","2",0,0.6875,"5","4","4","4"
"51","FB",0,"23",0,0.524,"3","2",0,0.6875,"5","4","4","4"
"51","FB",0,"23",0,0.524,"3","2",0,0.6875,"5","4","4","4"
"51","FB",0,"23",0,0.524,"3","2",0,0.6875,"5","4","4","4"
"51","FB",0,"23",0,0.524,"3","2",0,0.6875,"5","4","4","4"
"51","FB",0,"23",0,0.524,"3","2",0,0.6875,"5","4","4","4"
"51","FB",0,"23",0,0.524,"3","2",0,0.6875,"5","4","4","4"
"51","FB",0,"23",0,0.524,"3","2",0,0.6875,"5","4","4","4"
"51","FB",0,"23",0,0.524,"3","2",0,0.6875,"5","4","4","4"
"51","FB",0,"23",0,0.524,"3","2",0,0.6875,"5","4","4","4"
"51","LR",0,"23",0,0.524,"3","2",0,0.6875,"5","4","4","4"
"51","LR",0,"23",0,0.524,"3","2",0,0.6875,"5","4","4","4"
"51","LR",0,"23",0,0.524,"3","2",0,0.6875,"5","4","4","4"
"51","LR",0,"23",0,0.524,"3","2",0,0.6875,"5","4","4","4"
"51","LR",0,"23",0,0.524,"3","2",0,0.6875,"5","4","4","4"
"51","LR",1,"23",0,0.524,"3","2",0,0.6875,"5","4","4","4"
"51","LR",1,"23",0,0.524,"3","2",0,0.6875,"5","4","4","4"
"51","LR",1,"23",0,0.524,"3","2",0,0.6875,"5","4","4","4"
"51","LR",1,"23",0,0.524,"3","2",0,0.6875,"5","4","4","4"
"51","LR",1,"23",0,0.524,"3","2",0,0.6875,"5","4","4","4"
"51","LR",1,"23",0,0.524,"3","2",0,0.6875,"5","4","4","4"
"51","LR",1,"23",0,0.524,"3","2",0,0.6875,"5","4","4","4"
"51","LR",1,"23",0,0.524,"3","2",0,0.6875,"5","4","4","4"
"51","LR",1,"23",0,0.524,"3","2",0,0.6875,"5","4","4","4"
"51","LR",1,"23",0,0.524,"3","2",0,0.6875,"5","4","4","4"
"51","LR",1,"23",0,0.524,"3","2",0,0.6875,"5","4","4","4"
"52","FB",0,"11",0.38,0,"4","1",0.1875,0,"1","1","1","1"
"52","FB",0,"11",0.38,0,"4","1",0.1875,0,"1","1","1","1"
"52","FB",0,"11",0.38,0,"4","1",0.1875,0,"1","1","1","1"
"52","FB",0,"11",0.38,0,"4","1",0.1875,0,"1","1","1","1"
"52","FB",0,"11",0.38,0,"4","1",0.1875,0,"1","1","1","1"
"52","FB",0,"11",0.38,0,"4","1",0.1875,0,"1","1","1","1"
"52","FB",0,"11",0.38,0,"4","1",0.1875,0,"1","1","1","1"
"52","FB",0,"11",0.38,0,"4","1",0.1875,0,"1","1","1","1"
"52","FB",0,"11",0.38,0,"4","1",0.1875,0,"1","1","1","1"
"52","FB",0,"11",0.38,0,"4","1",0.1875,0,"1","1","1","1"
"52","FB",0,"11",0.38,0,"4","1",0.1875,0,"1","1","1","1"
"52","FB",0,"11",0.38,0,"4","1",0.1875,0,"1","1","1","1"
"52","FB",0,"11",0.38,0,"4","1",0.1875,0,"1","1","1","1"
"52","FB",1,"11",0.38,0,"4","1",0.1875,0,"1","1","1","1"
"52","FB",1,"11",0.38,0,"4","1",0.1875,0,"1","1","1","1"
"52","FB",1,"11",0.38,0,"4","1",0.1875,0,"1","1","1","1"
"52","LR",0,"11",0.38,0,"4","1",0.1875,0,"1","1","1","1"
"52","LR",0,"11",0.38,0,"4","1",0.1875,0,"1","1","1","1"
"52","LR",0,"11",0.38,0,"4","1",0.1875,0,"1","1","1","1"
"52","LR",0,"11",0.38,0,"4","1",0.1875,0,"1","1","1","1"
"52","LR",0,"11",0.38,0,"4","1",0.1875,0,"1","1","1","1"
"52","LR",0,"11",0.38,0,"4","1",0.1875,0,"1","1","1","1"
"52","LR",0,"11",0.38,0,"4","1",0.1875,0,"1","1","1","1"
"52","LR",0,"11",0.38,0,"4","1",0.1875,0,"1","1","1","1"
"52","LR",0,"11",0.38,0,"4","1",0.1875,0,"1","1","1","1"
"52","LR",0,"11",0.38,0,"4","1",0.1875,0,"1","1","1","1"
"52","LR",0,"11",0.38,0,"4","1",0.1875,0,"1","1","1","1"
"52","LR",0,"11",0.38,0,"4","1",0.1875,0,"1","1","1","1"
"52","LR",0,"11",0.38,0,"4","1",0.1875,0,"1","1","1","1"
"52","LR",0,"11",0.38,0,"4","1",0.1875,0,"1","1","1","1"
"52","LR",0,"11",0.38,0,"4","1",0.1875,0,"1","1","1","1"
"52","LR",0,"11",0.38,0,"4","1",0.1875,0,"1","1","1","1"
"53","FB",0,"11",0.596,0,"4","1",0.4375,0,"1","1","1","1"
"53","FB",0,"11",0.596,0,"4","1",0.4375,0,"1","1","1","1"
"53","FB",0,"11",0.596,0,"4","1",0.4375,0,"1","1","1","1"
"53","FB",0,"11",0.596,0,"4","1",0.4375,0,"1","1","1","1"
"53","FB",0,"11",0.596,0,"4","1",0.4375,0,"1","1","1","1"
"53","FB",0,"11",0.596,0,"4","1",0.4375,0,"1","1","1","1"
"53","FB",0,"11",0.596,0,"4","1",0.4375,0,"1","1","1","1"
"53","FB",0,"11",0.596,0,"4","1",0.4375,0,"1","1","1","1"
"53","FB",0,"11",0.596,0,"4","1",0.4375,0,"1","1","1","1"
"53","FB",1,"11",0.596,0,"4","1",0.4375,0,"1","1","1","1"
"53","FB",1,"11",0.596,0,"4","1",0.4375,0,"1","1","1","1"
"53","FB",1,"11",0.596,0,"4","1",0.4375,0,"1","1","1","1"
"53","FB",1,"11",0.596,0,"4","1",0.4375,0,"1","1","1","1"
"53","FB",1,"11",0.596,0,"4","1",0.4375,0,"1","1","1","1"
"53","FB",1,"11",0.596,0,"4","1",0.4375,0,"1","1","1","1"
"53","FB",1,"11",0.596,0,"4","1",0.4375,0,"1","1","1","1"
"53","LR",0,"11",0.596,0,"4","1",0.4375,0,"1","1","1","1"
"53","LR",0,"11",0.596,0,"4","1",0.4375,0,"1","1","1","1"
"53","LR",0,"11",0.596,0,"4","1",0.4375,0,"1","1","1","1"
"53","LR",0,"11",0.596,0,"4","1",0.4375,0,"1","1","1","1"
"53","LR",0,"11",0.596,0,"4","1",0.4375,0,"1","1","1","1"
"53","LR",0,"11",0.596,0,"4","1",0.4375,0,"1","1","1","1"
"53","LR",0,"11",0.596,0,"4","1",0.4375,0,"1","1","1","1"
"53","LR",0,"11",0.596,0,"4","1",0.4375,0,"1","1","1","1"
"53","LR",0,"11",0.596,0,"4","1",0.4375,0,"1","1","1","1"
"53","LR",0,"11",0.596,0,"4","1",0.4375,0,"1","1","1","1"
"53","LR",0,"11",0.596,0,"4","1",0.4375,0,"1","1","1","1"
"53","LR",0,"11",0.596,0,"4","1",0.4375,0,"1","1","1","1"
"53","LR",0,"11",0.596,0,"4","1",0.4375,0,"1","1","1","1"
"53","LR",0,"11",0.596,0,"4","1",0.4375,0,"1","1","1","1"
"53","LR",0,"11",0.596,0,"4","1",0.4375,0,"1","1","1","1"
"53","LR",0,"11",0.596,0,"4","1",0.4375,0,"1","1","1","1"
"54","FB",0,"23",0,0.526,"3","2",0,0.375,"5","4","4","4"
"54","FB",0,"23",0,0.526,"3","2",0,0.375,"5","4","4","4"
"54","FB",0,"23",0,0.526,"3","2",0,0.375,"5","4","4","4"
"54","FB",0,"23",0,0.526,"3","2",0,0.375,"5","4","4","4"
"54","FB",0,"23",0,0.526,"3","2",0,0.375,"5","4","4","4"
"54","FB",0,"23",0,0.526,"3","2",0,0.375,"5","4","4","4"
"54","FB",0,"23",0,0.526,"3","2",0,0.375,"5","4","4","4"
"54","FB",0,"23",0,0.526,"3","2",0,0.375,"5","4","4","4"
"54","FB",0,"23",0,0.526,"3","2",0,0.375,"5","4","4","4"
"54","FB",0,"23",0,0.526,"3","2",0,0.375,"5","4","4","4"
"54","FB",0,"23",0,0.526,"3","2",0,0.375,"5","4","4","4"
"54","FB",0,"23",0,0.526,"3","2",0,0.375,"5","4","4","4"
"54","FB",0,"23",0,0.526,"3","2",0,0.375,"5","4","4","4"
"54","FB",0,"23",0,0.526,"3","2",0,0.375,"5","4","4","4"
"54","FB",0,"23",0,0.526,"3","2",0,0.375,"5","4","4","4"
"54","FB",0,"23",0,0.526,"3","2",0,0.375,"5","4","4","4"
"54","LR",0,"23",0,0.526,"3","2",0,0.375,"5","4","4","4"
"54","LR",0,"23",0,0.526,"3","2",0,0.375,"5","4","4","4"
"54","LR",0,"23",0,0.526,"3","2",0,0.375,"5","4","4","4"
"54","LR",0,"23",0,0.526,"3","2",0,0.375,"5","4","4","4"
"54","LR",0,"23",0,0.526,"3","2",0,0.375,"5","4","4","4"
"54","LR",0,"23",0,0.526,"3","2",0,0.375,"5","4","4","4"
"54","LR",0,"23",0,0.526,"3","2",0,0.375,"5","4","4","4"
"54","LR",0,"23",0,0.526,"3","2",0,0.375,"5","4","4","4"
"54","LR",0,"23",0,0.526,"3","2",0,0.375,"5","4","4","4"
"54","LR",0,"23",0,0.526,"3","2",0,0.375,"5","4","4","4"
"54","LR",1,"23",0,0.526,"3","2",0,0.375,"5","4","4","4"
"54","LR",1,"23",0,0.526,"3","2",0,0.375,"5","4","4","4"
"54","LR",1,"23",0,0.526,"3","2",0,0.375,"5","4","4","4"
"54","LR",1,"23",0,0.526,"3","2",0,0.375,"5","4","4","4"
"54","LR",1,"23",0,0.526,"3","2",0,0.375,"5","4","4","4"
"54","LR",1,"23",0,0.526,"3","2",0,0.375,"5","4","4","4"
"55","FB",0,"23",0,0.487,"3","2",0,0.6875,"5","4","4","4"
"55","FB",0,"23",0,0.487,"3","2",0,0.6875,"5","4","4","4"
"55","FB",0,"23",0,0.487,"3","2",0,0.6875,"5","4","4","4"
"55","FB",0,"23",0,0.487,"3","2",0,0.6875,"5","4","4","4"
"55","FB",0,"23",0,0.487,"3","2",0,0.6875,"5","4","4","4"
"55","FB",0,"23",0,0.487,"3","2",0,0.6875,"5","4","4","4"
"55","FB",0,"23",0,0.487,"3","2",0,0.6875,"5","4","4","4"
"55","FB",0,"23",0,0.487,"3","2",0,0.6875,"5","4","4","4"
"55","FB",0,"23",0,0.487,"3","2",0,0.6875,"5","4","4","4"
"55","FB",0,"23",0,0.487,"3","2",0,0.6875,"5","4","4","4"
"55","FB",0,"23",0,0.487,"3","2",0,0.6875,"5","4","4","4"
"55","FB",0,"23",0,0.487,"3","2",0,0.6875,"5","4","4","4"
"55","FB",0,"23",0,0.487,"3","2",0,0.6875,"5","4","4","4"
"55","FB",0,"23",0,0.487,"3","2",0,0.6875,"5","4","4","4"
"55","FB",0,"23",0,0.487,"3","2",0,0.6875,"5","4","4","4"
"55","FB",0,"23",0,0.487,"3","2",0,0.6875,"5","4","4","4"
"55","LR",0,"23",0,0.487,"3","2",0,0.6875,"5","4","4","4"
"55","LR",0,"23",0,0.487,"3","2",0,0.6875,"5","4","4","4"
"55","LR",0,"23",0,0.487,"3","2",0,0.6875,"5","4","4","4"
"55","LR",0,"23",0,0.487,"3","2",0,0.6875,"5","4","4","4"
"55","LR",0,"23",0,0.487,"3","2",0,0.6875,"5","4","4","4"
"55","LR",1,"23",0,0.487,"3","2",0,0.6875,"5","4","4","4"
"55","LR",1,"23",0,0.487,"3","2",0,0.6875,"5","4","4","4"
"55","LR",1,"23",0,0.487,"3","2",0,0.6875,"5","4","4","4"
"55","LR",1,"23",0,0.487,"3","2",0,0.6875,"5","4","4","4"
"55","LR",1,"23",0,0.487,"3","2",0,0.6875,"5","4","4","4"
"55","LR",1,"23",0,0.487,"3","2",0,0.6875,"5","4","4","4"
"55","LR",1,"23",0,0.487,"3","2",0,0.6875,"5","4","4","4"
"55","LR",1,"23",0,0.487,"3","2",0,0.6875,"5","4","4","4"
"55","LR",1,"23",0,0.487,"3","2",0,0.6875,"5","4","4","4"
"55","LR",1,"23",0,0.487,"3","2",0,0.6875,"5","4","4","4"
"55","LR",1,"23",0,0.487,"3","2",0,0.6875,"5","4","4","4"
"56","FB",0,"23",0,0.559,"3","2",0,0.5,"5","4","4","4"
"56","FB",0,"23",0,0.559,"3","2",0,0.5,"5","4","4","4"
"56","FB",0,"23",0,0.559,"3","2",0,0.5,"5","4","4","4"
"56","FB",0,"23",0,0.559,"3","2",0,0.5,"5","4","4","4"
"56","FB",0,"23",0,0.559,"3","2",0,0.5,"5","4","4","4"
"56","FB",0,"23",0,0.559,"3","2",0,0.5,"5","4","4","4"
"56","FB",0,"23",0,0.559,"3","2",0,0.5,"5","4","4","4"
"56","FB",0,"23",0,0.559,"3","2",0,0.5,"5","4","4","4"
"56","FB",0,"23",0,0.559,"3","2",0,0.5,"5","4","4","4"
"56","FB",0,"23",0,0.559,"3","2",0,0.5,"5","4","4","4"
"56","FB",0,"23",0,0.559,"3","2",0,0.5,"5","4","4","4"
"56","FB",0,"23",0,0.559,"3","2",0,0.5,"5","4","4","4"
"56","FB",0,"23",0,0.559,"3","2",0,0.5,"5","4","4","4"
"56","FB",0,"23",0,0.559,"3","2",0,0.5,"5","4","4","4"
"56","FB",0,"23",0,0.559,"3","2",0,0.5,"5","4","4","4"
"56","FB",0,"23",0,0.559,"3","2",0,0.5,"5","4","4","4"
"56","LR",0,"23",0,0.559,"3","2",0,0.5,"5","4","4","4"
"56","LR",0,"23",0,0.559,"3","2",0,0.5,"5","4","4","4"
"56","LR",0,"23",0,0.559,"3","2",0,0.5,"5","4","4","4"
"56","LR",0,"23",0,0.559,"3","2",0,0.5,"5","4","4","4"
"56","LR",0,"23",0,0.559,"3","2",0,0.5,"5","4","4","4"
"56","LR",0,"23",0,0.559,"3","2",0,0.5,"5","4","4","4"
"56","LR",0,"23",0,0.559,"3","2",0,0.5,"5","4","4","4"
"56","LR",0,"23",0,0.559,"3","2",0,0.5,"5","4","4","4"
"56","LR",1,"23",0,0.559,"3","2",0,0.5,"5","4","4","4"
"56","LR",1,"23",0,0.559,"3","2",0,0.5,"5","4","4","4"
"56","LR",1,"23",0,0.559,"3","2",0,0.5,"5","4","4","4"
"56","LR",1,"23",0,0.559,"3","2",0,0.5,"5","4","4","4"
"56","LR",1,"23",0,0.559,"3","2",0,0.5,"5","4","4","4"
"56","LR",1,"23",0,0.559,"3","2",0,0.5,"5","4","4","4"
"56","LR",1,"23",0,0.559,"3","2",0,0.5,"5","4","4","4"
"56","LR",1,"23",0,0.559,"3","2",0,0.5,"5","4","4","4"
"57","FB",0,"23",0,0.477,"3","2",0,0.25,"5","4","4","4"
"57","FB",0,"23",0,0.477,"3","2",0,0.25,"5","4","4","4"
"57","FB",0,"23",0,0.477,"3","2",0,0.25,"5","4","4","4"
"57","FB",0,"23",0,0.477,"3","2",0,0.25,"5","4","4","4"
"57","FB",0,"23",0,0.477,"3","2",0,0.25,"5","4","4","4"
"57","FB",0,"23",0,0.477,"3","2",0,0.25,"5","4","4","4"
"57","FB",0,"23",0,0.477,"3","2",0,0.25,"5","4","4","4"
"57","FB",0,"23",0,0.477,"3","2",0,0.25,"5","4","4","4"
"57","FB",0,"23",0,0.477,"3","2",0,0.25,"5","4","4","4"
"57","FB",0,"23",0,0.477,"3","2",0,0.25,"5","4","4","4"
"57","FB",0,"23",0,0.477,"3","2",0,0.25,"5","4","4","4"
"57","FB",0,"23",0,0.477,"3","2",0,0.25,"5","4","4","4"
"57","FB",0,"23",0,0.477,"3","2",0,0.25,"5","4","4","4"
"57","FB",0,"23",0,0.477,"3","2",0,0.25,"5","4","4","4"
"57","FB",0,"23",0,0.477,"3","2",0,0.25,"5","4","4","4"
"57","FB",0,"23",0,0.477,"3","2",0,0.25,"5","4","4","4"
"57","LR",0,"23",0,0.477,"3","2",0,0.25,"5","4","4","4"
"57","LR",0,"23",0,0.477,"3","2",0,0.25,"5","4","4","4"
"57","LR",0,"23",0,0.477,"3","2",0,0.25,"5","4","4","4"
"57","LR",0,"23",0,0.477,"3","2",0,0.25,"5","4","4","4"
"57","LR",0,"23",0,0.477,"3","2",0,0.25,"5","4","4","4"
"57","LR",0,"23",0,0.477,"3","2",0,0.25,"5","4","4","4"
"57","LR",0,"23",0,0.477,"3","2",0,0.25,"5","4","4","4"
"57","LR",0,"23",0,0.477,"3","2",0,0.25,"5","4","4","4"
"57","LR",0,"23",0,0.477,"3","2",0,0.25,"5","4","4","4"
"57","LR",0,"23",0,0.477,"3","2",0,0.25,"5","4","4","4"
"57","LR",0,"23",0,0.477,"3","2",0,0.25,"5","4","4","4"
"57","LR",0,"23",0,0.477,"3","2",0,0.25,"5","4","4","4"
"57","LR",1,"23",0,0.477,"3","2",0,0.25,"5","4","4","4"
"57","LR",1,"23",0,0.477,"3","2",0,0.25,"5","4","4","4"
"57","LR",1,"23",0,0.477,"3","2",0,0.25,"5","4","4","4"
"57","LR",1,"23",0,0.477,"3","2",0,0.25,"5","4","4","4"
"58","FB",0,"11",0.522,0,"4","1",0.625,0,"1","1","1","1"
"58","FB",0,"11",0.522,0,"4","1",0.625,0,"1","1","1","1"
"58","FB",0,"11",0.522,0,"4","1",0.625,0,"1","1","1","1"
"58","FB",0,"11",0.522,0,"4","1",0.625,0,"1","1","1","1"
"58","FB",0,"11",0.522,0,"4","1",0.625,0,"1","1","1","1"
"58","FB",0,"11",0.522,0,"4","1",0.625,0,"1","1","1","1"
"58","FB",1,"11",0.522,0,"4","1",0.625,0,"1","1","1","1"
"58","FB",1,"11",0.522,0,"4","1",0.625,0,"1","1","1","1"
"58","FB",1,"11",0.522,0,"4","1",0.625,0,"1","1","1","1"
"58","FB",1,"11",0.522,0,"4","1",0.625,0,"1","1","1","1"
"58","FB",1,"11",0.522,0,"4","1",0.625,0,"1","1","1","1"
"58","FB",1,"11",0.522,0,"4","1",0.625,0,"1","1","1","1"
"58","FB",1,"11",0.522,0,"4","1",0.625,0,"1","1","1","1"
"58","FB",1,"11",0.522,0,"4","1",0.625,0,"1","1","1","1"
"58","FB",1,"11",0.522,0,"4","1",0.625,0,"1","1","1","1"
"58","FB",1,"11",0.522,0,"4","1",0.625,0,"1","1","1","1"
"58","LR",0,"11",0.522,0,"4","1",0.625,0,"1","1","1","1"
"58","LR",0,"11",0.522,0,"4","1",0.625,0,"1","1","1","1"
"58","LR",0,"11",0.522,0,"4","1",0.625,0,"1","1","1","1"
"58","LR",0,"11",0.522,0,"4","1",0.625,0,"1","1","1","1"
"58","LR",0,"11",0.522,0,"4","1",0.625,0,"1","1","1","1"
"58","LR",0,"11",0.522,0,"4","1",0.625,0,"1","1","1","1"
"58","LR",0,"11",0.522,0,"4","1",0.625,0,"1","1","1","1"
"58","LR",0,"11",0.522,0,"4","1",0.625,0,"1","1","1","1"
"58","LR",0,"11",0.522,0,"4","1",0.625,0,"1","1","1","1"
"58","LR",0,"11",0.522,0,"4","1",0.625,0,"1","1","1","1"
"58","LR",0,"11",0.522,0,"4","1",0.625,0,"1","1","1","1"
"58","LR",0,"11",0.522,0,"4","1",0.625,0,"1","1","1","1"
"58","LR",0,"11",0.522,0,"4","1",0.625,0,"1","1","1","1"
"58","LR",0,"11",0.522,0,"4","1",0.625,0,"1","1","1","1"
"58","LR",0,"11",0.522,0,"4","1",0.625,0,"1","1","1","1"
"58","LR",0,"11",0.522,0,"4","1",0.625,0,"1","1","1","1"
"59","FB",0,"23",0.014,0.472,"3","2",0,0.5625,"5","4","4","4"
"59","FB",0,"23",0.014,0.472,"3","2",0,0.5625,"5","4","4","4"
"59","FB",0,"23",0.014,0.472,"3","2",0,0.5625,"5","4","4","4"
"59","FB",0,"23",0.014,0.472,"3","2",0,0.5625,"5","4","4","4"
"59","FB",0,"23",0.014,0.472,"3","2",0,0.5625,"5","4","4","4"
"59","FB",0,"23",0.014,0.472,"3","2",0,0.5625,"5","4","4","4"
"59","FB",0,"23",0.014,0.472,"3","2",0,0.5625,"5","4","4","4"
"59","FB",0,"23",0.014,0.472,"3","2",0,0.5625,"5","4","4","4"
"59","FB",0,"23",0.014,0.472,"3","2",0,0.5625,"5","4","4","4"
"59","FB",0,"23",0.014,0.472,"3","2",0,0.5625,"5","4","4","4"
"59","FB",0,"23",0.014,0.472,"3","2",0,0.5625,"5","4","4","4"
"59","FB",0,"23",0.014,0.472,"3","2",0,0.5625,"5","4","4","4"
"59","FB",0,"23",0.014,0.472,"3","2",0,0.5625,"5","4","4","4"
"59","FB",0,"23",0.014,0.472,"3","2",0,0.5625,"5","4","4","4"
"59","FB",0,"23",0.014,0.472,"3","2",0,0.5625,"5","4","4","4"
"59","FB",0,"23",0.014,0.472,"3","2",0,0.5625,"5","4","4","4"
"59","LR",0,"23",0.014,0.472,"3","2",0,0.5625,"5","4","4","4"
"59","LR",0,"23",0.014,0.472,"3","2",0,0.5625,"5","4","4","4"
"59","LR",0,"23",0.014,0.472,"3","2",0,0.5625,"5","4","4","4"
"59","LR",0,"23",0.014,0.472,"3","2",0,0.5625,"5","4","4","4"
"59","LR",0,"23",0.014,0.472,"3","2",0,0.5625,"5","4","4","4"
"59","LR",0,"23",0.014,0.472,"3","2",0,0.5625,"5","4","4","4"
"59","LR",0,"23",0.014,0.472,"3","2",0,0.5625,"5","4","4","4"
"59","LR",1,"23",0.014,0.472,"3","2",0,0.5625,"5","4","4","4"
"59","LR",1,"23",0.014,0.472,"3","2",0,0.5625,"5","4","4","4"
"59","LR",1,"23",0.014,0.472,"3","2",0,0.5625,"5","4","4","4"
"59","LR",1,"23",0.014,0.472,"3","2",0,0.5625,"5","4","4","4"
"59","LR",1,"23",0.014,0.472,"3","2",0,0.5625,"5","4","4","4"
"59","LR",1,"23",0.014,0.472,"3","2",0,0.5625,"5","4","4","4"
"59","LR",1,"23",0.014,0.472,"3","2",0,0.5625,"5","4","4","4"
"59","LR",1,"23",0.014,0.472,"3","2",0,0.5625,"5","4","4","4"
"59","LR",1,"23",0.014,0.472,"3","2",0,0.5625,"5","4","4","4"
"60","FB",0,"11",0.474,0.025,"4","1",0.625,0,"1","1","1","1"
"60","FB",0,"11",0.474,0.025,"4","1",0.625,0,"1","1","1","1"
"60","FB",0,"11",0.474,0.025,"4","1",0.625,0,"1","1","1","1"
"60","FB",0,"11",0.474,0.025,"4","1",0.625,0,"1","1","1","1"
"60","FB",0,"11",0.474,0.025,"4","1",0.625,0,"1","1","1","1"
"60","FB",0,"11",0.474,0.025,"4","1",0.625,0,"1","1","1","1"
"60","FB",1,"11",0.474,0.025,"4","1",0.625,0,"1","1","1","1"
"60","FB",1,"11",0.474,0.025,"4","1",0.625,0,"1","1","1","1"
"60","FB",1,"11",0.474,0.025,"4","1",0.625,0,"1","1","1","1"
"60","FB",1,"11",0.474,0.025,"4","1",0.625,0,"1","1","1","1"
"60","FB",1,"11",0.474,0.025,"4","1",0.625,0,"1","1","1","1"
"60","FB",1,"11",0.474,0.025,"4","1",0.625,0,"1","1","1","1"
"60","FB",1,"11",0.474,0.025,"4","1",0.625,0,"1","1","1","1"
"60","FB",1,"11",0.474,0.025,"4","1",0.625,0,"1","1","1","1"
"60","FB",1,"11",0.474,0.025,"4","1",0.625,0,"1","1","1","1"
"60","FB",1,"11",0.474,0.025,"4","1",0.625,0,"1","1","1","1"
"60","LR",0,"11",0.474,0.025,"4","1",0.625,0,"1","1","1","1"
"60","LR",0,"11",0.474,0.025,"4","1",0.625,0,"1","1","1","1"
"60","LR",0,"11",0.474,0.025,"4","1",0.625,0,"1","1","1","1"
"60","LR",0,"11",0.474,0.025,"4","1",0.625,0,"1","1","1","1"
"60","LR",0,"11",0.474,0.025,"4","1",0.625,0,"1","1","1","1"
"60","LR",0,"11",0.474,0.025,"4","1",0.625,0,"1","1","1","1"
"60","LR",0,"11",0.474,0.025,"4","1",0.625,0,"1","1","1","1"
"60","LR",0,"11",0.474,0.025,"4","1",0.625,0,"1","1","1","1"
"60","LR",0,"11",0.474,0.025,"4","1",0.625,0,"1","1","1","1"
"60","LR",0,"11",0.474,0.025,"4","1",0.625,0,"1","1","1","1"
"60","LR",0,"11",0.474,0.025,"4","1",0.625,0,"1","1","1","1"
"60","LR",0,"11",0.474,0.025,"4","1",0.625,0,"1","1","1","1"
"60","LR",0,"11",0.474,0.025,"4","1",0.625,0,"1","1","1","1"
"60","LR",0,"11",0.474,0.025,"4","1",0.625,0,"1","1","1","1"
"60","LR",0,"11",0.474,0.025,"4","1",0.625,0,"1","1","1","1"
"60","LR",0,"11",0.474,0.025,"4","1",0.625,0,"1","1","1","1"
"61","FB",1,"3",1,0.397,"2","3",1,0.125,"3","3","3","3"
"61","FB",1,"3",1,0.397,"2","3",1,0.125,"3","3","3","3"
"61","FB",1,"3",1,0.397,"2","3",1,0.125,"3","3","3","3"
"61","FB",1,"3",1,0.397,"2","3",1,0.125,"3","3","3","3"
"61","FB",1,"3",1,0.397,"2","3",1,0.125,"3","3","3","3"
"61","FB",1,"3",1,0.397,"2","3",1,0.125,"3","3","3","3"
"61","FB",1,"3",1,0.397,"2","3",1,0.125,"3","3","3","3"
"61","FB",1,"3",1,0.397,"2","3",1,0.125,"3","3","3","3"
"61","FB",1,"3",1,0.397,"2","3",1,0.125,"3","3","3","3"
"61","FB",1,"3",1,0.397,"2","3",1,0.125,"3","3","3","3"
"61","FB",1,"3",1,0.397,"2","3",1,0.125,"3","3","3","3"
"61","FB",1,"3",1,0.397,"2","3",1,0.125,"3","3","3","3"
"61","FB",1,"3",1,0.397,"2","3",1,0.125,"3","3","3","3"
"61","FB",1,"3",1,0.397,"2","3",1,0.125,"3","3","3","3"
"61","FB",1,"3",1,0.397,"2","3",1,0.125,"3","3","3","3"
"61","FB",1,"3",1,0.397,"2","3",1,0.125,"3","3","3","3"
"61","LR",0,"3",1,0.397,"2","3",1,0.125,"3","3","3","3"
"61","LR",0,"3",1,0.397,"2","3",1,0.125,"3","3","3","3"
"61","LR",0,"3",1,0.397,"2","3",1,0.125,"3","3","3","3"
"61","LR",0,"3",1,0.397,"2","3",1,0.125,"3","3","3","3"
"61","LR",0,"3",1,0.397,"2","3",1,0.125,"3","3","3","3"
"61","LR",0,"3",1,0.397,"2","3",1,0.125,"3","3","3","3"
"61","LR",0,"3",1,0.397,"2","3",1,0.125,"3","3","3","3"
"61","LR",0,"3",1,0.397,"2","3",1,0.125,"3","3","3","3"
"61","LR",0,"3",1,0.397,"2","3",1,0.125,"3","3","3","3"
"61","LR",0,"3",1,0.397,"2","3",1,0.125,"3","3","3","3"
"61","LR",0,"3",1,0.397,"2","3",1,0.125,"3","3","3","3"
"61","LR",0,"3",1,0.397,"2","3",1,0.125,"3","3","3","3"
"61","LR",0,"3",1,0.397,"2","3",1,0.125,"3","3","3","3"
"61","LR",0,"3",1,0.397,"2","3",1,0.125,"3","3","3","3"
"61","LR",1,"3",1,0.397,"2","3",1,0.125,"3","3","3","3"
"61","LR",1,"3",1,0.397,"2","3",1,0.125,"3","3","3","3"
"62","FB",0,"23",0.068,0.474,"3","2",0.1875,0.4375,"6","4","5","4"
"62","FB",0,"23",0.068,0.474,"3","2",0.1875,0.4375,"6","4","5","4"
"62","FB",0,"23",0.068,0.474,"3","2",0.1875,0.4375,"6","4","5","4"
"62","FB",0,"23",0.068,0.474,"3","2",0.1875,0.4375,"6","4","5","4"
"62","FB",0,"23",0.068,0.474,"3","2",0.1875,0.4375,"6","4","5","4"
"62","FB",0,"23",0.068,0.474,"3","2",0.1875,0.4375,"6","4","5","4"
"62","FB",0,"23",0.068,0.474,"3","2",0.1875,0.4375,"6","4","5","4"
"62","FB",0,"23",0.068,0.474,"3","2",0.1875,0.4375,"6","4","5","4"
"62","FB",0,"23",0.068,0.474,"3","2",0.1875,0.4375,"6","4","5","4"
"62","FB",0,"23",0.068,0.474,"3","2",0.1875,0.4375,"6","4","5","4"
"62","FB",0,"23",0.068,0.474,"3","2",0.1875,0.4375,"6","4","5","4"
"62","FB",0,"23",0.068,0.474,"3","2",0.1875,0.4375,"6","4","5","4"
"62","FB",0,"23",0.068,0.474,"3","2",0.1875,0.4375,"6","4","5","4"
"62","FB",1,"23",0.068,0.474,"3","2",0.1875,0.4375,"6","4","5","4"
"62","FB",1,"23",0.068,0.474,"3","2",0.1875,0.4375,"6","4","5","4"
"62","FB",1,"23",0.068,0.474,"3","2",0.1875,0.4375,"6","4","5","4"
"62","LR",0,"23",0.068,0.474,"3","2",0.1875,0.4375,"6","4","5","4"
"62","LR",0,"23",0.068,0.474,"3","2",0.1875,0.4375,"6","4","5","4"
"62","LR",0,"23",0.068,0.474,"3","2",0.1875,0.4375,"6","4","5","4"
"62","LR",0,"23",0.068,0.474,"3","2",0.1875,0.4375,"6","4","5","4"
"62","LR",0,"23",0.068,0.474,"3","2",0.1875,0.4375,"6","4","5","4"
"62","LR",0,"23",0.068,0.474,"3","2",0.1875,0.4375,"6","4","5","4"
"62","LR",0,"23",0.068,0.474,"3","2",0.1875,0.4375,"6","4","5","4"
"62","LR",0,"23",0.068,0.474,"3","2",0.1875,0.4375,"6","4","5","4"
"62","LR",0,"23",0.068,0.474,"3","2",0.1875,0.4375,"6","4","5","4"
"62","LR",1,"23",0.068,0.474,"3","2",0.1875,0.4375,"6","4","5","4"
"62","LR",1,"23",0.068,0.474,"3","2",0.1875,0.4375,"6","4","5","4"
"62","LR",1,"23",0.068,0.474,"3","2",0.1875,0.4375,"6","4","5","4"
"62","LR",1,"23",0.068,0.474,"3","2",0.1875,0.4375,"6","4","5","4"
"62","LR",1,"23",0.068,0.474,"3","2",0.1875,0.4375,"6","4","5","4"
"62","LR",1,"23",0.068,0.474,"3","2",0.1875,0.4375,"6","4","5","4"
"62","LR",1,"23",0.068,0.474,"3","2",0.1875,0.4375,"6","4","5","4"
"63","FB",0,"15",0.477,0.966,"1","4",0.375,1,"2","2","2","2"
"63","FB",0,"15",0.477,0.966,"1","4",0.375,1,"2","2","2","2"
"63","FB",0,"15",0.477,0.966,"1","4",0.375,1,"2","2","2","2"
"63","FB",0,"15",0.477,0.966,"1","4",0.375,1,"2","2","2","2"
"63","FB",0,"15",0.477,0.966,"1","4",0.375,1,"2","2","2","2"
"63","FB",0,"15",0.477,0.966,"1","4",0.375,1,"2","2","2","2"
"63","FB",0,"15",0.477,0.966,"1","4",0.375,1,"2","2","2","2"
"63","FB",0,"15",0.477,0.966,"1","4",0.375,1,"2","2","2","2"
"63","FB",0,"15",0.477,0.966,"1","4",0.375,1,"2","2","2","2"
"63","FB",0,"15",0.477,0.966,"1","4",0.375,1,"2","2","2","2"
"63","FB",1,"15",0.477,0.966,"1","4",0.375,1,"2","2","2","2"
"63","FB",1,"15",0.477,0.966,"1","4",0.375,1,"2","2","2","2"
"63","FB",1,"15",0.477,0.966,"1","4",0.375,1,"2","2","2","2"
"63","FB",1,"15",0.477,0.966,"1","4",0.375,1,"2","2","2","2"
"63","FB",1,"15",0.477,0.966,"1","4",0.375,1,"2","2","2","2"
"63","FB",1,"15",0.477,0.966,"1","4",0.375,1,"2","2","2","2"
"63","LR",1,"15",0.477,0.966,"1","4",0.375,1,"2","2","2","2"
"63","LR",1,"15",0.477,0.966,"1","4",0.375,1,"2","2","2","2"
"63","LR",1,"15",0.477,0.966,"1","4",0.375,1,"2","2","2","2"
"63","LR",1,"15",0.477,0.966,"1","4",0.375,1,"2","2","2","2"
"63","LR",1,"15",0.477,0.966,"1","4",0.375,1,"2","2","2","2"
"63","LR",1,"15",0.477,0.966,"1","4",0.375,1,"2","2","2","2"
"63","LR",1,"15",0.477,0.966,"1","4",0.375,1,"2","2","2","2"
"63","LR",1,"15",0.477,0.966,"1","4",0.375,1,"2","2","2","2"
"63","LR",1,"15",0.477,0.966,"1","4",0.375,1,"2","2","2","2"
"63","LR",1,"15",0.477,0.966,"1","4",0.375,1,"2","2","2","2"
"63","LR",1,"15",0.477,0.966,"1","4",0.375,1,"2","2","2","2"
"63","LR",1,"15",0.477,0.966,"1","4",0.375,1,"2","2","2","2"
"63","LR",1,"15",0.477,0.966,"1","4",0.375,1,"2","2","2","2"
"63","LR",1,"15",0.477,0.966,"1","4",0.375,1,"2","2","2","2"
"63","LR",1,"15",0.477,0.966,"1","4",0.375,1,"2","2","2","2"
"63","LR",1,"15",0.477,0.966,"1","4",0.375,1,"2","2","2","2"
"64","FB",0,"23",0,0.53,"3","2",0,0.75,"5","4","4","4"
"64","FB",0,"23",0,0.53,"3","2",0,0.75,"5","4","4","4"
"64","FB",0,"23",0,0.53,"3","2",0,0.75,"5","4","4","4"
"64","FB",0,"23",0,0.53,"3","2",0,0.75,"5","4","4","4"
"64","FB",0,"23",0,0.53,"3","2",0,0.75,"5","4","4","4"
"64","FB",0,"23",0,0.53,"3","2",0,0.75,"5","4","4","4"
"64","FB",0,"23",0,0.53,"3","2",0,0.75,"5","4","4","4"
"64","FB",0,"23",0,0.53,"3","2",0,0.75,"5","4","4","4"
"64","FB",0,"23",0,0.53,"3","2",0,0.75,"5","4","4","4"
"64","FB",0,"23",0,0.53,"3","2",0,0.75,"5","4","4","4"
"64","FB",0,"23",0,0.53,"3","2",0,0.75,"5","4","4","4"
"64","FB",0,"23",0,0.53,"3","2",0,0.75,"5","4","4","4"
"64","FB",0,"23",0,0.53,"3","2",0,0.75,"5","4","4","4"
"64","FB",0,"23",0,0.53,"3","2",0,0.75,"5","4","4","4"
"64","FB",0,"23",0,0.53,"3","2",0,0.75,"5","4","4","4"
"64","FB",0,"23",0,0.53,"3","2",0,0.75,"5","4","4","4"
"64","LR",0,"23",0,0.53,"3","2",0,0.75,"5","4","4","4"
"64","LR",0,"23",0,0.53,"3","2",0,0.75,"5","4","4","4"
"64","LR",0,"23",0,0.53,"3","2",0,0.75,"5","4","4","4"
"64","LR",0,"23",0,0.53,"3","2",0,0.75,"5","4","4","4"
"64","LR",1,"23",0,0.53,"3","2",0,0.75,"5","4","4","4"
"64","LR",1,"23",0,0.53,"3","2",0,0.75,"5","4","4","4"
"64","LR",1,"23",0,0.53,"3","2",0,0.75,"5","4","4","4"
"64","LR",1,"23",0,0.53,"3","2",0,0.75,"5","4","4","4"
"64","LR",1,"23",0,0.53,"3","2",0,0.75,"5","4","4","4"
"64","LR",1,"23",0,0.53,"3","2",0,0.75,"5","4","4","4"
"64","LR",1,"23",0,0.53,"3","2",0,0.75,"5","4","4","4"
"64","LR",1,"23",0,0.53,"3","2",0,0.75,"5","4","4","4"
"64","LR",1,"23",0,0.53,"3","2",0,0.75,"5","4","4","4"
"64","LR",1,"23",0,0.53,"3","2",0,0.75,"5","4","4","4"
"64","LR",1,"23",0,0.53,"3","2",0,0.75,"5","4","4","4"
"64","LR",1,"23",0,0.53,"3","2",0,0.75,"5","4","4","4"
"65","FB",0,"23",0,0.526,"3","2",0,0.3125,"5","4","4","4"
"65","FB",0,"23",0,0.526,"3","2",0,0.3125,"5","4","4","4"
"65","FB",0,"23",0,0.526,"3","2",0,0.3125,"5","4","4","4"
"65","FB",0,"23",0,0.526,"3","2",0,0.3125,"5","4","4","4"
"65","FB",0,"23",0,0.526,"3","2",0,0.3125,"5","4","4","4"
"65","FB",0,"23",0,0.526,"3","2",0,0.3125,"5","4","4","4"
"65","FB",0,"23",0,0.526,"3","2",0,0.3125,"5","4","4","4"
"65","FB",0,"23",0,0.526,"3","2",0,0.3125,"5","4","4","4"
"65","FB",0,"23",0,0.526,"3","2",0,0.3125,"5","4","4","4"
"65","FB",0,"23",0,0.526,"3","2",0,0.3125,"5","4","4","4"
"65","FB",0,"23",0,0.526,"3","2",0,0.3125,"5","4","4","4"
"65","FB",0,"23",0,0.526,"3","2",0,0.3125,"5","4","4","4"
"65","FB",0,"23",0,0.526,"3","2",0,0.3125,"5","4","4","4"
"65","FB",0,"23",0,0.526,"3","2",0,0.3125,"5","4","4","4"
"65","FB",0,"23",0,0.526,"3","2",0,0.3125,"5","4","4","4"
"65","FB",0,"23",0,0.526,"3","2",0,0.3125,"5","4","4","4"
"65","LR",0,"23",0,0.526,"3","2",0,0.3125,"5","4","4","4"
"65","LR",0,"23",0,0.526,"3","2",0,0.3125,"5","4","4","4"
"65","LR",0,"23",0,0.526,"3","2",0,0.3125,"5","4","4","4"
"65","LR",0,"23",0,0.526,"3","2",0,0.3125,"5","4","4","4"
"65","LR",0,"23",0,0.526,"3","2",0,0.3125,"5","4","4","4"
"65","LR",0,"23",0,0.526,"3","2",0,0.3125,"5","4","4","4"
"65","LR",0,"23",0,0.526,"3","2",0,0.3125,"5","4","4","4"
"65","LR",0,"23",0,0.526,"3","2",0,0.3125,"5","4","4","4"
"65","LR",0,"23",0,0.526,"3","2",0,0.3125,"5","4","4","4"
"65","LR",0,"23",0,0.526,"3","2",0,0.3125,"5","4","4","4"
"65","LR",0,"23",0,0.526,"3","2",0,0.3125,"5","4","4","4"
"65","LR",1,"23",0,0.526,"3","2",0,0.3125,"5","4","4","4"
"65","LR",1,"23",0,0.526,"3","2",0,0.3125,"5","4","4","4"
"65","LR",1,"23",0,0.526,"3","2",0,0.3125,"5","4","4","4"
"65","LR",1,"23",0,0.526,"3","2",0,0.3125,"5","4","4","4"
"65","LR",1,"23",0,0.526,"3","2",0,0.3125,"5","4","4","4"
"66","FB",0,"3",0.95,0.455,"2","3",0.9375,0.5,"3","3","6","3"
"66","FB",1,"3",0.95,0.455,"2","3",0.9375,0.5,"3","3","6","3"
"66","FB",1,"3",0.95,0.455,"2","3",0.9375,0.5,"3","3","6","3"
"66","FB",1,"3",0.95,0.455,"2","3",0.9375,0.5,"3","3","6","3"
"66","FB",1,"3",0.95,0.455,"2","3",0.9375,0.5,"3","3","6","3"
"66","FB",1,"3",0.95,0.455,"2","3",0.9375,0.5,"3","3","6","3"
"66","FB",1,"3",0.95,0.455,"2","3",0.9375,0.5,"3","3","6","3"
"66","FB",1,"3",0.95,0.455,"2","3",0.9375,0.5,"3","3","6","3"
"66","FB",1,"3",0.95,0.455,"2","3",0.9375,0.5,"3","3","6","3"
"66","FB",1,"3",0.95,0.455,"2","3",0.9375,0.5,"3","3","6","3"
"66","FB",1,"3",0.95,0.455,"2","3",0.9375,0.5,"3","3","6","3"
"66","FB",1,"3",0.95,0.455,"2","3",0.9375,0.5,"3","3","6","3"
"66","FB",1,"3",0.95,0.455,"2","3",0.9375,0.5,"3","3","6","3"
"66","FB",1,"3",0.95,0.455,"2","3",0.9375,0.5,"3","3","6","3"
"66","FB",1,"3",0.95,0.455,"2","3",0.9375,0.5,"3","3","6","3"
"66","FB",1,"3",0.95,0.455,"2","3",0.9375,0.5,"3","3","6","3"
"66","LR",0,"3",0.95,0.455,"2","3",0.9375,0.5,"3","3","6","3"
"66","LR",0,"3",0.95,0.455,"2","3",0.9375,0.5,"3","3","6","3"
"66","LR",0,"3",0.95,0.455,"2","3",0.9375,0.5,"3","3","6","3"
"66","LR",0,"3",0.95,0.455,"2","3",0.9375,0.5,"3","3","6","3"
"66","LR",0,"3",0.95,0.455,"2","3",0.9375,0.5,"3","3","6","3"
"66","LR",0,"3",0.95,0.455,"2","3",0.9375,0.5,"3","3","6","3"
"66","LR",0,"3",0.95,0.455,"2","3",0.9375,0.5,"3","3","6","3"
"66","LR",0,"3",0.95,0.455,"2","3",0.9375,0.5,"3","3","6","3"
"66","LR",1,"3",0.95,0.455,"2","3",0.9375,0.5,"3","3","6","3"
"66","LR",1,"3",0.95,0.455,"2","3",0.9375,0.5,"3","3","6","3"
"66","LR",1,"3",0.95,0.455,"2","3",0.9375,0.5,"3","3","6","3"
"66","LR",1,"3",0.95,0.455,"2","3",0.9375,0.5,"3","3","6","3"
"66","LR",1,"3",0.95,0.455,"2","3",0.9375,0.5,"3","3","6","3"
"66","LR",1,"3",0.95,0.455,"2","3",0.9375,0.5,"3","3","6","3"
"66","LR",1,"3",0.95,0.455,"2","3",0.9375,0.5,"3","3","6","3"
"66","LR",1,"3",0.95,0.455,"2","3",0.9375,0.5,"3","3","6","3"
"67","FB",1,"3",0.963,0.379,"2","3",1,0.5625,"3","3","3","3"
"67","FB",1,"3",0.963,0.379,"2","3",1,0.5625,"3","3","3","3"
"67","FB",1,"3",0.963,0.379,"2","3",1,0.5625,"3","3","3","3"
"67","FB",1,"3",0.963,0.379,"2","3",1,0.5625,"3","3","3","3"
"67","FB",1,"3",0.963,0.379,"2","3",1,0.5625,"3","3","3","3"
"67","FB",1,"3",0.963,0.379,"2","3",1,0.5625,"3","3","3","3"
"67","FB",1,"3",0.963,0.379,"2","3",1,0.5625,"3","3","3","3"
"67","FB",1,"3",0.963,0.379,"2","3",1,0.5625,"3","3","3","3"
"67","FB",1,"3",0.963,0.379,"2","3",1,0.5625,"3","3","3","3"
"67","FB",1,"3",0.963,0.379,"2","3",1,0.5625,"3","3","3","3"
"67","FB",1,"3",0.963,0.379,"2","3",1,0.5625,"3","3","3","3"
"67","FB",1,"3",0.963,0.379,"2","3",1,0.5625,"3","3","3","3"
"67","FB",1,"3",0.963,0.379,"2","3",1,0.5625,"3","3","3","3"
"67","FB",1,"3",0.963,0.379,"2","3",1,0.5625,"3","3","3","3"
"67","FB",1,"3",0.963,0.379,"2","3",1,0.5625,"3","3","3","3"
"67","FB",1,"3",0.963,0.379,"2","3",1,0.5625,"3","3","3","3"
"67","LR",0,"3",0.963,0.379,"2","3",1,0.5625,"3","3","3","3"
"67","LR",0,"3",0.963,0.379,"2","3",1,0.5625,"3","3","3","3"
"67","LR",0,"3",0.963,0.379,"2","3",1,0.5625,"3","3","3","3"
"67","LR",0,"3",0.963,0.379,"2","3",1,0.5625,"3","3","3","3"
"67","LR",0,"3",0.963,0.379,"2","3",1,0.5625,"3","3","3","3"
"67","LR",0,"3",0.963,0.379,"2","3",1,0.5625,"3","3","3","3"
"67","LR",0,"3",0.963,0.379,"2","3",1,0.5625,"3","3","3","3"
"67","LR",1,"3",0.963,0.379,"2","3",1,0.5625,"3","3","3","3"
"67","LR",1,"3",0.963,0.379,"2","3",1,0.5625,"3","3","3","3"
"67","LR",1,"3",0.963,0.379,"2","3",1,0.5625,"3","3","3","3"
"67","LR",1,"3",0.963,0.379,"2","3",1,0.5625,"3","3","3","3"
"67","LR",1,"3",0.963,0.379,"2","3",1,0.5625,"3","3","3","3"
"67","LR",1,"3",0.963,0.379,"2","3",1,0.5625,"3","3","3","3"
"67","LR",1,"3",0.963,0.379,"2","3",1,0.5625,"3","3","3","3"
"67","LR",1,"3",0.963,0.379,"2","3",1,0.5625,"3","3","3","3"
"67","LR",1,"3",0.963,0.379,"2","3",1,0.5625,"3","3","3","3"
"68","FB",0,"23",0,0.479,"3","2",0,0.5625,"5","4","4","4"
"68","FB",0,"23",0,0.479,"3","2",0,0.5625,"5","4","4","4"
"68","FB",0,"23",0,0.479,"3","2",0,0.5625,"5","4","4","4"
"68","FB",0,"23",0,0.479,"3","2",0,0.5625,"5","4","4","4"
"68","FB",0,"23",0,0.479,"3","2",0,0.5625,"5","4","4","4"
"68","FB",0,"23",0,0.479,"3","2",0,0.5625,"5","4","4","4"
"68","FB",0,"23",0,0.479,"3","2",0,0.5625,"5","4","4","4"
"68","FB",0,"23",0,0.479,"3","2",0,0.5625,"5","4","4","4"
"68","FB",0,"23",0,0.479,"3","2",0,0.5625,"5","4","4","4"
"68","FB",0,"23",0,0.479,"3","2",0,0.5625,"5","4","4","4"
"68","FB",0,"23",0,0.479,"3","2",0,0.5625,"5","4","4","4"
"68","FB",0,"23",0,0.479,"3","2",0,0.5625,"5","4","4","4"
"68","FB",0,"23",0,0.479,"3","2",0,0.5625,"5","4","4","4"
"68","FB",0,"23",0,0.479,"3","2",0,0.5625,"5","4","4","4"
"68","FB",0,"23",0,0.479,"3","2",0,0.5625,"5","4","4","4"
"68","FB",0,"23",0,0.479,"3","2",0,0.5625,"5","4","4","4"
"68","LR",0,"23",0,0.479,"3","2",0,0.5625,"5","4","4","4"
"68","LR",0,"23",0,0.479,"3","2",0,0.5625,"5","4","4","4"
"68","LR",0,"23",0,0.479,"3","2",0,0.5625,"5","4","4","4"
"68","LR",0,"23",0,0.479,"3","2",0,0.5625,"5","4","4","4"
"68","LR",0,"23",0,0.479,"3","2",0,0.5625,"5","4","4","4"
"68","LR",0,"23",0,0.479,"3","2",0,0.5625,"5","4","4","4"
"68","LR",0,"23",0,0.479,"3","2",0,0.5625,"5","4","4","4"
"68","LR",1,"23",0,0.479,"3","2",0,0.5625,"5","4","4","4"
"68","LR",1,"23",0,0.479,"3","2",0,0.5625,"5","4","4","4"
"68","LR",1,"23",0,0.479,"3","2",0,0.5625,"5","4","4","4"
"68","LR",1,"23",0,0.479,"3","2",0,0.5625,"5","4","4","4"
"68","LR",1,"23",0,0.479,"3","2",0,0.5625,"5","4","4","4"
"68","LR",1,"23",0,0.479,"3","2",0,0.5625,"5","4","4","4"
"68","LR",1,"23",0,0.479,"3","2",0,0.5625,"5","4","4","4"
"68","LR",1,"23",0,0.479,"3","2",0,0.5625,"5","4","4","4"
"68","LR",1,"23",0,0.479,"3","2",0,0.5625,"5","4","4","4"
"69","FB",0,"3",0.958,0.519,"2","3",0.9375,0.5625,"3","3","6","3"
"69","FB",1,"3",0.958,0.519,"2","3",0.9375,0.5625,"3","3","6","3"
"69","FB",1,"3",0.958,0.519,"2","3",0.9375,0.5625,"3","3","6","3"
"69","FB",1,"3",0.958,0.519,"2","3",0.9375,0.5625,"3","3","6","3"
"69","FB",1,"3",0.958,0.519,"2","3",0.9375,0.5625,"3","3","6","3"
"69","FB",1,"3",0.958,0.519,"2","3",0.9375,0.5625,"3","3","6","3"
"69","FB",1,"3",0.958,0.519,"2","3",0.9375,0.5625,"3","3","6","3"
"69","FB",1,"3",0.958,0.519,"2","3",0.9375,0.5625,"3","3","6","3"
"69","FB",1,"3",0.958,0.519,"2","3",0.9375,0.5625,"3","3","6","3"
"69","FB",1,"3",0.958,0.519,"2","3",0.9375,0.5625,"3","3","6","3"
"69","FB",1,"3",0.958,0.519,"2","3",0.9375,0.5625,"3","3","6","3"
"69","FB",1,"3",0.958,0.519,"2","3",0.9375,0.5625,"3","3","6","3"
"69","FB",1,"3",0.958,0.519,"2","3",0.9375,0.5625,"3","3","6","3"
"69","FB",1,"3",0.958,0.519,"2","3",0.9375,0.5625,"3","3","6","3"
"69","FB",1,"3",0.958,0.519,"2","3",0.9375,0.5625,"3","3","6","3"
"69","FB",1,"3",0.958,0.519,"2","3",0.9375,0.5625,"3","3","6","3"
"69","LR",0,"3",0.958,0.519,"2","3",0.9375,0.5625,"3","3","6","3"
"69","LR",0,"3",0.958,0.519,"2","3",0.9375,0.5625,"3","3","6","3"
"69","LR",0,"3",0.958,0.519,"2","3",0.9375,0.5625,"3","3","6","3"
"69","LR",0,"3",0.958,0.519,"2","3",0.9375,0.5625,"3","3","6","3"
"69","LR",0,"3",0.958,0.519,"2","3",0.9375,0.5625,"3","3","6","3"
"69","LR",0,"3",0.958,0.519,"2","3",0.9375,0.5625,"3","3","6","3"
"69","LR",0,"3",0.958,0.519,"2","3",0.9375,0.5625,"3","3","6","3"
"69","LR",1,"3",0.958,0.519,"2","3",0.9375,0.5625,"3","3","6","3"
"69","LR",1,"3",0.958,0.519,"2","3",0.9375,0.5625,"3","3","6","3"
"69","LR",1,"3",0.958,0.519,"2","3",0.9375,0.5625,"3","3","6","3"
"69","LR",1,"3",0.958,0.519,"2","3",0.9375,0.5625,"3","3","6","3"
"69","LR",1,"3",0.958,0.519,"2","3",0.9375,0.5625,"3","3","6","3"
"69","LR",1,"3",0.958,0.519,"2","3",0.9375,0.5625,"3","3","6","3"
"69","LR",1,"3",0.958,0.519,"2","3",0.9375,0.5625,"3","3","6","3"
"69","LR",1,"3",0.958,0.519,"2","3",0.9375,0.5625,"3","3","6","3"
"69","LR",1,"3",0.958,0.519,"2","3",0.9375,0.5625,"3","3","6","3"
"70","FB",0,"23",0.037,0.453,"3","2",0.1875,0.6875,"6","4","5","4"
"70","FB",0,"23",0.037,0.453,"3","2",0.1875,0.6875,"6","4","5","4"
"70","FB",0,"23",0.037,0.453,"3","2",0.1875,0.6875,"6","4","5","4"
"70","FB",0,"23",0.037,0.453,"3","2",0.1875,0.6875,"6","4","5","4"
"70","FB",0,"23",0.037,0.453,"3","2",0.1875,0.6875,"6","4","5","4"
"70","FB",0,"23",0.037,0.453,"3","2",0.1875,0.6875,"6","4","5","4"
"70","FB",0,"23",0.037,0.453,"3","2",0.1875,0.6875,"6","4","5","4"
"70","FB",0,"23",0.037,0.453,"3","2",0.1875,0.6875,"6","4","5","4"
"70","FB",0,"23",0.037,0.453,"3","2",0.1875,0.6875,"6","4","5","4"
"70","FB",0,"23",0.037,0.453,"3","2",0.1875,0.6875,"6","4","5","4"
"70","FB",0,"23",0.037,0.453,"3","2",0.1875,0.6875,"6","4","5","4"
"70","FB",0,"23",0.037,0.453,"3","2",0.1875,0.6875,"6","4","5","4"
"70","FB",0,"23",0.037,0.453,"3","2",0.1875,0.6875,"6","4","5","4"
"70","FB",1,"23",0.037,0.453,"3","2",0.1875,0.6875,"6","4","5","4"
"70","FB",1,"23",0.037,0.453,"3","2",0.1875,0.6875,"6","4","5","4"
"70","FB",1,"23",0.037,0.453,"3","2",0.1875,0.6875,"6","4","5","4"
"70","LR",0,"23",0.037,0.453,"3","2",0.1875,0.6875,"6","4","5","4"
"70","LR",0,"23",0.037,0.453,"3","2",0.1875,0.6875,"6","4","5","4"
"70","LR",0,"23",0.037,0.453,"3","2",0.1875,0.6875,"6","4","5","4"
"70","LR",0,"23",0.037,0.453,"3","2",0.1875,0.6875,"6","4","5","4"
"70","LR",0,"23",0.037,0.453,"3","2",0.1875,0.6875,"6","4","5","4"
"70","LR",1,"23",0.037,0.453,"3","2",0.1875,0.6875,"6","4","5","4"
"70","LR",1,"23",0.037,0.453,"3","2",0.1875,0.6875,"6","4","5","4"
"70","LR",1,"23",0.037,0.453,"3","2",0.1875,0.6875,"6","4","5","4"
"70","LR",1,"23",0.037,0.453,"3","2",0.1875,0.6875,"6","4","5","4"
"70","LR",1,"23",0.037,0.453,"3","2",0.1875,0.6875,"6","4","5","4"
"70","LR",1,"23",0.037,0.453,"3","2",0.1875,0.6875,"6","4","5","4"
"70","LR",1,"23",0.037,0.453,"3","2",0.1875,0.6875,"6","4","5","4"
"70","LR",1,"23",0.037,0.453,"3","2",0.1875,0.6875,"6","4","5","4"
"70","LR",1,"23",0.037,0.453,"3","2",0.1875,0.6875,"6","4","5","4"
"70","LR",1,"23",0.037,0.453,"3","2",0.1875,0.6875,"6","4","5","4"
"70","LR",1,"23",0.037,0.453,"3","2",0.1875,0.6875,"6","4","5","4"
"71","FB",0,"11",0.462,0.054,"4","1",0.5625,0.0625,"1","1","1","1"
"71","FB",0,"11",0.462,0.054,"4","1",0.5625,0.0625,"1","1","1","1"
"71","FB",0,"11",0.462,0.054,"4","1",0.5625,0.0625,"1","1","1","1"
"71","FB",0,"11",0.462,0.054,"4","1",0.5625,0.0625,"1","1","1","1"
"71","FB",0,"11",0.462,0.054,"4","1",0.5625,0.0625,"1","1","1","1"
"71","FB",0,"11",0.462,0.054,"4","1",0.5625,0.0625,"1","1","1","1"
"71","FB",0,"11",0.462,0.054,"4","1",0.5625,0.0625,"1","1","1","1"
"71","FB",1,"11",0.462,0.054,"4","1",0.5625,0.0625,"1","1","1","1"
"71","FB",1,"11",0.462,0.054,"4","1",0.5625,0.0625,"1","1","1","1"
"71","FB",1,"11",0.462,0.054,"4","1",0.5625,0.0625,"1","1","1","1"
"71","FB",1,"11",0.462,0.054,"4","1",0.5625,0.0625,"1","1","1","1"
"71","FB",1,"11",0.462,0.054,"4","1",0.5625,0.0625,"1","1","1","1"
"71","FB",1,"11",0.462,0.054,"4","1",0.5625,0.0625,"1","1","1","1"
"71","FB",1,"11",0.462,0.054,"4","1",0.5625,0.0625,"1","1","1","1"
"71","FB",1,"11",0.462,0.054,"4","1",0.5625,0.0625,"1","1","1","1"
"71","FB",1,"11",0.462,0.054,"4","1",0.5625,0.0625,"1","1","1","1"
"71","LR",0,"11",0.462,0.054,"4","1",0.5625,0.0625,"1","1","1","1"
"71","LR",0,"11",0.462,0.054,"4","1",0.5625,0.0625,"1","1","1","1"
"71","LR",0,"11",0.462,0.054,"4","1",0.5625,0.0625,"1","1","1","1"
"71","LR",0,"11",0.462,0.054,"4","1",0.5625,0.0625,"1","1","1","1"
"71","LR",0,"11",0.462,0.054,"4","1",0.5625,0.0625,"1","1","1","1"
"71","LR",0,"11",0.462,0.054,"4","1",0.5625,0.0625,"1","1","1","1"
"71","LR",0,"11",0.462,0.054,"4","1",0.5625,0.0625,"1","1","1","1"
"71","LR",0,"11",0.462,0.054,"4","1",0.5625,0.0625,"1","1","1","1"
"71","LR",0,"11",0.462,0.054,"4","1",0.5625,0.0625,"1","1","1","1"
"71","LR",0,"11",0.462,0.054,"4","1",0.5625,0.0625,"1","1","1","1"
"71","LR",0,"11",0.462,0.054,"4","1",0.5625,0.0625,"1","1","1","1"
"71","LR",0,"11",0.462,0.054,"4","1",0.5625,0.0625,"1","1","1","1"
"71","LR",0,"11",0.462,0.054,"4","1",0.5625,0.0625,"1","1","1","1"
"71","LR",0,"11",0.462,0.054,"4","1",0.5625,0.0625,"1","1","1","1"
"71","LR",0,"11",0.462,0.054,"4","1",0.5625,0.0625,"1","1","1","1"
"71","LR",1,"11",0.462,0.054,"4","1",0.5625,0.0625,"1","1","1","1"
"72","FB",1,"3",1,0.466,"2","3",1,0.625,"3","3","3","3"
"72","FB",1,"3",1,0.466,"2","3",1,0.625,"3","3","3","3"
"72","FB",1,"3",1,0.466,"2","3",1,0.625,"3","3","3","3"
"72","FB",1,"3",1,0.466,"2","3",1,0.625,"3","3","3","3"
"72","FB",1,"3",1,0.466,"2","3",1,0.625,"3","3","3","3"
"72","FB",1,"3",1,0.466,"2","3",1,0.625,"3","3","3","3"
"72","FB",1,"3",1,0.466,"2","3",1,0.625,"3","3","3","3"
"72","FB",1,"3",1,0.466,"2","3",1,0.625,"3","3","3","3"
"72","FB",1,"3",1,0.466,"2","3",1,0.625,"3","3","3","3"
"72","FB",1,"3",1,0.466,"2","3",1,0.625,"3","3","3","3"
"72","FB",1,"3",1,0.466,"2","3",1,0.625,"3","3","3","3"
"72","FB",1,"3",1,0.466,"2","3",1,0.625,"3","3","3","3"
"72","FB",1,"3",1,0.466,"2","3",1,0.625,"3","3","3","3"
"72","FB",1,"3",1,0.466,"2","3",1,0.625,"3","3","3","3"
"72","FB",1,"3",1,0.466,"2","3",1,0.625,"3","3","3","3"
"72","FB",1,"3",1,0.466,"2","3",1,0.625,"3","3","3","3"
"72","LR",0,"3",1,0.466,"2","3",1,0.625,"3","3","3","3"
"72","LR",0,"3",1,0.466,"2","3",1,0.625,"3","3","3","3"
"72","LR",0,"3",1,0.466,"2","3",1,0.625,"3","3","3","3"
"72","LR",0,"3",1,0.466,"2","3",1,0.625,"3","3","3","3"
"72","LR",0,"3",1,0.466,"2","3",1,0.625,"3","3","3","3"
"72","LR",0,"3",1,0.466,"2","3",1,0.625,"3","3","3","3"
"72","LR",1,"3",1,0.466,"2","3",1,0.625,"3","3","3","3"
"72","LR",1,"3",1,0.466,"2","3",1,0.625,"3","3","3","3"
"72","LR",1,"3",1,0.466,"2","3",1,0.625,"3","3","3","3"
"72","LR",1,"3",1,0.466,"2","3",1,0.625,"3","3","3","3"
"72","LR",1,"3",1,0.466,"2","3",1,0.625,"3","3","3","3"
"72","LR",1,"3",1,0.466,"2","3",1,0.625,"3","3","3","3"
"72","LR",1,"3",1,0.466,"2","3",1,0.625,"3","3","3","3"
"72","LR",1,"3",1,0.466,"2","3",1,0.625,"3","3","3","3"
"72","LR",1,"3",1,0.466,"2","3",1,0.625,"3","3","3","3"
"72","LR",1,"3",1,0.466,"2","3",1,0.625,"3","3","3","3"
"73","FB",1,"3",1,0.547,"2","3",1,0.5,"3","3","3","3"
"73","FB",1,"3",1,0.547,"2","3",1,0.5,"3","3","3","3"
"73","FB",1,"3",1,0.547,"2","3",1,0.5,"3","3","3","3"
"73","FB",1,"3",1,0.547,"2","3",1,0.5,"3","3","3","3"
"73","FB",1,"3",1,0.547,"2","3",1,0.5,"3","3","3","3"
"73","FB",1,"3",1,0.547,"2","3",1,0.5,"3","3","3","3"
"73","FB",1,"3",1,0.547,"2","3",1,0.5,"3","3","3","3"
"73","FB",1,"3",1,0.547,"2","3",1,0.5,"3","3","3","3"
"73","FB",1,"3",1,0.547,"2","3",1,0.5,"3","3","3","3"
"73","FB",1,"3",1,0.547,"2","3",1,0.5,"3","3","3","3"
"73","FB",1,"3",1,0.547,"2","3",1,0.5,"3","3","3","3"
"73","FB",1,"3",1,0.547,"2","3",1,0.5,"3","3","3","3"
"73","FB",1,"3",1,0.547,"2","3",1,0.5,"3","3","3","3"
"73","FB",1,"3",1,0.547,"2","3",1,0.5,"3","3","3","3"
"73","FB",1,"3",1,0.547,"2","3",1,0.5,"3","3","3","3"
"73","FB",1,"3",1,0.547,"2","3",1,0.5,"3","3","3","3"
"73","LR",0,"3",1,0.547,"2","3",1,0.5,"3","3","3","3"
"73","LR",0,"3",1,0.547,"2","3",1,0.5,"3","3","3","3"
"73","LR",0,"3",1,0.547,"2","3",1,0.5,"3","3","3","3"
"73","LR",0,"3",1,0.547,"2","3",1,0.5,"3","3","3","3"
"73","LR",0,"3",1,0.547,"2","3",1,0.5,"3","3","3","3"
"73","LR",0,"3",1,0.547,"2","3",1,0.5,"3","3","3","3"
"73","LR",0,"3",1,0.547,"2","3",1,0.5,"3","3","3","3"
"73","LR",0,"3",1,0.547,"2","3",1,0.5,"3","3","3","3"
"73","LR",1,"3",1,0.547,"2","3",1,0.5,"3","3","3","3"
"73","LR",1,"3",1,0.547,"2","3",1,0.5,"3","3","3","3"
"73","LR",1,"3",1,0.547,"2","3",1,0.5,"3","3","3","3"
"73","LR",1,"3",1,0.547,"2","3",1,0.5,"3","3","3","3"
"73","LR",1,"3",1,0.547,"2","3",1,0.5,"3","3","3","3"
"73","LR",1,"3",1,0.547,"2","3",1,0.5,"3","3","3","3"
"73","LR",1,"3",1,0.547,"2","3",1,0.5,"3","3","3","3"
"73","LR",1,"3",1,0.547,"2","3",1,0.5,"3","3","3","3"
"74","FB",0,"11",0.521,0,"4","1",0.625,0,"1","1","1","1"
"74","FB",0,"11",0.521,0,"4","1",0.625,0,"1","1","1","1"
"74","FB",0,"11",0.521,0,"4","1",0.625,0,"1","1","1","1"
"74","FB",0,"11",0.521,0,"4","1",0.625,0,"1","1","1","1"
"74","FB",0,"11",0.521,0,"4","1",0.625,0,"1","1","1","1"
"74","FB",0,"11",0.521,0,"4","1",0.625,0,"1","1","1","1"
"74","FB",1,"11",0.521,0,"4","1",0.625,0,"1","1","1","1"
"74","FB",1,"11",0.521,0,"4","1",0.625,0,"1","1","1","1"
"74","FB",1,"11",0.521,0,"4","1",0.625,0,"1","1","1","1"
"74","FB",1,"11",0.521,0,"4","1",0.625,0,"1","1","1","1"
"74","FB",1,"11",0.521,0,"4","1",0.625,0,"1","1","1","1"
"74","FB",1,"11",0.521,0,"4","1",0.625,0,"1","1","1","1"
"74","FB",1,"11",0.521,0,"4","1",0.625,0,"1","1","1","1"
"74","FB",1,"11",0.521,0,"4","1",0.625,0,"1","1","1","1"
"74","FB",1,"11",0.521,0,"4","1",0.625,0,"1","1","1","1"
"74","FB",1,"11",0.521,0,"4","1",0.625,0,"1","1","1","1"
"74","LR",0,"11",0.521,0,"4","1",0.625,0,"1","1","1","1"
"74","LR",0,"11",0.521,0,"4","1",0.625,0,"1","1","1","1"
"74","LR",0,"11",0.521,0,"4","1",0.625,0,"1","1","1","1"
"74","LR",0,"11",0.521,0,"4","1",0.625,0,"1","1","1","1"
"74","LR",0,"11",0.521,0,"4","1",0.625,0,"1","1","1","1"
"74","LR",0,"11",0.521,0,"4","1",0.625,0,"1","1","1","1"
"74","LR",0,"11",0.521,0,"4","1",0.625,0,"1","1","1","1"
"74","LR",0,"11",0.521,0,"4","1",0.625,0,"1","1","1","1"
"74","LR",0,"11",0.521,0,"4","1",0.625,0,"1","1","1","1"
"74","LR",0,"11",0.521,0,"4","1",0.625,0,"1","1","1","1"
"74","LR",0,"11",0.521,0,"4","1",0.625,0,"1","1","1","1"
"74","LR",0,"11",0.521,0,"4","1",0.625,0,"1","1","1","1"
"74","LR",0,"11",0.521,0,"4","1",0.625,0,"1","1","1","1"
"74","LR",0,"11",0.521,0,"4","1",0.625,0,"1","1","1","1"
"74","LR",0,"11",0.521,0,"4","1",0.625,0,"1","1","1","1"
"74","LR",0,"11",0.521,0,"4","1",0.625,0,"1","1","1","1"
"75","FB",0,"11",0.571,0.019,"4","1",0.4375,0,"1","1","1","1"
"75","FB",0,"11",0.571,0.019,"4","1",0.4375,0,"1","1","1","1"
"75","FB",0,"11",0.571,0.019,"4","1",0.4375,0,"1","1","1","1"
"75","FB",0,"11",0.571,0.019,"4","1",0.4375,0,"1","1","1","1"
"75","FB",0,"11",0.571,0.019,"4","1",0.4375,0,"1","1","1","1"
"75","FB",0,"11",0.571,0.019,"4","1",0.4375,0,"1","1","1","1"
"75","FB",0,"11",0.571,0.019,"4","1",0.4375,0,"1","1","1","1"
"75","FB",0,"11",0.571,0.019,"4","1",0.4375,0,"1","1","1","1"
"75","FB",0,"11",0.571,0.019,"4","1",0.4375,0,"1","1","1","1"
"75","FB",1,"11",0.571,0.019,"4","1",0.4375,0,"1","1","1","1"
"75","FB",1,"11",0.571,0.019,"4","1",0.4375,0,"1","1","1","1"
"75","FB",1,"11",0.571,0.019,"4","1",0.4375,0,"1","1","1","1"
"75","FB",1,"11",0.571,0.019,"4","1",0.4375,0,"1","1","1","1"
"75","FB",1,"11",0.571,0.019,"4","1",0.4375,0,"1","1","1","1"
"75","FB",1,"11",0.571,0.019,"4","1",0.4375,0,"1","1","1","1"
"75","FB",1,"11",0.571,0.019,"4","1",0.4375,0,"1","1","1","1"
"75","LR",0,"11",0.571,0.019,"4","1",0.4375,0,"1","1","1","1"
"75","LR",0,"11",0.571,0.019,"4","1",0.4375,0,"1","1","1","1"
"75","LR",0,"11",0.571,0.019,"4","1",0.4375,0,"1","1","1","1"
"75","LR",0,"11",0.571,0.019,"4","1",0.4375,0,"1","1","1","1"
"75","LR",0,"11",0.571,0.019,"4","1",0.4375,0,"1","1","1","1"
"75","LR",0,"11",0.571,0.019,"4","1",0.4375,0,"1","1","1","1"
"75","LR",0,"11",0.571,0.019,"4","1",0.4375,0,"1","1","1","1"
"75","LR",0,"11",0.571,0.019,"4","1",0.4375,0,"1","1","1","1"
"75","LR",0,"11",0.571,0.019,"4","1",0.4375,0,"1","1","1","1"
"75","LR",0,"11",0.571,0.019,"4","1",0.4375,0,"1","1","1","1"
"75","LR",0,"11",0.571,0.019,"4","1",0.4375,0,"1","1","1","1"
"75","LR",0,"11",0.571,0.019,"4","1",0.4375,0,"1","1","1","1"
"75","LR",0,"11",0.571,0.019,"4","1",0.4375,0,"1","1","1","1"
"75","LR",0,"11",0.571,0.019,"4","1",0.4375,0,"1","1","1","1"
"75","LR",0,"11",0.571,0.019,"4","1",0.4375,0,"1","1","1","1"
"75","LR",0,"11",0.571,0.019,"4","1",0.4375,0,"1","1","1","1"
"76","FB",0,"11",0.501,0,"4","1",0.8125,0,"1","1","1","1"
"76","FB",0,"11",0.501,0,"4","1",0.8125,0,"1","1","1","1"
"76","FB",0,"11",0.501,0,"4","1",0.8125,0,"1","1","1","1"
"76","FB",1,"11",0.501,0,"4","1",0.8125,0,"1","1","1","1"
"76","FB",1,"11",0.501,0,"4","1",0.8125,0,"1","1","1","1"
"76","FB",1,"11",0.501,0,"4","1",0.8125,0,"1","1","1","1"
"76","FB",1,"11",0.501,0,"4","1",0.8125,0,"1","1","1","1"
"76","FB",1,"11",0.501,0,"4","1",0.8125,0,"1","1","1","1"
"76","FB",1,"11",0.501,0,"4","1",0.8125,0,"1","1","1","1"
"76","FB",1,"11",0.501,0,"4","1",0.8125,0,"1","1","1","1"
"76","FB",1,"11",0.501,0,"4","1",0.8125,0,"1","1","1","1"
"76","FB",1,"11",0.501,0,"4","1",0.8125,0,"1","1","1","1"
"76","FB",1,"11",0.501,0,"4","1",0.8125,0,"1","1","1","1"
"76","FB",1,"11",0.501,0,"4","1",0.8125,0,"1","1","1","1"
"76","FB",1,"11",0.501,0,"4","1",0.8125,0,"1","1","1","1"
"76","FB",1,"11",0.501,0,"4","1",0.8125,0,"1","1","1","1"
"76","LR",0,"11",0.501,0,"4","1",0.8125,0,"1","1","1","1"
"76","LR",0,"11",0.501,0,"4","1",0.8125,0,"1","1","1","1"
"76","LR",0,"11",0.501,0,"4","1",0.8125,0,"1","1","1","1"
"76","LR",0,"11",0.501,0,"4","1",0.8125,0,"1","1","1","1"
"76","LR",0,"11",0.501,0,"4","1",0.8125,0,"1","1","1","1"
"76","LR",0,"11",0.501,0,"4","1",0.8125,0,"1","1","1","1"
"76","LR",0,"11",0.501,0,"4","1",0.8125,0,"1","1","1","1"
"76","LR",0,"11",0.501,0,"4","1",0.8125,0,"1","1","1","1"
"76","LR",0,"11",0.501,0,"4","1",0.8125,0,"1","1","1","1"
"76","LR",0,"11",0.501,0,"4","1",0.8125,0,"1","1","1","1"
"76","LR",0,"11",0.501,0,"4","1",0.8125,0,"1","1","1","1"
"76","LR",0,"11",0.501,0,"4","1",0.8125,0,"1","1","1","1"
"76","LR",0,"11",0.501,0,"4","1",0.8125,0,"1","1","1","1"
"76","LR",0,"11",0.501,0,"4","1",0.8125,0,"1","1","1","1"
"76","LR",0,"11",0.501,0,"4","1",0.8125,0,"1","1","1","1"
"76","LR",0,"11",0.501,0,"4","1",0.8125,0,"1","1","1","1"
"77","FB",1,"3",1,0.583,"2","3",1,0.5,"3","3","3","3"
"77","FB",1,"3",1,0.583,"2","3",1,0.5,"3","3","3","3"
"77","FB",1,"3",1,0.583,"2","3",1,0.5,"3","3","3","3"
"77","FB",1,"3",1,0.583,"2","3",1,0.5,"3","3","3","3"
"77","FB",1,"3",1,0.583,"2","3",1,0.5,"3","3","3","3"
"77","FB",1,"3",1,0.583,"2","3",1,0.5,"3","3","3","3"
"77","FB",1,"3",1,0.583,"2","3",1,0.5,"3","3","3","3"
"77","FB",1,"3",1,0.583,"2","3",1,0.5,"3","3","3","3"
"77","FB",1,"3",1,0.583,"2","3",1,0.5,"3","3","3","3"
"77","FB",1,"3",1,0.583,"2","3",1,0.5,"3","3","3","3"
"77","FB",1,"3",1,0.583,"2","3",1,0.5,"3","3","3","3"
"77","FB",1,"3",1,0.583,"2","3",1,0.5,"3","3","3","3"
"77","FB",1,"3",1,0.583,"2","3",1,0.5,"3","3","3","3"
"77","FB",1,"3",1,0.583,"2","3",1,0.5,"3","3","3","3"
"77","FB",1,"3",1,0.583,"2","3",1,0.5,"3","3","3","3"
"77","FB",1,"3",1,0.583,"2","3",1,0.5,"3","3","3","3"
"77","LR",0,"3",1,0.583,"2","3",1,0.5,"3","3","3","3"
"77","LR",0,"3",1,0.583,"2","3",1,0.5,"3","3","3","3"
"77","LR",0,"3",1,0.583,"2","3",1,0.5,"3","3","3","3"
"77","LR",0,"3",1,0.583,"2","3",1,0.5,"3","3","3","3"
"77","LR",0,"3",1,0.583,"2","3",1,0.5,"3","3","3","3"
"77","LR",0,"3",1,0.583,"2","3",1,0.5,"3","3","3","3"
"77","LR",0,"3",1,0.583,"2","3",1,0.5,"3","3","3","3"
"77","LR",0,"3",1,0.583,"2","3",1,0.5,"3","3","3","3"
"77","LR",1,"3",1,0.583,"2","3",1,0.5,"3","3","3","3"
"77","LR",1,"3",1,0.583,"2","3",1,0.5,"3","3","3","3"
"77","LR",1,"3",1,0.583,"2","3",1,0.5,"3","3","3","3"
"77","LR",1,"3",1,0.583,"2","3",1,0.5,"3","3","3","3"
"77","LR",1,"3",1,0.583,"2","3",1,0.5,"3","3","3","3"
"77","LR",1,"3",1,0.583,"2","3",1,0.5,"3","3","3","3"
"77","LR",1,"3",1,0.583,"2","3",1,0.5,"3","3","3","3"
"77","LR",1,"3",1,0.583,"2","3",1,0.5,"3","3","3","3"
"78","FB",0,"15",0.58,1,"1","4",0.5,1,"2","2","2","2"
"78","FB",0,"15",0.58,1,"1","4",0.5,1,"2","2","2","2"
"78","FB",0,"15",0.58,1,"1","4",0.5,1,"2","2","2","2"
"78","FB",0,"15",0.58,1,"1","4",0.5,1,"2","2","2","2"
"78","FB",0,"15",0.58,1,"1","4",0.5,1,"2","2","2","2"
"78","FB",0,"15",0.58,1,"1","4",0.5,1,"2","2","2","2"
"78","FB",0,"15",0.58,1,"1","4",0.5,1,"2","2","2","2"
"78","FB",0,"15",0.58,1,"1","4",0.5,1,"2","2","2","2"
"78","FB",1,"15",0.58,1,"1","4",0.5,1,"2","2","2","2"
"78","FB",1,"15",0.58,1,"1","4",0.5,1,"2","2","2","2"
"78","FB",1,"15",0.58,1,"1","4",0.5,1,"2","2","2","2"
"78","FB",1,"15",0.58,1,"1","4",0.5,1,"2","2","2","2"
"78","FB",1,"15",0.58,1,"1","4",0.5,1,"2","2","2","2"
"78","FB",1,"15",0.58,1,"1","4",0.5,1,"2","2","2","2"
"78","FB",1,"15",0.58,1,"1","4",0.5,1,"2","2","2","2"
"78","FB",1,"15",0.58,1,"1","4",0.5,1,"2","2","2","2"
"78","LR",1,"15",0.58,1,"1","4",0.5,1,"2","2","2","2"
"78","LR",1,"15",0.58,1,"1","4",0.5,1,"2","2","2","2"
"78","LR",1,"15",0.58,1,"1","4",0.5,1,"2","2","2","2"
"78","LR",1,"15",0.58,1,"1","4",0.5,1,"2","2","2","2"
"78","LR",1,"15",0.58,1,"1","4",0.5,1,"2","2","2","2"
"78","LR",1,"15",0.58,1,"1","4",0.5,1,"2","2","2","2"
"78","LR",1,"15",0.58,1,"1","4",0.5,1,"2","2","2","2"
"78","LR",1,"15",0.58,1,"1","4",0.5,1,"2","2","2","2"
"78","LR",1,"15",0.58,1,"1","4",0.5,1,"2","2","2","2"
"78","LR",1,"15",0.58,1,"1","4",0.5,1,"2","2","2","2"
"78","LR",1,"15",0.58,1,"1","4",0.5,1,"2","2","2","2"
"78","LR",1,"15",0.58,1,"1","4",0.5,1,"2","2","2","2"
"78","LR",1,"15",0.58,1,"1","4",0.5,1,"2","2","2","2"
"78","LR",1,"15",0.58,1,"1","4",0.5,1,"2","2","2","2"
"78","LR",1,"15",0.58,1,"1","4",0.5,1,"2","2","2","2"
"78","LR",1,"15",0.58,1,"1","4",0.5,1,"2","2","2","2"
"79","FB",0,"15",0.587,0.985,"1","4",0.8125,1,"2","2","2","2"
"79","FB",0,"15",0.587,0.985,"1","4",0.8125,1,"2","2","2","2"
"79","FB",0,"15",0.587,0.985,"1","4",0.8125,1,"2","2","2","2"
"79","FB",1,"15",0.587,0.985,"1","4",0.8125,1,"2","2","2","2"
"79","FB",1,"15",0.587,0.985,"1","4",0.8125,1,"2","2","2","2"
"79","FB",1,"15",0.587,0.985,"1","4",0.8125,1,"2","2","2","2"
"79","FB",1,"15",0.587,0.985,"1","4",0.8125,1,"2","2","2","2"
"79","FB",1,"15",0.587,0.985,"1","4",0.8125,1,"2","2","2","2"
"79","FB",1,"15",0.587,0.985,"1","4",0.8125,1,"2","2","2","2"
"79","FB",1,"15",0.587,0.985,"1","4",0.8125,1,"2","2","2","2"
"79","FB",1,"15",0.587,0.985,"1","4",0.8125,1,"2","2","2","2"
"79","FB",1,"15",0.587,0.985,"1","4",0.8125,1,"2","2","2","2"
"79","FB",1,"15",0.587,0.985,"1","4",0.8125,1,"2","2","2","2"
"79","FB",1,"15",0.587,0.985,"1","4",0.8125,1,"2","2","2","2"
"79","FB",1,"15",0.587,0.985,"1","4",0.8125,1,"2","2","2","2"
"79","FB",1,"15",0.587,0.985,"1","4",0.8125,1,"2","2","2","2"
"79","LR",1,"15",0.587,0.985,"1","4",0.8125,1,"2","2","2","2"
"79","LR",1,"15",0.587,0.985,"1","4",0.8125,1,"2","2","2","2"
"79","LR",1,"15",0.587,0.985,"1","4",0.8125,1,"2","2","2","2"
"79","LR",1,"15",0.587,0.985,"1","4",0.8125,1,"2","2","2","2"
"79","LR",1,"15",0.587,0.985,"1","4",0.8125,1,"2","2","2","2"
"79","LR",1,"15",0.587,0.985,"1","4",0.8125,1,"2","2","2","2"
"79","LR",1,"15",0.587,0.985,"1","4",0.8125,1,"2","2","2","2"
"79","LR",1,"15",0.587,0.985,"1","4",0.8125,1,"2","2","2","2"
"79","LR",1,"15",0.587,0.985,"1","4",0.8125,1,"2","2","2","2"
"79","LR",1,"15",0.587,0.985,"1","4",0.8125,1,"2","2","2","2"
"79","LR",1,"15",0.587,0.985,"1","4",0.8125,1,"2","2","2","2"
"79","LR",1,"15",0.587,0.985,"1","4",0.8125,1,"2","2","2","2"
"79","LR",1,"15",0.587,0.985,"1","4",0.8125,1,"2","2","2","2"
"79","LR",1,"15",0.587,0.985,"1","4",0.8125,1,"2","2","2","2"
"79","LR",1,"15",0.587,0.985,"1","4",0.8125,1,"2","2","2","2"
"79","LR",1,"15",0.587,0.985,"1","4",0.8125,1,"2","2","2","2"
"80","FB",0,"11",0.409,0.036,"3","2",0.0625,0.0625,"6","1","5","4"
"80","FB",0,"11",0.409,0.036,"3","2",0.0625,0.0625,"6","1","5","4"
"80","FB",0,"11",0.409,0.036,"3","2",0.0625,0.0625,"6","1","5","4"
"80","FB",0,"11",0.409,0.036,"3","2",0.0625,0.0625,"6","1","5","4"
"80","FB",0,"11",0.409,0.036,"3","2",0.0625,0.0625,"6","1","5","4"
"80","FB",0,"11",0.409,0.036,"3","2",0.0625,0.0625,"6","1","5","4"
"80","FB",0,"11",0.409,0.036,"3","2",0.0625,0.0625,"6","1","5","4"
"80","FB",0,"11",0.409,0.036,"3","2",0.0625,0.0625,"6","1","5","4"
"80","FB",0,"11",0.409,0.036,"3","2",0.0625,0.0625,"6","1","5","4"
"80","FB",0,"11",0.409,0.036,"3","2",0.0625,0.0625,"6","1","5","4"
"80","FB",0,"11",0.409,0.036,"3","2",0.0625,0.0625,"6","1","5","4"
"80","FB",0,"11",0.409,0.036,"3","2",0.0625,0.0625,"6","1","5","4"
"80","FB",0,"11",0.409,0.036,"3","2",0.0625,0.0625,"6","1","5","4"
"80","FB",0,"11",0.409,0.036,"3","2",0.0625,0.0625,"6","1","5","4"
"80","FB",0,"11",0.409,0.036,"3","2",0.0625,0.0625,"6","1","5","4"
"80","FB",1,"11",0.409,0.036,"3","2",0.0625,0.0625,"6","1","5","4"
"80","LR",0,"11",0.409,0.036,"3","2",0.0625,0.0625,"6","1","5","4"
"80","LR",0,"11",0.409,0.036,"3","2",0.0625,0.0625,"6","1","5","4"
"80","LR",0,"11",0.409,0.036,"3","2",0.0625,0.0625,"6","1","5","4"
"80","LR",0,"11",0.409,0.036,"3","2",0.0625,0.0625,"6","1","5","4"
"80","LR",0,"11",0.409,0.036,"3","2",0.0625,0.0625,"6","1","5","4"
"80","LR",0,"11",0.409,0.036,"3","2",0.0625,0.0625,"6","1","5","4"
"80","LR",0,"11",0.409,0.036,"3","2",0.0625,0.0625,"6","1","5","4"
"80","LR",0,"11",0.409,0.036,"3","2",0.0625,0.0625,"6","1","5","4"
"80","LR",0,"11",0.409,0.036,"3","2",0.0625,0.0625,"6","1","5","4"
"80","LR",0,"11",0.409,0.036,"3","2",0.0625,0.0625,"6","1","5","4"
"80","LR",0,"11",0.409,0.036,"3","2",0.0625,0.0625,"6","1","5","4"
"80","LR",0,"11",0.409,0.036,"3","2",0.0625,0.0625,"6","1","5","4"
"80","LR",0,"11",0.409,0.036,"3","2",0.0625,0.0625,"6","1","5","4"
"80","LR",0,"11",0.409,0.036,"3","2",0.0625,0.0625,"6","1","5","4"
"80","LR",0,"11",0.409,0.036,"3","2",0.0625,0.0625,"6","1","5","4"
"80","LR",1,"11",0.409,0.036,"3","2",0.0625,0.0625,"6","1","5","4"
"81","FB",0,"15",0.48,1,"1","4",0.5,1,"2","2","2","2"
"81","FB",0,"15",0.48,1,"1","4",0.5,1,"2","2","2","2"
"81","FB",0,"15",0.48,1,"1","4",0.5,1,"2","2","2","2"
"81","FB",0,"15",0.48,1,"1","4",0.5,1,"2","2","2","2"
"81","FB",0,"15",0.48,1,"1","4",0.5,1,"2","2","2","2"
"81","FB",0,"15",0.48,1,"1","4",0.5,1,"2","2","2","2"
"81","FB",0,"15",0.48,1,"1","4",0.5,1,"2","2","2","2"
"81","FB",0,"15",0.48,1,"1","4",0.5,1,"2","2","2","2"
"81","FB",1,"15",0.48,1,"1","4",0.5,1,"2","2","2","2"
"81","FB",1,"15",0.48,1,"1","4",0.5,1,"2","2","2","2"
"81","FB",1,"15",0.48,1,"1","4",0.5,1,"2","2","2","2"
"81","FB",1,"15",0.48,1,"1","4",0.5,1,"2","2","2","2"
"81","FB",1,"15",0.48,1,"1","4",0.5,1,"2","2","2","2"
"81","FB",1,"15",0.48,1,"1","4",0.5,1,"2","2","2","2"
"81","FB",1,"15",0.48,1,"1","4",0.5,1,"2","2","2","2"
"81","FB",1,"15",0.48,1,"1","4",0.5,1,"2","2","2","2"
"81","LR",1,"15",0.48,1,"1","4",0.5,1,"2","2","2","2"
"81","LR",1,"15",0.48,1,"1","4",0.5,1,"2","2","2","2"
"81","LR",1,"15",0.48,1,"1","4",0.5,1,"2","2","2","2"
"81","LR",1,"15",0.48,1,"1","4",0.5,1,"2","2","2","2"
"81","LR",1,"15",0.48,1,"1","4",0.5,1,"2","2","2","2"
"81","LR",1,"15",0.48,1,"1","4",0.5,1,"2","2","2","2"
"81","LR",1,"15",0.48,1,"1","4",0.5,1,"2","2","2","2"
"81","LR",1,"15",0.48,1,"1","4",0.5,1,"2","2","2","2"
"81","LR",1,"15",0.48,1,"1","4",0.5,1,"2","2","2","2"
"81","LR",1,"15",0.48,1,"1","4",0.5,1,"2","2","2","2"
"81","LR",1,"15",0.48,1,"1","4",0.5,1,"2","2","2","2"
"81","LR",1,"15",0.48,1,"1","4",0.5,1,"2","2","2","2"
"81","LR",1,"15",0.48,1,"1","4",0.5,1,"2","2","2","2"
"81","LR",1,"15",0.48,1,"1","4",0.5,1,"2","2","2","2"
"81","LR",1,"15",0.48,1,"1","4",0.5,1,"2","2","2","2"
"81","LR",1,"15",0.48,1,"1","4",0.5,1,"2","2","2","2"
"82","FB",0,"15",0.596,0.929,"1","4",0.625,1,"2","2","2","2"
"82","FB",0,"15",0.596,0.929,"1","4",0.625,1,"2","2","2","2"
"82","FB",0,"15",0.596,0.929,"1","4",0.625,1,"2","2","2","2"
"82","FB",0,"15",0.596,0.929,"1","4",0.625,1,"2","2","2","2"
"82","FB",0,"15",0.596,0.929,"1","4",0.625,1,"2","2","2","2"
"82","FB",0,"15",0.596,0.929,"1","4",0.625,1,"2","2","2","2"
"82","FB",1,"15",0.596,0.929,"1","4",0.625,1,"2","2","2","2"
"82","FB",1,"15",0.596,0.929,"1","4",0.625,1,"2","2","2","2"
"82","FB",1,"15",0.596,0.929,"1","4",0.625,1,"2","2","2","2"
"82","FB",1,"15",0.596,0.929,"1","4",0.625,1,"2","2","2","2"
"82","FB",1,"15",0.596,0.929,"1","4",0.625,1,"2","2","2","2"
"82","FB",1,"15",0.596,0.929,"1","4",0.625,1,"2","2","2","2"
"82","FB",1,"15",0.596,0.929,"1","4",0.625,1,"2","2","2","2"
"82","FB",1,"15",0.596,0.929,"1","4",0.625,1,"2","2","2","2"
"82","FB",1,"15",0.596,0.929,"1","4",0.625,1,"2","2","2","2"
"82","FB",1,"15",0.596,0.929,"1","4",0.625,1,"2","2","2","2"
"82","LR",1,"15",0.596,0.929,"1","4",0.625,1,"2","2","2","2"
"82","LR",1,"15",0.596,0.929,"1","4",0.625,1,"2","2","2","2"
"82","LR",1,"15",0.596,0.929,"1","4",0.625,1,"2","2","2","2"
"82","LR",1,"15",0.596,0.929,"1","4",0.625,1,"2","2","2","2"
"82","LR",1,"15",0.596,0.929,"1","4",0.625,1,"2","2","2","2"
"82","LR",1,"15",0.596,0.929,"1","4",0.625,1,"2","2","2","2"
"82","LR",1,"15",0.596,0.929,"1","4",0.625,1,"2","2","2","2"
"82","LR",1,"15",0.596,0.929,"1","4",0.625,1,"2","2","2","2"
"82","LR",1,"15",0.596,0.929,"1","4",0.625,1,"2","2","2","2"
"82","LR",1,"15",0.596,0.929,"1","4",0.625,1,"2","2","2","2"
"82","LR",1,"15",0.596,0.929,"1","4",0.625,1,"2","2","2","2"
"82","LR",1,"15",0.596,0.929,"1","4",0.625,1,"2","2","2","2"
"82","LR",1,"15",0.596,0.929,"1","4",0.625,1,"2","2","2","2"
"82","LR",1,"15",0.596,0.929,"1","4",0.625,1,"2","2","2","2"
"82","LR",1,"15",0.596,0.929,"1","4",0.625,1,"2","2","2","2"
"82","LR",1,"15",0.596,0.929,"1","4",0.625,1,"2","2","2","2"
"83","FB",0,"11",0.429,0,"4","1",0.375,0,"1","1","1","1"
"83","FB",0,"11",0.429,0,"4","1",0.375,0,"1","1","1","1"
"83","FB",0,"11",0.429,0,"4","1",0.375,0,"1","1","1","1"
"83","FB",0,"11",0.429,0,"4","1",0.375,0,"1","1","1","1"
"83","FB",0,"11",0.429,0,"4","1",0.375,0,"1","1","1","1"
"83","FB",0,"11",0.429,0,"4","1",0.375,0,"1","1","1","1"
"83","FB",0,"11",0.429,0,"4","1",0.375,0,"1","1","1","1"
"83","FB",0,"11",0.429,0,"4","1",0.375,0,"1","1","1","1"
"83","FB",0,"11",0.429,0,"4","1",0.375,0,"1","1","1","1"
"83","FB",0,"11",0.429,0,"4","1",0.375,0,"1","1","1","1"
"83","FB",1,"11",0.429,0,"4","1",0.375,0,"1","1","1","1"
"83","FB",1,"11",0.429,0,"4","1",0.375,0,"1","1","1","1"
"83","FB",1,"11",0.429,0,"4","1",0.375,0,"1","1","1","1"
"83","FB",1,"11",0.429,0,"4","1",0.375,0,"1","1","1","1"
"83","FB",1,"11",0.429,0,"4","1",0.375,0,"1","1","1","1"
"83","FB",1,"11",0.429,0,"4","1",0.375,0,"1","1","1","1"
"83","LR",0,"11",0.429,0,"4","1",0.375,0,"1","1","1","1"
"83","LR",0,"11",0.429,0,"4","1",0.375,0,"1","1","1","1"
"83","LR",0,"11",0.429,0,"4","1",0.375,0,"1","1","1","1"
"83","LR",0,"11",0.429,0,"4","1",0.375,0,"1","1","1","1"
"83","LR",0,"11",0.429,0,"4","1",0.375,0,"1","1","1","1"
"83","LR",0,"11",0.429,0,"4","1",0.375,0,"1","1","1","1"
"83","LR",0,"11",0.429,0,"4","1",0.375,0,"1","1","1","1"
"83","LR",0,"11",0.429,0,"4","1",0.375,0,"1","1","1","1"
"83","LR",0,"11",0.429,0,"4","1",0.375,0,"1","1","1","1"
"83","LR",0,"11",0.429,0,"4","1",0.375,0,"1","1","1","1"
"83","LR",0,"11",0.429,0,"4","1",0.375,0,"1","1","1","1"
"83","LR",0,"11",0.429,0,"4","1",0.375,0,"1","1","1","1"
"83","LR",0,"11",0.429,0,"4","1",0.375,0,"1","1","1","1"
"83","LR",0,"11",0.429,0,"4","1",0.375,0,"1","1","1","1"
"83","LR",0,"11",0.429,0,"4","1",0.375,0,"1","1","1","1"
"83","LR",0,"11",0.429,0,"4","1",0.375,0,"1","1","1","1"
"84","FB",0,"15",0.481,1,"1","4",0.5,1,"2","2","2","2"
"84","FB",0,"15",0.481,1,"1","4",0.5,1,"2","2","2","2"
"84","FB",0,"15",0.481,1,"1","4",0.5,1,"2","2","2","2"
"84","FB",0,"15",0.481,1,"1","4",0.5,1,"2","2","2","2"
"84","FB",0,"15",0.481,1,"1","4",0.5,1,"2","2","2","2"
"84","FB",0,"15",0.481,1,"1","4",0.5,1,"2","2","2","2"
"84","FB",0,"15",0.481,1,"1","4",0.5,1,"2","2","2","2"
"84","FB",0,"15",0.481,1,"1","4",0.5,1,"2","2","2","2"
"84","FB",1,"15",0.481,1,"1","4",0.5,1,"2","2","2","2"
"84","FB",1,"15",0.481,1,"1","4",0.5,1,"2","2","2","2"
"84","FB",1,"15",0.481,1,"1","4",0.5,1,"2","2","2","2"
"84","FB",1,"15",0.481,1,"1","4",0.5,1,"2","2","2","2"
"84","FB",1,"15",0.481,1,"1","4",0.5,1,"2","2","2","2"
"84","FB",1,"15",0.481,1,"1","4",0.5,1,"2","2","2","2"
"84","FB",1,"15",0.481,1,"1","4",0.5,1,"2","2","2","2"
"84","FB",1,"15",0.481,1,"1","4",0.5,1,"2","2","2","2"
"84","LR",1,"15",0.481,1,"1","4",0.5,1,"2","2","2","2"
"84","LR",1,"15",0.481,1,"1","4",0.5,1,"2","2","2","2"
"84","LR",1,"15",0.481,1,"1","4",0.5,1,"2","2","2","2"
"84","LR",1,"15",0.481,1,"1","4",0.5,1,"2","2","2","2"
"84","LR",1,"15",0.481,1,"1","4",0.5,1,"2","2","2","2"
"84","LR",1,"15",0.481,1,"1","4",0.5,1,"2","2","2","2"
"84","LR",1,"15",0.481,1,"1","4",0.5,1,"2","2","2","2"
"84","LR",1,"15",0.481,1,"1","4",0.5,1,"2","2","2","2"
"84","LR",1,"15",0.481,1,"1","4",0.5,1,"2","2","2","2"
"84","LR",1,"15",0.481,1,"1","4",0.5,1,"2","2","2","2"
"84","LR",1,"15",0.481,1,"1","4",0.5,1,"2","2","2","2"
"84","LR",1,"15",0.481,1,"1","4",0.5,1,"2","2","2","2"
"84","LR",1,"15",0.481,1,"1","4",0.5,1,"2","2","2","2"
"84","LR",1,"15",0.481,1,"1","4",0.5,1,"2","2","2","2"
"84","LR",1,"15",0.481,1,"1","4",0.5,1,"2","2","2","2"
"84","LR",1,"15",0.481,1,"1","4",0.5,1,"2","2","2","2"
"85","FB",0,"15",0.506,0.92,"1","4",0.625,0.8125,"2","2","6","2"
"85","FB",0,"15",0.506,0.92,"1","4",0.625,0.8125,"2","2","6","2"
"85","FB",0,"15",0.506,0.92,"1","4",0.625,0.8125,"2","2","6","2"
"85","FB",0,"15",0.506,0.92,"1","4",0.625,0.8125,"2","2","6","2"
"85","FB",0,"15",0.506,0.92,"1","4",0.625,0.8125,"2","2","6","2"
"85","FB",0,"15",0.506,0.92,"1","4",0.625,0.8125,"2","2","6","2"
"85","FB",1,"15",0.506,0.92,"1","4",0.625,0.8125,"2","2","6","2"
"85","FB",1,"15",0.506,0.92,"1","4",0.625,0.8125,"2","2","6","2"
"85","FB",1,"15",0.506,0.92,"1","4",0.625,0.8125,"2","2","6","2"
"85","FB",1,"15",0.506,0.92,"1","4",0.625,0.8125,"2","2","6","2"
"85","FB",1,"15",0.506,0.92,"1","4",0.625,0.8125,"2","2","6","2"
"85","FB",1,"15",0.506,0.92,"1","4",0.625,0.8125,"2","2","6","2"
"85","FB",1,"15",0.506,0.92,"1","4",0.625,0.8125,"2","2","6","2"
"85","FB",1,"15",0.506,0.92,"1","4",0.625,0.8125,"2","2","6","2"
"85","FB",1,"15",0.506,0.92,"1","4",0.625,0.8125,"2","2","6","2"
"85","FB",1,"15",0.506,0.92,"1","4",0.625,0.8125,"2","2","6","2"
"85","LR",0,"15",0.506,0.92,"1","4",0.625,0.8125,"2","2","6","2"
"85","LR",0,"15",0.506,0.92,"1","4",0.625,0.8125,"2","2","6","2"
"85","LR",0,"15",0.506,0.92,"1","4",0.625,0.8125,"2","2","6","2"
"85","LR",1,"15",0.506,0.92,"1","4",0.625,0.8125,"2","2","6","2"
"85","LR",1,"15",0.506,0.92,"1","4",0.625,0.8125,"2","2","6","2"
"85","LR",1,"15",0.506,0.92,"1","4",0.625,0.8125,"2","2","6","2"
"85","LR",1,"15",0.506,0.92,"1","4",0.625,0.8125,"2","2","6","2"
"85","LR",1,"15",0.506,0.92,"1","4",0.625,0.8125,"2","2","6","2"
"85","LR",1,"15",0.506,0.92,"1","4",0.625,0.8125,"2","2","6","2"
"85","LR",1,"15",0.506,0.92,"1","4",0.625,0.8125,"2","2","6","2"
"85","LR",1,"15",0.506,0.92,"1","4",0.625,0.8125,"2","2","6","2"
"85","LR",1,"15",0.506,0.92,"1","4",0.625,0.8125,"2","2","6","2"
"85","LR",1,"15",0.506,0.92,"1","4",0.625,0.8125,"2","2","6","2"
"85","LR",1,"15",0.506,0.92,"1","4",0.625,0.8125,"2","2","6","2"
"85","LR",1,"15",0.506,0.92,"1","4",0.625,0.8125,"2","2","6","2"
"85","LR",1,"15",0.506,0.92,"1","4",0.625,0.8125,"2","2","6","2"
"86","FB",0,"11",0.437,0.019,"4","1",0.3125,0,"1","1","1","1"
"86","FB",0,"11",0.437,0.019,"4","1",0.3125,0,"1","1","1","1"
"86","FB",0,"11",0.437,0.019,"4","1",0.3125,0,"1","1","1","1"
"86","FB",0,"11",0.437,0.019,"4","1",0.3125,0,"1","1","1","1"
"86","FB",0,"11",0.437,0.019,"4","1",0.3125,0,"1","1","1","1"
"86","FB",0,"11",0.437,0.019,"4","1",0.3125,0,"1","1","1","1"
"86","FB",0,"11",0.437,0.019,"4","1",0.3125,0,"1","1","1","1"
"86","FB",0,"11",0.437,0.019,"4","1",0.3125,0,"1","1","1","1"
"86","FB",0,"11",0.437,0.019,"4","1",0.3125,0,"1","1","1","1"
"86","FB",0,"11",0.437,0.019,"4","1",0.3125,0,"1","1","1","1"
"86","FB",0,"11",0.437,0.019,"4","1",0.3125,0,"1","1","1","1"
"86","FB",1,"11",0.437,0.019,"4","1",0.3125,0,"1","1","1","1"
"86","FB",1,"11",0.437,0.019,"4","1",0.3125,0,"1","1","1","1"
"86","FB",1,"11",0.437,0.019,"4","1",0.3125,0,"1","1","1","1"
"86","FB",1,"11",0.437,0.019,"4","1",0.3125,0,"1","1","1","1"
"86","FB",1,"11",0.437,0.019,"4","1",0.3125,0,"1","1","1","1"
"86","LR",0,"11",0.437,0.019,"4","1",0.3125,0,"1","1","1","1"
"86","LR",0,"11",0.437,0.019,"4","1",0.3125,0,"1","1","1","1"
"86","LR",0,"11",0.437,0.019,"4","1",0.3125,0,"1","1","1","1"
"86","LR",0,"11",0.437,0.019,"4","1",0.3125,0,"1","1","1","1"
"86","LR",0,"11",0.437,0.019,"4","1",0.3125,0,"1","1","1","1"
"86","LR",0,"11",0.437,0.019,"4","1",0.3125,0,"1","1","1","1"
"86","LR",0,"11",0.437,0.019,"4","1",0.3125,0,"1","1","1","1"
"86","LR",0,"11",0.437,0.019,"4","1",0.3125,0,"1","1","1","1"
"86","LR",0,"11",0.437,0.019,"4","1",0.3125,0,"1","1","1","1"
"86","LR",0,"11",0.437,0.019,"4","1",0.3125,0,"1","1","1","1"
"86","LR",0,"11",0.437,0.019,"4","1",0.3125,0,"1","1","1","1"
"86","LR",0,"11",0.437,0.019,"4","1",0.3125,0,"1","1","1","1"
"86","LR",0,"11",0.437,0.019,"4","1",0.3125,0,"1","1","1","1"
"86","LR",0,"11",0.437,0.019,"4","1",0.3125,0,"1","1","1","1"
"86","LR",0,"11",0.437,0.019,"4","1",0.3125,0,"1","1","1","1"
"86","LR",0,"11",0.437,0.019,"4","1",0.3125,0,"1","1","1","1"
"87","FB",0,"15",0.424,1,"1","4",0.375,1,"2","2","2","2"
"87","FB",0,"15",0.424,1,"1","4",0.375,1,"2","2","2","2"
"87","FB",0,"15",0.424,1,"1","4",0.375,1,"2","2","2","2"
"87","FB",0,"15",0.424,1,"1","4",0.375,1,"2","2","2","2"
"87","FB",0,"15",0.424,1,"1","4",0.375,1,"2","2","2","2"
"87","FB",0,"15",0.424,1,"1","4",0.375,1,"2","2","2","2"
"87","FB",0,"15",0.424,1,"1","4",0.375,1,"2","2","2","2"
"87","FB",0,"15",0.424,1,"1","4",0.375,1,"2","2","2","2"
"87","FB",0,"15",0.424,1,"1","4",0.375,1,"2","2","2","2"
"87","FB",0,"15",0.424,1,"1","4",0.375,1,"2","2","2","2"
"87","FB",1,"15",0.424,1,"1","4",0.375,1,"2","2","2","2"
"87","FB",1,"15",0.424,1,"1","4",0.375,1,"2","2","2","2"
"87","FB",1,"15",0.424,1,"1","4",0.375,1,"2","2","2","2"
"87","FB",1,"15",0.424,1,"1","4",0.375,1,"2","2","2","2"
"87","FB",1,"15",0.424,1,"1","4",0.375,1,"2","2","2","2"
"87","FB",1,"15",0.424,1,"1","4",0.375,1,"2","2","2","2"
"87","LR",1,"15",0.424,1,"1","4",0.375,1,"2","2","2","2"
"87","LR",1,"15",0.424,1,"1","4",0.375,1,"2","2","2","2"
"87","LR",1,"15",0.424,1,"1","4",0.375,1,"2","2","2","2"
"87","LR",1,"15",0.424,1,"1","4",0.375,1,"2","2","2","2"
"87","LR",1,"15",0.424,1,"1","4",0.375,1,"2","2","2","2"
"87","LR",1,"15",0.424,1,"1","4",0.375,1,"2","2","2","2"
"87","LR",1,"15",0.424,1,"1","4",0.375,1,"2","2","2","2"
"87","LR",1,"15",0.424,1,"1","4",0.375,1,"2","2","2","2"
"87","LR",1,"15",0.424,1,"1","4",0.375,1,"2","2","2","2"
"87","LR",1,"15",0.424,1,"1","4",0.375,1,"2","2","2","2"
"87","LR",1,"15",0.424,1,"1","4",0.375,1,"2","2","2","2"
"87","LR",1,"15",0.424,1,"1","4",0.375,1,"2","2","2","2"
"87","LR",1,"15",0.424,1,"1","4",0.375,1,"2","2","2","2"
"87","LR",1,"15",0.424,1,"1","4",0.375,1,"2","2","2","2"
"87","LR",1,"15",0.424,1,"1","4",0.375,1,"2","2","2","2"
"87","LR",1,"15",0.424,1,"1","4",0.375,1,"2","2","2","2"
"88","FB",0,"23",0,0.487,"3","2",0,0.4375,"5","4","4","4"
"88","FB",0,"23",0,0.487,"3","2",0,0.4375,"5","4","4","4"
"88","FB",0,"23",0,0.487,"3","2",0,0.4375,"5","4","4","4"
"88","FB",0,"23",0,0.487,"3","2",0,0.4375,"5","4","4","4"
"88","FB",0,"23",0,0.487,"3","2",0,0.4375,"5","4","4","4"
"88","FB",0,"23",0,0.487,"3","2",0,0.4375,"5","4","4","4"
"88","FB",0,"23",0,0.487,"3","2",0,0.4375,"5","4","4","4"
"88","FB",0,"23",0,0.487,"3","2",0,0.4375,"5","4","4","4"
"88","FB",0,"23",0,0.487,"3","2",0,0.4375,"5","4","4","4"
"88","FB",0,"23",0,0.487,"3","2",0,0.4375,"5","4","4","4"
"88","FB",0,"23",0,0.487,"3","2",0,0.4375,"5","4","4","4"
"88","FB",0,"23",0,0.487,"3","2",0,0.4375,"5","4","4","4"
"88","FB",0,"23",0,0.487,"3","2",0,0.4375,"5","4","4","4"
"88","FB",0,"23",0,0.487,"3","2",0,0.4375,"5","4","4","4"
"88","FB",0,"23",0,0.487,"3","2",0,0.4375,"5","4","4","4"
"88","FB",0,"23",0,0.487,"3","2",0,0.4375,"5","4","4","4"
"88","LR",0,"23",0,0.487,"3","2",0,0.4375,"5","4","4","4"
"88","LR",0,"23",0,0.487,"3","2",0,0.4375,"5","4","4","4"
"88","LR",0,"23",0,0.487,"3","2",0,0.4375,"5","4","4","4"
"88","LR",0,"23",0,0.487,"3","2",0,0.4375,"5","4","4","4"
"88","LR",0,"23",0,0.487,"3","2",0,0.4375,"5","4","4","4"
"88","LR",0,"23",0,0.487,"3","2",0,0.4375,"5","4","4","4"
"88","LR",0,"23",0,0.487,"3","2",0,0.4375,"5","4","4","4"
"88","LR",0,"23",0,0.487,"3","2",0,0.4375,"5","4","4","4"
"88","LR",0,"23",0,0.487,"3","2",0,0.4375,"5","4","4","4"
"88","LR",1,"23",0,0.487,"3","2",0,0.4375,"5","4","4","4"
"88","LR",1,"23",0,0.487,"3","2",0,0.4375,"5","4","4","4"
"88","LR",1,"23",0,0.487,"3","2",0,0.4375,"5","4","4","4"
"88","LR",1,"23",0,0.487,"3","2",0,0.4375,"5","4","4","4"
"88","LR",1,"23",0,0.487,"3","2",0,0.4375,"5","4","4","4"
"88","LR",1,"23",0,0.487,"3","2",0,0.4375,"5","4","4","4"
"88","LR",1,"23",0,0.487,"3","2",0,0.4375,"5","4","4","4"
"89","FB",1,"3",1,0.424,"2","3",1,0.5625,"3","3","3","3"
"89","FB",1,"3",1,0.424,"2","3",1,0.5625,"3","3","3","3"
"89","FB",1,"3",1,0.424,"2","3",1,0.5625,"3","3","3","3"
"89","FB",1,"3",1,0.424,"2","3",1,0.5625,"3","3","3","3"
"89","FB",1,"3",1,0.424,"2","3",1,0.5625,"3","3","3","3"
"89","FB",1,"3",1,0.424,"2","3",1,0.5625,"3","3","3","3"
"89","FB",1,"3",1,0.424,"2","3",1,0.5625,"3","3","3","3"
"89","FB",1,"3",1,0.424,"2","3",1,0.5625,"3","3","3","3"
"89","FB",1,"3",1,0.424,"2","3",1,0.5625,"3","3","3","3"
"89","FB",1,"3",1,0.424,"2","3",1,0.5625,"3","3","3","3"
"89","FB",1,"3",1,0.424,"2","3",1,0.5625,"3","3","3","3"
"89","FB",1,"3",1,0.424,"2","3",1,0.5625,"3","3","3","3"
"89","FB",1,"3",1,0.424,"2","3",1,0.5625,"3","3","3","3"
"89","FB",1,"3",1,0.424,"2","3",1,0.5625,"3","3","3","3"
"89","FB",1,"3",1,0.424,"2","3",1,0.5625,"3","3","3","3"
"89","FB",1,"3",1,0.424,"2","3",1,0.5625,"3","3","3","3"
"89","LR",0,"3",1,0.424,"2","3",1,0.5625,"3","3","3","3"
"89","LR",0,"3",1,0.424,"2","3",1,0.5625,"3","3","3","3"
"89","LR",0,"3",1,0.424,"2","3",1,0.5625,"3","3","3","3"
"89","LR",0,"3",1,0.424,"2","3",1,0.5625,"3","3","3","3"
"89","LR",0,"3",1,0.424,"2","3",1,0.5625,"3","3","3","3"
"89","LR",0,"3",1,0.424,"2","3",1,0.5625,"3","3","3","3"
"89","LR",0,"3",1,0.424,"2","3",1,0.5625,"3","3","3","3"
"89","LR",1,"3",1,0.424,"2","3",1,0.5625,"3","3","3","3"
"89","LR",1,"3",1,0.424,"2","3",1,0.5625,"3","3","3","3"
"89","LR",1,"3",1,0.424,"2","3",1,0.5625,"3","3","3","3"
"89","LR",1,"3",1,0.424,"2","3",1,0.5625,"3","3","3","3"
"89","LR",1,"3",1,0.424,"2","3",1,0.5625,"3","3","3","3"
"89","LR",1,"3",1,0.424,"2","3",1,0.5625,"3","3","3","3"
"89","LR",1,"3",1,0.424,"2","3",1,0.5625,"3","3","3","3"
"89","LR",1,"3",1,0.424,"2","3",1,0.5625,"3","3","3","3"
"89","LR",1,"3",1,0.424,"2","3",1,0.5625,"3","3","3","3"
"90","FB",0,"23",0,0.535,"3","2",0,0.6875,"5","4","4","4"
"90","FB",0,"23",0,0.535,"3","2",0,0.6875,"5","4","4","4"
"90","FB",0,"23",0,0.535,"3","2",0,0.6875,"5","4","4","4"
"90","FB",0,"23",0,0.535,"3","2",0,0.6875,"5","4","4","4"
"90","FB",0,"23",0,0.535,"3","2",0,0.6875,"5","4","4","4"
"90","FB",0,"23",0,0.535,"3","2",0,0.6875,"5","4","4","4"
"90","FB",0,"23",0,0.535,"3","2",0,0.6875,"5","4","4","4"
"90","FB",0,"23",0,0.535,"3","2",0,0.6875,"5","4","4","4"
"90","FB",0,"23",0,0.535,"3","2",0,0.6875,"5","4","4","4"
"90","FB",0,"23",0,0.535,"3","2",0,0.6875,"5","4","4","4"
"90","FB",0,"23",0,0.535,"3","2",0,0.6875,"5","4","4","4"
"90","FB",0,"23",0,0.535,"3","2",0,0.6875,"5","4","4","4"
"90","FB",0,"23",0,0.535,"3","2",0,0.6875,"5","4","4","4"
"90","FB",0,"23",0,0.535,"3","2",0,0.6875,"5","4","4","4"
"90","FB",0,"23",0,0.535,"3","2",0,0.6875,"5","4","4","4"
"90","FB",0,"23",0,0.535,"3","2",0,0.6875,"5","4","4","4"
"90","LR",0,"23",0,0.535,"3","2",0,0.6875,"5","4","4","4"
"90","LR",0,"23",0,0.535,"3","2",0,0.6875,"5","4","4","4"
"90","LR",0,"23",0,0.535,"3","2",0,0.6875,"5","4","4","4"
"90","LR",0,"23",0,0.535,"3","2",0,0.6875,"5","4","4","4"
"90","LR",0,"23",0,0.535,"3","2",0,0.6875,"5","4","4","4"
"90","LR",1,"23",0,0.535,"3","2",0,0.6875,"5","4","4","4"
"90","LR",1,"23",0,0.535,"3","2",0,0.6875,"5","4","4","4"
"90","LR",1,"23",0,0.535,"3","2",0,0.6875,"5","4","4","4"
"90","LR",1,"23",0,0.535,"3","2",0,0.6875,"5","4","4","4"
"90","LR",1,"23",0,0.535,"3","2",0,0.6875,"5","4","4","4"
"90","LR",1,"23",0,0.535,"3","2",0,0.6875,"5","4","4","4"
"90","LR",1,"23",0,0.535,"3","2",0,0.6875,"5","4","4","4"
"90","LR",1,"23",0,0.535,"3","2",0,0.6875,"5","4","4","4"
"90","LR",1,"23",0,0.535,"3","2",0,0.6875,"5","4","4","4"
"90","LR",1,"23",0,0.535,"3","2",0,0.6875,"5","4","4","4"
"90","LR",1,"23",0,0.535,"3","2",0,0.6875,"5","4","4","4"
"91","FB",0,"23",0,0.518,"3","2",0,0.375,"5","4","4","4"
"91","FB",0,"23",0,0.518,"3","2",0,0.375,"5","4","4","4"
"91","FB",0,"23",0,0.518,"3","2",0,0.375,"5","4","4","4"
"91","FB",0,"23",0,0.518,"3","2",0,0.375,"5","4","4","4"
"91","FB",0,"23",0,0.518,"3","2",0,0.375,"5","4","4","4"
"91","FB",0,"23",0,0.518,"3","2",0,0.375,"5","4","4","4"
"91","FB",0,"23",0,0.518,"3","2",0,0.375,"5","4","4","4"
"91","FB",0,"23",0,0.518,"3","2",0,0.375,"5","4","4","4"
"91","FB",0,"23",0,0.518,"3","2",0,0.375,"5","4","4","4"
"91","FB",0,"23",0,0.518,"3","2",0,0.375,"5","4","4","4"
"91","FB",0,"23",0,0.518,"3","2",0,0.375,"5","4","4","4"
"91","FB",0,"23",0,0.518,"3","2",0,0.375,"5","4","4","4"
"91","FB",0,"23",0,0.518,"3","2",0,0.375,"5","4","4","4"
"91","FB",0,"23",0,0.518,"3","2",0,0.375,"5","4","4","4"
"91","FB",0,"23",0,0.518,"3","2",0,0.375,"5","4","4","4"
"91","FB",0,"23",0,0.518,"3","2",0,0.375,"5","4","4","4"
"91","LR",0,"23",0,0.518,"3","2",0,0.375,"5","4","4","4"
"91","LR",0,"23",0,0.518,"3","2",0,0.375,"5","4","4","4"
"91","LR",0,"23",0,0.518,"3","2",0,0.375,"5","4","4","4"
"91","LR",0,"23",0,0.518,"3","2",0,0.375,"5","4","4","4"
"91","LR",0,"23",0,0.518,"3","2",0,0.375,"5","4","4","4"
"91","LR",0,"23",0,0.518,"3","2",0,0.375,"5","4","4","4"
"91","LR",0,"23",0,0.518,"3","2",0,0.375,"5","4","4","4"
"91","LR",0,"23",0,0.518,"3","2",0,0.375,"5","4","4","4"
"91","LR",0,"23",0,0.518,"3","2",0,0.375,"5","4","4","4"
"91","LR",0,"23",0,0.518,"3","2",0,0.375,"5","4","4","4"
"91","LR",1,"23",0,0.518,"3","2",0,0.375,"5","4","4","4"
"91","LR",1,"23",0,0.518,"3","2",0,0.375,"5","4","4","4"
"91","LR",1,"23",0,0.518,"3","2",0,0.375,"5","4","4","4"
"91","LR",1,"23",0,0.518,"3","2",0,0.375,"5","4","4","4"
"91","LR",1,"23",0,0.518,"3","2",0,0.375,"5","4","4","4"
"91","LR",1,"23",0,0.518,"3","2",0,0.375,"5","4","4","4"
"92","FB",0,"23",0.026,0.521,"3","2",0.0625,0.1875,"6","4","5","4"
"92","FB",0,"23",0.026,0.521,"3","2",0.0625,0.1875,"6","4","5","4"
"92","FB",0,"23",0.026,0.521,"3","2",0.0625,0.1875,"6","4","5","4"
"92","FB",0,"23",0.026,0.521,"3","2",0.0625,0.1875,"6","4","5","4"
"92","FB",0,"23",0.026,0.521,"3","2",0.0625,0.1875,"6","4","5","4"
"92","FB",0,"23",0.026,0.521,"3","2",0.0625,0.1875,"6","4","5","4"
"92","FB",0,"23",0.026,0.521,"3","2",0.0625,0.1875,"6","4","5","4"
"92","FB",0,"23",0.026,0.521,"3","2",0.0625,0.1875,"6","4","5","4"
"92","FB",0,"23",0.026,0.521,"3","2",0.0625,0.1875,"6","4","5","4"
"92","FB",0,"23",0.026,0.521,"3","2",0.0625,0.1875,"6","4","5","4"
"92","FB",0,"23",0.026,0.521,"3","2",0.0625,0.1875,"6","4","5","4"
"92","FB",0,"23",0.026,0.521,"3","2",0.0625,0.1875,"6","4","5","4"
"92","FB",0,"23",0.026,0.521,"3","2",0.0625,0.1875,"6","4","5","4"
"92","FB",0,"23",0.026,0.521,"3","2",0.0625,0.1875,"6","4","5","4"
"92","FB",0,"23",0.026,0.521,"3","2",0.0625,0.1875,"6","4","5","4"
"92","FB",1,"23",0.026,0.521,"3","2",0.0625,0.1875,"6","4","5","4"
"92","LR",0,"23",0.026,0.521,"3","2",0.0625,0.1875,"6","4","5","4"
"92","LR",0,"23",0.026,0.521,"3","2",0.0625,0.1875,"6","4","5","4"
"92","LR",0,"23",0.026,0.521,"3","2",0.0625,0.1875,"6","4","5","4"
"92","LR",0,"23",0.026,0.521,"3","2",0.0625,0.1875,"6","4","5","4"
"92","LR",0,"23",0.026,0.521,"3","2",0.0625,0.1875,"6","4","5","4"
"92","LR",0,"23",0.026,0.521,"3","2",0.0625,0.1875,"6","4","5","4"
"92","LR",0,"23",0.026,0.521,"3","2",0.0625,0.1875,"6","4","5","4"
"92","LR",0,"23",0.026,0.521,"3","2",0.0625,0.1875,"6","4","5","4"
"92","LR",0,"23",0.026,0.521,"3","2",0.0625,0.1875,"6","4","5","4"
"92","LR",0,"23",0.026,0.521,"3","2",0.0625,0.1875,"6","4","5","4"
"92","LR",0,"23",0.026,0.521,"3","2",0.0625,0.1875,"6","4","5","4"
"92","LR",0,"23",0.026,0.521,"3","2",0.0625,0.1875,"6","4","5","4"
"92","LR",0,"23",0.026,0.521,"3","2",0.0625,0.1875,"6","4","5","4"
"92","LR",1,"23",0.026,0.521,"3","2",0.0625,0.1875,"6","4","5","4"
"92","LR",1,"23",0.026,0.521,"3","2",0.0625,0.1875,"6","4","5","4"
"92","LR",1,"23",0.026,0.521,"3","2",0.0625,0.1875,"6","4","5","4"
"93","FB",0,"15",0.451,1,"1","4",0.6875,1,"2","2","2","2"
"93","FB",0,"15",0.451,1,"1","4",0.6875,1,"2","2","2","2"
"93","FB",0,"15",0.451,1,"1","4",0.6875,1,"2","2","2","2"
"93","FB",0,"15",0.451,1,"1","4",0.6875,1,"2","2","2","2"
"93","FB",0,"15",0.451,1,"1","4",0.6875,1,"2","2","2","2"
"93","FB",1,"15",0.451,1,"1","4",0.6875,1,"2","2","2","2"
"93","FB",1,"15",0.451,1,"1","4",0.6875,1,"2","2","2","2"
"93","FB",1,"15",0.451,1,"1","4",0.6875,1,"2","2","2","2"
"93","FB",1,"15",0.451,1,"1","4",0.6875,1,"2","2","2","2"
"93","FB",1,"15",0.451,1,"1","4",0.6875,1,"2","2","2","2"
"93","FB",1,"15",0.451,1,"1","4",0.6875,1,"2","2","2","2"
"93","FB",1,"15",0.451,1,"1","4",0.6875,1,"2","2","2","2"
"93","FB",1,"15",0.451,1,"1","4",0.6875,1,"2","2","2","2"
"93","FB",1,"15",0.451,1,"1","4",0.6875,1,"2","2","2","2"
"93","FB",1,"15",0.451,1,"1","4",0.6875,1,"2","2","2","2"
"93","FB",1,"15",0.451,1,"1","4",0.6875,1,"2","2","2","2"
"93","LR",1,"15",0.451,1,"1","4",0.6875,1,"2","2","2","2"
"93","LR",1,"15",0.451,1,"1","4",0.6875,1,"2","2","2","2"
"93","LR",1,"15",0.451,1,"1","4",0.6875,1,"2","2","2","2"
"93","LR",1,"15",0.451,1,"1","4",0.6875,1,"2","2","2","2"
"93","LR",1,"15",0.451,1,"1","4",0.6875,1,"2","2","2","2"
"93","LR",1,"15",0.451,1,"1","4",0.6875,1,"2","2","2","2"
"93","LR",1,"15",0.451,1,"1","4",0.6875,1,"2","2","2","2"
"93","LR",1,"15",0.451,1,"1","4",0.6875,1,"2","2","2","2"
"93","LR",1,"15",0.451,1,"1","4",0.6875,1,"2","2","2","2"
"93","LR",1,"15",0.451,1,"1","4",0.6875,1,"2","2","2","2"
"93","LR",1,"15",0.451,1,"1","4",0.6875,1,"2","2","2","2"
"93","LR",1,"15",0.451,1,"1","4",0.6875,1,"2","2","2","2"
"93","LR",1,"15",0.451,1,"1","4",0.6875,1,"2","2","2","2"
"93","LR",1,"15",0.451,1,"1","4",0.6875,1,"2","2","2","2"
"93","LR",1,"15",0.451,1,"1","4",0.6875,1,"2","2","2","2"
"93","LR",1,"15",0.451,1,"1","4",0.6875,1,"2","2","2","2"
"94","FB",0,"11",0.486,0,"4","1",0.4375,0,"1","1","1","1"
"94","FB",0,"11",0.486,0,"4","1",0.4375,0,"1","1","1","1"
"94","FB",0,"11",0.486,0,"4","1",0.4375,0,"1","1","1","1"
"94","FB",0,"11",0.486,0,"4","1",0.4375,0,"1","1","1","1"
"94","FB",0,"11",0.486,0,"4","1",0.4375,0,"1","1","1","1"
"94","FB",0,"11",0.486,0,"4","1",0.4375,0,"1","1","1","1"
"94","FB",0,"11",0.486,0,"4","1",0.4375,0,"1","1","1","1"
"94","FB",0,"11",0.486,0,"4","1",0.4375,0,"1","1","1","1"
"94","FB",0,"11",0.486,0,"4","1",0.4375,0,"1","1","1","1"
"94","FB",1,"11",0.486,0,"4","1",0.4375,0,"1","1","1","1"
"94","FB",1,"11",0.486,0,"4","1",0.4375,0,"1","1","1","1"
"94","FB",1,"11",0.486,0,"4","1",0.4375,0,"1","1","1","1"
"94","FB",1,"11",0.486,0,"4","1",0.4375,0,"1","1","1","1"
"94","FB",1,"11",0.486,0,"4","1",0.4375,0,"1","1","1","1"
"94","FB",1,"11",0.486,0,"4","1",0.4375,0,"1","1","1","1"
"94","FB",1,"11",0.486,0,"4","1",0.4375,0,"1","1","1","1"
"94","LR",0,"11",0.486,0,"4","1",0.4375,0,"1","1","1","1"
"94","LR",0,"11",0.486,0,"4","1",0.4375,0,"1","1","1","1"
"94","LR",0,"11",0.486,0,"4","1",0.4375,0,"1","1","1","1"
"94","LR",0,"11",0.486,0,"4","1",0.4375,0,"1","1","1","1"
"94","LR",0,"11",0.486,0,"4","1",0.4375,0,"1","1","1","1"
"94","LR",0,"11",0.486,0,"4","1",0.4375,0,"1","1","1","1"
"94","LR",0,"11",0.486,0,"4","1",0.4375,0,"1","1","1","1"
"94","LR",0,"11",0.486,0,"4","1",0.4375,0,"1","1","1","1"
"94","LR",0,"11",0.486,0,"4","1",0.4375,0,"1","1","1","1"
"94","LR",0,"11",0.486,0,"4","1",0.4375,0,"1","1","1","1"
"94","LR",0,"11",0.486,0,"4","1",0.4375,0,"1","1","1","1"
"94","LR",0,"11",0.486,0,"4","1",0.4375,0,"1","1","1","1"
"94","LR",0,"11",0.486,0,"4","1",0.4375,0,"1","1","1","1"
"94","LR",0,"11",0.486,0,"4","1",0.4375,0,"1","1","1","1"
"94","LR",0,"11",0.486,0,"4","1",0.4375,0,"1","1","1","1"
"94","LR",0,"11",0.486,0,"4","1",0.4375,0,"1","1","1","1"
"95","FB",0,"11",0.419,0,"4","1",0.4375,0,"1","1","1","1"
"95","FB",0,"11",0.419,0,"4","1",0.4375,0,"1","1","1","1"
"95","FB",0,"11",0.419,0,"4","1",0.4375,0,"1","1","1","1"
"95","FB",0,"11",0.419,0,"4","1",0.4375,0,"1","1","1","1"
"95","FB",0,"11",0.419,0,"4","1",0.4375,0,"1","1","1","1"
"95","FB",0,"11",0.419,0,"4","1",0.4375,0,"1","1","1","1"
"95","FB",0,"11",0.419,0,"4","1",0.4375,0,"1","1","1","1"
"95","FB",0,"11",0.419,0,"4","1",0.4375,0,"1","1","1","1"
"95","FB",0,"11",0.419,0,"4","1",0.4375,0,"1","1","1","1"
"95","FB",1,"11",0.419,0,"4","1",0.4375,0,"1","1","1","1"
"95","FB",1,"11",0.419,0,"4","1",0.4375,0,"1","1","1","1"
"95","FB",1,"11",0.419,0,"4","1",0.4375,0,"1","1","1","1"
"95","FB",1,"11",0.419,0,"4","1",0.4375,0,"1","1","1","1"
"95","FB",1,"11",0.419,0,"4","1",0.4375,0,"1","1","1","1"
"95","FB",1,"11",0.419,0,"4","1",0.4375,0,"1","1","1","1"
"95","FB",1,"11",0.419,0,"4","1",0.4375,0,"1","1","1","1"
"95","LR",0,"11",0.419,0,"4","1",0.4375,0,"1","1","1","1"
"95","LR",0,"11",0.419,0,"4","1",0.4375,0,"1","1","1","1"
"95","LR",0,"11",0.419,0,"4","1",0.4375,0,"1","1","1","1"
"95","LR",0,"11",0.419,0,"4","1",0.4375,0,"1","1","1","1"
"95","LR",0,"11",0.419,0,"4","1",0.4375,0,"1","1","1","1"
"95","LR",0,"11",0.419,0,"4","1",0.4375,0,"1","1","1","1"
"95","LR",0,"11",0.419,0,"4","1",0.4375,0,"1","1","1","1"
"95","LR",0,"11",0.419,0,"4","1",0.4375,0,"1","1","1","1"
"95","LR",0,"11",0.419,0,"4","1",0.4375,0,"1","1","1","1"
"95","LR",0,"11",0.419,0,"4","1",0.4375,0,"1","1","1","1"
"95","LR",0,"11",0.419,0,"4","1",0.4375,0,"1","1","1","1"
"95","LR",0,"11",0.419,0,"4","1",0.4375,0,"1","1","1","1"
"95","LR",0,"11",0.419,0,"4","1",0.4375,0,"1","1","1","1"
"95","LR",0,"11",0.419,0,"4","1",0.4375,0,"1","1","1","1"
"95","LR",0,"11",0.419,0,"4","1",0.4375,0,"1","1","1","1"
"95","LR",0,"11",0.419,0,"4","1",0.4375,0,"1","1","1","1"
"96","FB",0,"15",0.49,1,"1","4",0.625,1,"2","2","2","2"
"96","FB",0,"15",0.49,1,"1","4",0.625,1,"2","2","2","2"
"96","FB",0,"15",0.49,1,"1","4",0.625,1,"2","2","2","2"
"96","FB",0,"15",0.49,1,"1","4",0.625,1,"2","2","2","2"
"96","FB",0,"15",0.49,1,"1","4",0.625,1,"2","2","2","2"
"96","FB",0,"15",0.49,1,"1","4",0.625,1,"2","2","2","2"
"96","FB",1,"15",0.49,1,"1","4",0.625,1,"2","2","2","2"
"96","FB",1,"15",0.49,1,"1","4",0.625,1,"2","2","2","2"
"96","FB",1,"15",0.49,1,"1","4",0.625,1,"2","2","2","2"
"96","FB",1,"15",0.49,1,"1","4",0.625,1,"2","2","2","2"
"96","FB",1,"15",0.49,1,"1","4",0.625,1,"2","2","2","2"
"96","FB",1,"15",0.49,1,"1","4",0.625,1,"2","2","2","2"
"96","FB",1,"15",0.49,1,"1","4",0.625,1,"2","2","2","2"
"96","FB",1,"15",0.49,1,"1","4",0.625,1,"2","2","2","2"
"96","FB",1,"15",0.49,1,"1","4",0.625,1,"2","2","2","2"
"96","FB",1,"15",0.49,1,"1","4",0.625,1,"2","2","2","2"
"96","LR",1,"15",0.49,1,"1","4",0.625,1,"2","2","2","2"
"96","LR",1,"15",0.49,1,"1","4",0.625,1,"2","2","2","2"
"96","LR",1,"15",0.49,1,"1","4",0.625,1,"2","2","2","2"
"96","LR",1,"15",0.49,1,"1","4",0.625,1,"2","2","2","2"
"96","LR",1,"15",0.49,1,"1","4",0.625,1,"2","2","2","2"
"96","LR",1,"15",0.49,1,"1","4",0.625,1,"2","2","2","2"
"96","LR",1,"15",0.49,1,"1","4",0.625,1,"2","2","2","2"
"96","LR",1,"15",0.49,1,"1","4",0.625,1,"2","2","2","2"
"96","LR",1,"15",0.49,1,"1","4",0.625,1,"2","2","2","2"
"96","LR",1,"15",0.49,1,"1","4",0.625,1,"2","2","2","2"
"96","LR",1,"15",0.49,1,"1","4",0.625,1,"2","2","2","2"
"96","LR",1,"15",0.49,1,"1","4",0.625,1,"2","2","2","2"
"96","LR",1,"15",0.49,1,"1","4",0.625,1,"2","2","2","2"
"96","LR",1,"15",0.49,1,"1","4",0.625,1,"2","2","2","2"
"96","LR",1,"15",0.49,1,"1","4",0.625,1,"2","2","2","2"
"96","LR",1,"15",0.49,1,"1","4",0.625,1,"2","2","2","2"
"97","FB",0,"15",0.545,1,"1","4",0.5625,1,"2","2","2","2"
"97","FB",0,"15",0.545,1,"1","4",0.5625,1,"2","2","2","2"
"97","FB",0,"15",0.545,1,"1","4",0.5625,1,"2","2","2","2"
"97","FB",0,"15",0.545,1,"1","4",0.5625,1,"2","2","2","2"
"97","FB",0,"15",0.545,1,"1","4",0.5625,1,"2","2","2","2"
"97","FB",0,"15",0.545,1,"1","4",0.5625,1,"2","2","2","2"
"97","FB",0,"15",0.545,1,"1","4",0.5625,1,"2","2","2","2"
"97","FB",1,"15",0.545,1,"1","4",0.5625,1,"2","2","2","2"
"97","FB",1,"15",0.545,1,"1","4",0.5625,1,"2","2","2","2"
"97","FB",1,"15",0.545,1,"1","4",0.5625,1,"2","2","2","2"
"97","FB",1,"15",0.545,1,"1","4",0.5625,1,"2","2","2","2"
"97","FB",1,"15",0.545,1,"1","4",0.5625,1,"2","2","2","2"
"97","FB",1,"15",0.545,1,"1","4",0.5625,1,"2","2","2","2"
"97","FB",1,"15",0.545,1,"1","4",0.5625,1,"2","2","2","2"
"97","FB",1,"15",0.545,1,"1","4",0.5625,1,"2","2","2","2"
"97","FB",1,"15",0.545,1,"1","4",0.5625,1,"2","2","2","2"
"97","LR",1,"15",0.545,1,"1","4",0.5625,1,"2","2","2","2"
"97","LR",1,"15",0.545,1,"1","4",0.5625,1,"2","2","2","2"
"97","LR",1,"15",0.545,1,"1","4",0.5625,1,"2","2","2","2"
"97","LR",1,"15",0.545,1,"1","4",0.5625,1,"2","2","2","2"
"97","LR",1,"15",0.545,1,"1","4",0.5625,1,"2","2","2","2"
"97","LR",1,"15",0.545,1,"1","4",0.5625,1,"2","2","2","2"
"97","LR",1,"15",0.545,1,"1","4",0.5625,1,"2","2","2","2"
"97","LR",1,"15",0.545,1,"1","4",0.5625,1,"2","2","2","2"
"97","LR",1,"15",0.545,1,"1","4",0.5625,1,"2","2","2","2"
"97","LR",1,"15",0.545,1,"1","4",0.5625,1,"2","2","2","2"
"97","LR",1,"15",0.545,1,"1","4",0.5625,1,"2","2","2","2"
"97","LR",1,"15",0.545,1,"1","4",0.5625,1,"2","2","2","2"
"97","LR",1,"15",0.545,1,"1","4",0.5625,1,"2","2","2","2"
"97","LR",1,"15",0.545,1,"1","4",0.5625,1,"2","2","2","2"
"97","LR",1,"15",0.545,1,"1","4",0.5625,1,"2","2","2","2"
"97","LR",1,"15",0.545,1,"1","4",0.5625,1,"2","2","2","2"
"98","FB",0,"23",0.008,0.505,"3","2",0,0.3125,"5","4","4","4"
"98","FB",0,"23",0.008,0.505,"3","2",0,0.3125,"5","4","4","4"
"98","FB",0,"23",0.008,0.505,"3","2",0,0.3125,"5","4","4","4"
"98","FB",0,"23",0.008,0.505,"3","2",0,0.3125,"5","4","4","4"
"98","FB",0,"23",0.008,0.505,"3","2",0,0.3125,"5","4","4","4"
"98","FB",0,"23",0.008,0.505,"3","2",0,0.3125,"5","4","4","4"
"98","FB",0,"23",0.008,0.505,"3","2",0,0.3125,"5","4","4","4"
"98","FB",0,"23",0.008,0.505,"3","2",0,0.3125,"5","4","4","4"
"98","FB",0,"23",0.008,0.505,"3","2",0,0.3125,"5","4","4","4"
"98","FB",0,"23",0.008,0.505,"3","2",0,0.3125,"5","4","4","4"
"98","FB",0,"23",0.008,0.505,"3","2",0,0.3125,"5","4","4","4"
"98","FB",0,"23",0.008,0.505,"3","2",0,0.3125,"5","4","4","4"
"98","FB",0,"23",0.008,0.505,"3","2",0,0.3125,"5","4","4","4"
"98","FB",0,"23",0.008,0.505,"3","2",0,0.3125,"5","4","4","4"
"98","FB",0,"23",0.008,0.505,"3","2",0,0.3125,"5","4","4","4"
"98","FB",0,"23",0.008,0.505,"3","2",0,0.3125,"5","4","4","4"
"98","LR",0,"23",0.008,0.505,"3","2",0,0.3125,"5","4","4","4"
"98","LR",0,"23",0.008,0.505,"3","2",0,0.3125,"5","4","4","4"
"98","LR",0,"23",0.008,0.505,"3","2",0,0.3125,"5","4","4","4"
"98","LR",0,"23",0.008,0.505,"3","2",0,0.3125,"5","4","4","4"
"98","LR",0,"23",0.008,0.505,"3","2",0,0.3125,"5","4","4","4"
"98","LR",0,"23",0.008,0.505,"3","2",0,0.3125,"5","4","4","4"
"98","LR",0,"23",0.008,0.505,"3","2",0,0.3125,"5","4","4","4"
"98","LR",0,"23",0.008,0.505,"3","2",0,0.3125,"5","4","4","4"
"98","LR",0,"23",0.008,0.505,"3","2",0,0.3125,"5","4","4","4"
"98","LR",0,"23",0.008,0.505,"3","2",0,0.3125,"5","4","4","4"
"98","LR",0,"23",0.008,0.505,"3","2",0,0.3125,"5","4","4","4"
"98","LR",1,"23",0.008,0.505,"3","2",0,0.3125,"5","4","4","4"
"98","LR",1,"23",0.008,0.505,"3","2",0,0.3125,"5","4","4","4"
"98","LR",1,"23",0.008,0.505,"3","2",0,0.3125,"5","4","4","4"
"98","LR",1,"23",0.008,0.505,"3","2",0,0.3125,"5","4","4","4"
"98","LR",1,"23",0.008,0.505,"3","2",0,0.3125,"5","4","4","4"
"99","FB",0,"23",0,0.512,"3","2",0,0.5,"5","4","4","4"
"99","FB",0,"23",0,0.512,"3","2",0,0.5,"5","4","4","4"
"99","FB",0,"23",0,0.512,"3","2",0,0.5,"5","4","4","4"
"99","FB",0,"23",0,0.512,"3","2",0,0.5,"5","4","4","4"
"99","FB",0,"23",0,0.512,"3","2",0,0.5,"5","4","4","4"
"99","FB",0,"23",0,0.512,"3","2",0,0.5,"5","4","4","4"
"99","FB",0,"23",0,0.512,"3","2",0,0.5,"5","4","4","4"
"99","FB",0,"23",0,0.512,"3","2",0,0.5,"5","4","4","4"
"99","FB",0,"23",0,0.512,"3","2",0,0.5,"5","4","4","4"
"99","FB",0,"23",0,0.512,"3","2",0,0.5,"5","4","4","4"
"99","FB",0,"23",0,0.512,"3","2",0,0.5,"5","4","4","4"
"99","FB",0,"23",0,0.512,"3","2",0,0.5,"5","4","4","4"
"99","FB",0,"23",0,0.512,"3","2",0,0.5,"5","4","4","4"
"99","FB",0,"23",0,0.512,"3","2",0,0.5,"5","4","4","4"
"99","FB",0,"23",0,0.512,"3","2",0,0.5,"5","4","4","4"
"99","FB",0,"23",0,0.512,"3","2",0,0.5,"5","4","4","4"
"99","LR",0,"23",0,0.512,"3","2",0,0.5,"5","4","4","4"
"99","LR",0,"23",0,0.512,"3","2",0,0.5,"5","4","4","4"
"99","LR",0,"23",0,0.512,"3","2",0,0.5,"5","4","4","4"
"99","LR",0,"23",0,0.512,"3","2",0,0.5,"5","4","4","4"
"99","LR",0,"23",0,0.512,"3","2",0,0.5,"5","4","4","4"
"99","LR",0,"23",0,0.512,"3","2",0,0.5,"5","4","4","4"
"99","LR",0,"23",0,0.512,"3","2",0,0.5,"5","4","4","4"
"99","LR",0,"23",0,0.512,"3","2",0,0.5,"5","4","4","4"
"99","LR",1,"23",0,0.512,"3","2",0,0.5,"5","4","4","4"
"99","LR",1,"23",0,0.512,"3","2",0,0.5,"5","4","4","4"
"99","LR",1,"23",0,0.512,"3","2",0,0.5,"5","4","4","4"
"99","LR",1,"23",0,0.512,"3","2",0,0.5,"5","4","4","4"
"99","LR",1,"23",0,0.512,"3","2",0,0.5,"5","4","4","4"
"99","LR",1,"23",0,0.512,"3","2",0,0.5,"5","4","4","4"
"99","LR",1,"23",0,0.512,"3","2",0,0.5,"5","4","4","4"
"99","LR",1,"23",0,0.512,"3","2",0,0.5,"5","4","4","4"
"100","FB",0,"11",0.507,0.086,"4","1",0.5,0,"1","1","1","1"
"100","FB",0,"11",0.507,0.086,"4","1",0.5,0,"1","1","1","1"
"100","FB",0,"11",0.507,0.086,"4","1",0.5,0,"1","1","1","1"
"100","FB",0,"11",0.507,0.086,"4","1",0.5,0,"1","1","1","1"
"100","FB",0,"11",0.507,0.086,"4","1",0.5,0,"1","1","1","1"
"100","FB",0,"11",0.507,0.086,"4","1",0.5,0,"1","1","1","1"
"100","FB",0,"11",0.507,0.086,"4","1",0.5,0,"1","1","1","1"
"100","FB",0,"11",0.507,0.086,"4","1",0.5,0,"1","1","1","1"
"100","FB",1,"11",0.507,0.086,"4","1",0.5,0,"1","1","1","1"
"100","FB",1,"11",0.507,0.086,"4","1",0.5,0,"1","1","1","1"
"100","FB",1,"11",0.507,0.086,"4","1",0.5,0,"1","1","1","1"
"100","FB",1,"11",0.507,0.086,"4","1",0.5,0,"1","1","1","1"
"100","FB",1,"11",0.507,0.086,"4","1",0.5,0,"1","1","1","1"
"100","FB",1,"11",0.507,0.086,"4","1",0.5,0,"1","1","1","1"
"100","FB",1,"11",0.507,0.086,"4","1",0.5,0,"1","1","1","1"
"100","FB",1,"11",0.507,0.086,"4","1",0.5,0,"1","1","1","1"
"100","LR",0,"11",0.507,0.086,"4","1",0.5,0,"1","1","1","1"
"100","LR",0,"11",0.507,0.086,"4","1",0.5,0,"1","1","1","1"
"100","LR",0,"11",0.507,0.086,"4","1",0.5,0,"1","1","1","1"
"100","LR",0,"11",0.507,0.086,"4","1",0.5,0,"1","1","1","1"
"100","LR",0,"11",0.507,0.086,"4","1",0.5,0,"1","1","1","1"
"100","LR",0,"11",0.507,0.086,"4","1",0.5,0,"1","1","1","1"
"100","LR",0,"11",0.507,0.086,"4","1",0.5,0,"1","1","1","1"
"100","LR",0,"11",0.507,0.086,"4","1",0.5,0,"1","1","1","1"
"100","LR",0,"11",0.507,0.086,"4","1",0.5,0,"1","1","1","1"
"100","LR",0,"11",0.507,0.086,"4","1",0.5,0,"1","1","1","1"
"100","LR",0,"11",0.507,0.086,"4","1",0.5,0,"1","1","1","1"
"100","LR",0,"11",0.507,0.086,"4","1",0.5,0,"1","1","1","1"
"100","LR",0,"11",0.507,0.086,"4","1",0.5,0,"1","1","1","1"
"100","LR",0,"11",0.507,0.086,"4","1",0.5,0,"1","1","1","1"
"100","LR",0,"11",0.507,0.086,"4","1",0.5,0,"1","1","1","1"
"100","LR",0,"11",0.507,0.086,"4","1",0.5,0,"1","1","1","1"
